170662_1	chrY	-	20	0	0	1	20	10037852	10037871	NA	NA
170663_1	chrM	-	20	0	0	1	20	1884	1903	NA	NA
170664_1	chr21	-	20	0	0	1	20	47404128	47404109	NA	NA
170665_1	chr19	-	20	0	0	1	20	436372	436353	NA	NA
170666_6	chr16	-	20	0	0	1	20	47538727	47538746	NA	NA
170667_1	chrE	-	20	0	0	1	20	4816	4835	NA	NA
170668_1	chr19	-	20	0	0	1	20	30433460	30433479	NA	NA
170669_1	chr16	-	20	0	0	1	20	33964090	33964109	NA	NA
170670_1	chr3	-	20	0	0	1	20	175164034	175164053	NA	NA
170671_1	chr18	-	20	0	0	1	20	77160445	77160464	NA	NA
170672_1	chr15	-	20	0	0	1	20	74022282	74022263	NA	NA
170673_1	chrE	-	20	0	0	1	20	3821	3840	NA	NA
170674_1	chr10	-	20	0	0	1	20	128593720	128593739	NA	NA
170675_1	chr1	-	20	0	0	1	20	150204195	150204176	NA	NA
170676_1	chrX	-	20	0	0	1	20	74376083	74376064	NA	NA
170677_1	chrE	-	20	0	0	1	20	1069	1088	NA	NA
170678_1	chr3	-	20	0	0	1	20	196626910	196626929	NA	NA
170679_1	chrE	-	20	0	0	1	20	3506	3525	NA	NA
170680_1	chr17	-	20	0	0	1	20	33478263	33478244	NA	NA
170681_1	chr15	-	20	0	0	1	20	52311807	52311788	NA	NA
170682_1	chrE	-	20	0	0	1	20	3345	3364	NA	NA
170683_42	chr12	-	20	0	0	1	20	33049885	33049904	NA	NA
170684_1	chr3	-	20	0	0	1	20	73799363	73799382	NA	NA
170685_1	chrE	-	20	0	0	1	20	5109	5128	NA	NA
170686_1	chr2	-	20	0	0	1	20	236209755	236209736	NA	NA
170687_4	chr16	-	20	0	0	1	20	47538730	47538749	NA	NA
170688_1	chr3	-	20	0	0	1	20	49049645	49049664	NA	NA
170689_2	chrY	-	20	0	0	1	20	10037853	10037872	NA	NA
170690_1	chr1	-	20	0	0	1	20	161789429	161789448	NA	NA
170691_2	chrE	-	20	0	0	1	20	1790	1809	NA	NA
170692_1	chr2	-	20	0	0	1	20	170624788	170624769	NA	NA
170693_1	chr17	-	20	0	0	1	20	33478261	33478242	NA	NA
170694_1	chr3	-	20	0	0	1	20	193796813	193796794	NA	NA
170695_1	chr8	-	20	0	0	1	20	74234964	74234983	NA	NA
170696_1	chr14	-	20	0	0	1	20	21860079	21860060	NA	NA
170697_2	chr2	-	20	0	0	1	20	71565818	71565799	NA	NA
170698_1	chrE	-	20	0	0	1	20	2972	2991	NA	NA
170699_1	chr17	-	20	0	0	1	20	33478264	33478245	NA	NA
170700_1	chrE	-	20	0	0	1	20	5020	5039	NA	NA
170701_3	chr3	-	20	0	0	1	20	193788654	193788673	NA	NA
170702_6	chr9	-	20	0	0	1	20	79186677	79186696	NA	NA
170703_8	chrX	-	20	0	0	1	20	108297809	108297828	NA	NA
170704_1	chr3	-	20	0	0	1	20	184100945	184100964	NA	NA
170705_1	chr1	-	20	0	0	1	20	860559	860540	NA	NA
170706_1	chrE	-	20	0	0	1	20	3313	3332	NA	NA
170707_1	chrE	-	20	0	0	1	20	760	779	NA	NA
170708_1	chr11	-	20	0	0	1	20	15136522	15136541	NA	NA
170709_2	chr5	-	20	0	0	1	20	71146892	71146911	NA	NA
170710_1	chr2	-	20	0	0	1	20	133012054	133012035	NA	NA
170711_1	chr21	-	20	0	0	1	20	23068054	23068035	NA	NA
170712_1	chrE	-	20	0	0	1	20	923	942	NA	NA
170713_1	chr9	-	20	0	0	1	20	135554390	135554409	NA	NA
170714_1	chrE	-	20	0	0	1	20	3822	3841	NA	NA
170715_1	chrE	-	20	0	0	1	20	3584	3603	NA	NA
170716_1	chr11	-	20	0	0	1	20	1105728	1105747	NA	NA
170717_1	chr16	-	20	0	0	1	20	840191	840210	NA	NA
170718_1	chrE	-	20	0	0	1	20	2635	2654	NA	NA
170719_1	chrE	-	20	0	0	1	20	7080	7099	NA	NA
170720_1	chrE	-	20	0	0	1	20	5452	5471	NA	NA
170721_1	chr9	-	20	0	0	1	20	139366548	139366529	NA	NA
170722_1	chr1	-	20	0	0	1	20	27895053	27895072	NA	NA
170723_1	chr19	-	20	0	0	1	20	41211339	41211320	NA	NA
170724_1	chr22	-	20	0	0	1	20	43312544	43312563	NA	NA
170725_2	chr22	-	20	0	0	1	20	43011326	43011345	NA	NA
170726_1	chr1	-	20	0	0	1	20	223981075	223981056	NA	NA
170727_1	chrE	-	20	0	0	1	20	1573	1592	NA	NA
170728_1	chr6	-	20	0	0	1	20	146017221	146017202	NA	NA
170729_1	chrY	-	20	0	0	1	20	10037858	10037877	NA	NA
170730_1	chr14	-	20	0	0	1	20	99739797	99739816	NA	NA
170731_1	chr11	-	20	0	0	1	20	18422406	18422425	NA	NA
170732_1	chrE	-	20	0	0	1	20	2399	2418	NA	NA
170733_1	chr21	-	20	0	0	1	20	9827166	9827185	NA	NA
170734_1	chr7	-	20	0	0	1	20	56774225	56774244	NA	NA
170735_2	chr5	-	20	0	0	1	20	135468051	135468032	NA	NA
170736_1	chrE	-	20	0	0	1	20	5879	5898	NA	NA
170737_1	chr2	-	20	0	0	1	20	61752450	61752431	NA	NA
170738_1	chr6	-	20	0	0	1	20	28626039	28626020	NA	NA
170739_1	chrE	-	20	0	0	1	20	7035	7054	NA	NA
170740_1	chrE	-	20	0	0	1	20	1406	1425	NA	NA
170741_1	chr20	-	20	0	0	1	20	13201638	13201657	NA	NA
170742_1	chrX	-	20	0	0	1	20	100662815	100662796	NA	NA
170743_1	chr7	-	20	0	0	1	20	98988664	98988683	NA	NA
170744_1	chr5	-	20	0	0	1	20	82850783	82850802	NA	NA
170745_1	chr1	-	20	0	0	1	20	1335065	1335084	NA	NA
170746_1	chr6	-	20	0	0	1	20	33256838	33256819	NA	NA
170747_1	chrE	-	20	0	0	1	20	1722	1741	NA	NA
170748_1	chrE	-	20	0	0	1	20	2375	2394	NA	NA
170749_1	chrE	-	20	0	0	1	20	6259	6278	NA	NA
170750_1	chrE	-	20	0	0	1	20	3074	3093	NA	NA
170751_4	chr2	-	20	0	0	1	20	71565814	71565795	NA	NA
170752_1	chr5	-	20	0	0	1	20	1136135	1136116	NA	NA
170753_2	chr1	-	20	0	0	1	20	39325456	39325437	NA	NA
170754_1	chr1	-	20	0	0	1	20	154573752	154573733	NA	NA
170755_1	chr11	-	20	0	0	1	20	100999059	100999040	NA	NA
170756_1	chrE	-	20	0	0	1	20	5072	5091	NA	NA
170757_1	chrE	-	20	0	0	1	20	6444	6463	NA	NA
170758_1	chrE	-	20	0	0	1	20	2135	2154	NA	NA
170759_1	chrE	-	20	0	0	1	20	5516	5535	NA	NA
170760_1	chrE	-	20	0	0	1	20	649	668	NA	NA
170761_1	chrE	-	20	0	0	1	20	3069	3088	NA	NA
170762_7	chrX	-	20	0	0	1	20	108297808	108297827	NA	NA
170763_1	chrE	-	20	0	0	1	20	5313	5332	NA	NA
170764_1	chr1	-	20	0	0	1	20	156288788	156288769	NA	NA
170765_2	chr16	-	20	0	0	1	20	33963347	33963366	NA	NA
170766_1	chr17	-	20	0	0	1	20	7145626	7145607	NA	NA
170767_1	chrE	-	20	0	0	1	20	3392	3411	NA	NA
170768_1	chr8	-	20	0	0	1	20	8751059	8751040	NA	NA
170769_2	chr8	-	20	0	0	1	20	80680614	80680633	NA	NA
170770_1	chr12	-	20	0	0	1	20	127650654	127650635	NA	NA
170771_2	chr2	-	20	0	0	1	20	230045583	230045564	NA	NA
170772_1	chr5	-	20	0	0	1	20	50081214	50081233	NA	NA
170773_1	chr1	-	20	0	0	1	20	35247486	35247505	NA	NA
170774_4	chr5	-	20	0	0	1	20	488387	488406	NA	NA
170775_1	chr12	-	20	0	0	1	20	127650517	127650498	NA	NA
170776_1	chr17	-	20	0	0	1	20	46154394	46154375	NA	NA
170777_1	chr17	-	20	0	0	1	20	58590814	58590833	NA	NA
170778_1	chr6	-	20	0	0	1	20	170491646	170491665	NA	NA
170779_1	chr17	-	20	0	0	1	20	27425200	27425181	NA	NA
170780_1	chr1	-	20	0	0	1	20	91852839	91852820	NA	NA
170781_1	chr17	-	20	0	0	1	20	8649435	8649416	NA	NA
170782_1	chr12	-	20	0	0	1	20	124908118	124908099	NA	NA
170783_1	chr12	-	20	0	0	1	20	1890143	1890162	NA	NA
170784_1	chr4	-	20	0	0	1	20	183778192	183778173	NA	NA
170785_1	chr14	-	20	0	0	1	20	92608584	92608603	NA	NA
170786_1	chr2	-	20	0	0	1	20	188419006	188418987	NA	NA
170787_1	chrE	-	20	0	0	1	20	2997	3016	NA	NA
170788_1	chr21	-	20	0	0	1	20	9827179	9827198	NA	NA
170789_1	chr2	-	20	0	0	1	20	220115947	220115928	NA	NA
170790_1	chr19	-	20	0	0	1	20	1625420	1625439	NA	NA
170791_1	chrE	-	20	0	0	1	20	7040	7059	NA	NA
170792_1	chrE	-	20	0	0	1	20	630	649	NA	NA
170793_2	chrE	-	20	0	0	1	20	2353	2372	NA	NA
170794_1	chrE	-	20	0	0	1	20	5322	5341	NA	NA
170795_1	chr17	-	20	0	0	1	20	61841410	61841391	NA	NA
170796_1	chr13	-	20	0	0	1	20	102343019	102343000	NA	NA
170797_1	chr12	-	20	0	0	1	20	15627651	15627670	NA	NA
170798_1	chr1	-	20	0	0	1	20	166313298	166313317	NA	NA
170799_3	chr19	-	20	0	0	1	20	54158341	54158322	NA	NA
170800_1	chrE	-	20	0	0	1	20	627	646	NA	NA
170801_1	chrE	-	20	0	0	1	20	4665	4684	NA	NA
170802_1	chr3	-	20	0	0	1	20	187872100	187872119	NA	NA
170803_1	chr16	-	20	0	0	1	20	33963341	33963360	NA	NA
170804_1	chr12	-	20	0	0	1	20	132625902	132625883	NA	NA
170805_1	chr17	-	20	0	0	1	20	8649433	8649414	NA	NA
170806_1	chr21	-	20	0	0	1	20	38525395	38525414	NA	NA
170807_1	chrE	-	20	0	0	1	20	593	612	NA	NA
170808_1	chr7	-	20	0	0	1	20	101590716	101590697	NA	NA
170809_1	chr5	-	20	0	0	1	20	134117682	134117701	NA	NA
170810_1	chr5	-	20	0	0	1	20	18843723	18843704	NA	NA
170811_1	chr12	-	20	0	0	1	20	95888842	95888861	NA	NA
170812_1	chr9	-	20	0	0	1	20	135932154	135932173	NA	NA
170813_1	chrE	-	20	0	0	1	20	1798	1817	NA	NA
170814_1	chr6	-	20	0	0	1	20	26250448	26250429	NA	NA
170815_1	chrE	-	20	0	0	1	20	1777	1796	NA	NA
170816_1	chr5	-	20	0	0	1	20	71146746	71146765	NA	NA
170817_1	chr8	-	20	0	0	1	20	21455985	21456004	NA	NA
170818_1	chrE	-	20	0	0	1	20	2652	2671	NA	NA
170819_1	chr9	-	20	0	0	1	20	79186851	79186870	NA	NA
170820_1	chr14	-	20	0	0	1	20	21681192	21681173	NA	NA
170821_1	chr6	-	20	0	0	1	20	41554792	41554811	NA	NA
170822_1	chr5	-	20	0	0	1	20	106666992	106667011	NA	NA
170823_1	chr9	-	20	0	0	1	20	131394489	131394508	NA	NA
170824_1	chr1	-	20	0	0	1	20	179887175	179887194	NA	NA
170825_1	chr4	-	20	0	0	1	20	70296631	70296612	NA	NA
170826_1	chrX	-	20	0	0	1	20	53223640	53223621	NA	NA
170827_1	chrE	-	20	0	0	1	20	4441	4460	NA	NA
170828_1	chrM	-	20	0	0	1	20	752	771	NA	NA
170829_1	chrE	-	20	0	0	1	20	1282	1301	NA	NA
170830_1	chr1	-	20	0	0	1	20	73737805	73737824	NA	NA
170831_1	chr5	-	20	0	0	1	20	71146913	71146932	NA	NA
170832_1	chr11	-	20	0	0	1	20	63580807	63580826	NA	NA
170833_1	chr9	-	20	0	0	1	20	79186852	79186871	NA	NA
170834_1	chr15	-	20	0	0	1	20	69423274	69423255	NA	NA
170835_1	chr20	-	20	0	0	1	20	2641614	2641595	NA	NA
170836_1	chr8	-	20	0	0	1	20	25898428	25898409	NA	NA
170837_1	chr22	-	20	0	0	1	20	26423407	26423426	NA	NA
170838_1	chrE	-	20	0	0	1	20	2833	2852	NA	NA
170839_1	chrE	-	20	0	0	1	20	673	692	NA	NA
170840_16	chr16	-	20	0	0	1	20	47538728	47538747	NA	NA
170841_1	chr14	-	20	0	0	1	20	64038311	64038292	NA	NA
170842_1	chrE	-	20	0	0	1	20	3833	3852	NA	NA
170843_5	chr19	-	20	0	0	1	20	24185250	24185231	NA	NA
170844_1	chr2	-	20	0	0	1	20	133010744	133010725	NA	NA
170845_1	chr21	-	20	0	0	1	20	9827207	9827226	NA	NA
170846_1	chrE	-	20	0	0	1	20	5797	5816	NA	NA
170847_1	chr16	-	20	0	0	1	20	28596999	28596980	NA	NA
170848_1	chr12	-	20	0	0	1	20	121559068	121559049	NA	NA
170849_1	chrE	-	20	0	0	1	20	1778	1797	NA	NA
170850_1	chrE	-	20	0	0	1	20	6207	6226	NA	NA
170851_1	chr11	-	20	0	0	1	20	123122923	123122942	NA	NA
170852_1	chr15	-	20	0	0	1	20	31283867	31283848	NA	NA
170853_1	chrE	-	20	0	0	1	20	617	636	NA	NA
170854_1	chr6	-	20	0	0	1	20	26032227	26032208	NA	NA
170855_1	chr6	-	20	0	0	1	20	127440596	127440615	NA	NA
170856_22	chr21	-	20	0	0	1	20	9827210	9827229	NA	NA
170857_1	chr15	-	20	0	0	1	20	29997928	29997909	NA	NA
170858_1	chr12	-	20	0	0	1	20	127650914	127650895	NA	NA
170859_1	chr10	-	20	0	0	1	20	102289163	102289144	NA	NA
170860_1	chr3	-	20	0	0	1	20	31679433	31679414	NA	NA
170861_1	chr5	-	20	0	0	1	20	107007727	107007708	NA	NA
170862_1	chrX	-	20	0	0	1	20	4852117	4852098	NA	NA
170863_1	chr12	-	20	0	0	1	20	133287410	133287429	NA	NA
170864_1	chr6	-	20	0	0	1	20	38029483	38029502	NA	NA
170865_1	chr9	-	20	0	0	1	20	133962952	133962933	NA	NA
170866_1	chr3	-	20	0	0	1	20	54156432	54156413	NA	NA
170867_3	chr17	-	20	0	0	1	20	33478294	33478275	NA	NA
170868_2	chr19	-	20	0	0	1	20	18420701	18420720	NA	NA
170869_1	chr19	-	20	0	0	1	20	17356330	17356349	NA	NA
170870_1	chrE	-	20	0	0	1	20	897	916	NA	NA
170871_1	chrE	-	20	0	0	1	20	3310	3329	NA	NA
170872_1	chrX	-	20	0	0	1	20	108297661	108297680	NA	NA
170873_1	chr14	-	20	0	0	1	20	79324527	79324508	NA	NA
170874_1	chrE	-	20	0	0	1	20	816	835	NA	NA
170875_1	chr19	-	20	0	0	1	20	14628774	14628793	NA	NA
170876_1	chr11	-	20	0	0	1	20	65319488	65319469	NA	NA
170877_1	chrX	-	20	0	0	1	20	129149011	129149030	NA	NA
170878_1	chr15	-	20	0	0	1	20	20175840	20175821	NA	NA
170879_1	chr8	-	20	0	0	1	20	9413481	9413500	NA	NA
170880_1	chrE	-	20	0	0	1	20	2176	2195	NA	NA
170881_1	chrX	-	20	0	0	1	20	108297807	108297826	NA	NA
170882_1	chr17	-	20	0	0	1	20	33478293	33478274	NA	NA
170883_1	chr17	-	20	0	0	1	20	48156510	48156529	NA	NA
170884_1	chr5	-	20	0	0	1	20	59248168	59248187	NA	NA
170885_1	chrE	-	20	0	0	1	20	6146	6165	NA	NA
170886_1	chr14	-	20	0	0	1	20	90863447	90863466	NA	NA
170887_1	chr13	-	20	0	0	1	20	110839572	110839553	NA	NA
170888_1	chr11	-	20	0	0	1	20	67169368	67169349	NA	NA
170889_1	chr9	-	20	0	0	1	20	19126302	19126283	NA	NA
170890_1	chrE	-	20	0	0	1	20	6125	6144	NA	NA
170891_1	chr21	-	20	0	0	1	20	9827163	9827182	NA	NA
170892_1	chr16	-	20	0	0	1	20	28331629	28331648	NA	NA
170893_1	chr5	-	20	0	0	1	20	174220895	174220876	NA	NA
170894_1	chrE	-	20	0	0	1	20	6332	6351	NA	NA
170895_1	chr21	-	20	0	0	1	20	9827297	9827316	NA	NA
170896_1	chr11	-	20	0	0	1	20	60670246	60670227	NA	NA
170897_1	chr8	-	20	0	0	1	20	48875380	48875399	NA	NA
170898_1	chr21	-	20	0	0	1	20	9827414	9827433	NA	NA
170899_2	chr9	-	20	0	0	1	20	79186854	79186873	NA	NA
170900_1	chr15	-	20	0	0	1	20	65597110	65597129	NA	NA
170901_1	chrE	-	20	0	0	1	20	2423	2442	NA	NA
170902_1	chrE	-	20	0	0	1	20	3796	3815	NA	NA
170903_1	chrE	-	20	0	0	1	20	3267	3286	NA	NA
170904_1	chr16	-	20	0	0	1	20	59406045	59406064	NA	NA
170905_3	chr16	-	20	0	0	1	20	47538729	47538748	NA	NA
170906_1	chr22	-	20	0	0	1	20	41753354	41753373	NA	NA
170907_1	chrE	-	20	0	0	1	20	713	732	NA	NA
170908_1	chr1	-	20	0	0	1	20	23650224	23650205	NA	NA
170909_1	chrE	-	20	0	0	1	20	3000	3019	NA	NA
170910_1	chr9	-	20	0	0	1	20	35675802	35675821	NA	NA
170911_1	chrE	-	20	0	0	1	20	1984	2003	NA	NA
170912_1	chr2	-	20	0	0	1	20	216226313	216226294	NA	NA
170913_2	chr3	-	20	0	0	1	20	194407587	194407606	NA	NA
170914_1	chr4	-	20	0	0	1	20	154237062	154237081	NA	NA
170915_1	chrE	-	20	0	0	1	20	5289	5308	NA	NA
170916_2	chrM	-	20	0	0	1	20	12275	12294	NA	NA
170917_1	chrX	-	20	0	0	1	20	102931528	102931509	NA	NA
170918_1	chrX	-	20	0	0	1	20	67719046	67719027	NA	NA
170919_1	chrM	-	20	0	0	1	20	914	933	NA	NA
170920_4	chrE	-	20	0	0	1	20	4507	4526	NA	NA
170921_1	chrE	-	20	0	0	1	20	2425	2444	NA	NA
170922_1	chr19	-	20	0	0	1	20	24185475	24185456	NA	NA
170923_1	chr12	-	20	0	0	1	20	65640127	65640146	NA	NA
170924_3	chr11	-	20	0	0	1	20	78369102	78369121	NA	NA
170925_1	chrE	-	20	0	0	1	20	3626	3645	NA	NA
170926_1	chrE	-	20	0	0	1	20	3595	3614	NA	NA
170927_1	chr10	-	20	0	0	1	20	7842002	7842021	NA	NA
170928_1	chr8	-	20	0	0	1	20	56755311	56755292	NA	NA
170929_4	chr12	-	20	0	0	1	20	127650518	127650499	NA	NA
170930_1	chrE	-	20	0	0	1	20	3097	3116	NA	NA
170931_1	chr7	-	20	0	0	1	20	128475607	128475626	NA	NA
# blasting completed