170932_4	chrE	-	21	0	0	1	21	6331	6351	NA	NA
170933_1	chr11	-	21	0	0	1	21	126146089	126146109	NA	NA
170934_7	chrY	-	21	0	0	1	21	10037852	10037872	NA	NA
170935_1	chr12	-	21	0	0	1	21	50616004	50615984	NA	NA
170936_39	chr16	-	21	0	0	1	21	47538727	47538747	NA	NA
170937_2	chr3	-	21	0	0	1	21	47029382	47029362	NA	NA
170938_1	chr4	-	21	0	0	1	21	77936125	77936145	NA	NA
170939_1	chr2	-	21	0	0	1	21	10267264	10267284	NA	NA
170940_1	chr17	-	21	0	0	1	21	81037676	81037656	NA	NA
170941_1	chr5	-	21	0	0	1	21	159830278	159830258	NA	NA
170942_2	chr21	-	21	0	0	1	21	9827055	9827075	NA	NA
170943_1	chrE	-	21	0	0	1	21	3508	3528	NA	NA
170944_1	chr8	-	21	0	0	1	21	69218667	69218647	NA	NA
170945_1	chr8	-	21	0	0	1	21	91997495	91997515	NA	NA
170946_1	chr6	-	21	0	0	1	21	142725030	142725050	NA	NA
170947_1	chrE	-	21	0	0	1	21	1202	1222	NA	NA
170948_3	chr2	-	21	0	0	1	21	230045521	230045501	NA	NA
170949_1	chrE	-	21	0	0	1	21	1681	1701	NA	NA
170950_1	chrE	-	21	0	0	1	21	4389	4409	NA	NA
170951_1	chr17	-	21	0	0	1	21	33478162	33478142	NA	NA
170952_1	chr2	-	21	0	0	1	21	120438452	120438472	NA	NA
170953_1	chr21	-	21	0	0	1	21	9827174	9827194	NA	NA
170954_1	chr7	-	21	0	0	1	21	1532636	1532616	NA	NA
170955_1	chr11	-	21	0	0	1	21	7110843	7110863	NA	NA
170956_1	chr1	-	21	0	0	1	21	32503533	32503553	NA	NA
170957_1	chrE	-	21	0	0	1	21	7107	7127	NA	NA
170958_8	chr13	-	21	0	0	1	21	112758182	112758162	NA	NA
170959_1	chr19	-	21	0	0	1	21	36066644	36066664	NA	NA
170960_1	chr10	-	21	0	0	1	21	128593720	128593740	NA	NA
170961_1	chr1	-	21	0	0	1	21	173769491	173769471	NA	NA
170962_1	chrE	-	21	0	0	1	21	774	794	NA	NA
170963_1	chr5	-	21	0	0	1	21	87962807	87962827	NA	NA
170964_1	chrX	-	21	0	0	1	21	8699978	8699958	NA	NA
170965_1	chr11	-	21	0	0	1	21	108361883	108361863	NA	NA
170966_1	chr6	-	21	0	0	1	21	132271999	132271979	NA	NA
170967_1	chr4	-	21	0	0	1	21	100815541	100815521	NA	NA
170968_1	chr2	-	21	0	0	1	21	178129327	178129307	NA	NA
170969_1	chr1	-	21	0	0	1	21	53785268	53785288	NA	NA
170970_1	chrE	-	21	0	0	1	21	1875	1895	NA	NA
170971_1	chrE	-	21	0	0	1	21	3506	3526	NA	NA
170972_1	chrE	-	21	0	0	1	21	2818	2838	NA	NA
170973_1	chr5	-	21	0	0	1	21	68471232	68471252	NA	NA
170974_1	chr12	-	21	0	0	1	21	46591736	46591716	NA	NA
170975_1	chr11	-	21	0	0	1	21	747355	747335	NA	NA
170976_1	chrE	-	21	0	0	1	21	5113	5133	NA	NA
170977_1	chrE	-	21	0	0	1	21	3681	3701	NA	NA
170978_1	chr1	-	21	0	0	1	21	202702704	202702684	NA	NA
170979_1	chr13	-	21	0	0	1	21	36888468	36888448	NA	NA
170980_1	chrE	-	21	0	0	1	21	3405	3425	NA	NA
170981_1	chr16	-	21	0	0	1	21	12975023	12975043	NA	NA
170982_1	chrY	-	21	0	0	1	21	10037862	10037882	NA	NA
170983_1	chr13	-	21	0	0	1	21	22672732	22672752	NA	NA
170984_1	chr5	-	21	0	0	1	21	57751399	57751379	NA	NA
170985_2	chr16	-	21	0	0	1	21	47538730	47538750	NA	NA
170986_1	chr19	-	21	0	0	1	21	36637169	36637189	NA	NA
170987_1	chr6	-	21	0	0	1	21	6952859	6952839	NA	NA
170988_1	chr17	-	21	0	0	1	21	1579983	1579963	NA	NA
170989_1	chrE	-	21	0	0	1	21	6366	6386	NA	NA
170990_1	chrE	-	21	0	0	1	21	2859	2879	NA	NA
170991_1	chr16	-	21	0	0	1	21	33965453	33965473	NA	NA
170992_2	chr16	-	21	0	0	1	21	33963230	33963250	NA	NA
170993_1	chrE	-	21	0	0	1	21	3833	3853	NA	NA
170994_1	chr4	-	21	0	0	1	21	3514724	3514704	NA	NA
170995_1	chr9	-	21	0	0	1	21	36964660	36964680	NA	NA
170996_1	chr19	-	21	0	0	1	21	1625421	1625441	NA	NA
170997_1	chrE	-	21	0	0	1	21	3813	3833	NA	NA
170998_1	chr9	-	21	0	0	1	21	37784785	37784765	NA	NA
170999_3	chr2	-	21	0	0	1	21	133012965	133012945	NA	NA
171000_1	chrE	-	21	0	0	1	21	5604	5624	NA	NA
171001_1	chr5	-	21	0	0	1	21	140053734	140053714	NA	NA
171002_1	chrE	-	21	0	0	1	21	1700	1720	NA	NA
171003_1	chrY	-	21	0	0	1	21	10035579	10035599	NA	NA
171004_3	chr9	-	21	0	0	1	21	79186675	79186695	NA	NA
171005_1	chrE	-	21	0	0	1	21	2791	2811	NA	NA
171006_1	chr4	-	21	0	0	1	21	887721	887701	NA	NA
171007_14	chr9	-	21	0	0	1	21	79186676	79186696	NA	NA
171008_1	chrE	-	21	0	0	1	21	5324	5344	NA	NA
171009_1	chr18	-	21	0	0	1	21	12068195	12068175	NA	NA
171010_5	chr5	-	21	0	0	1	21	488386	488406	NA	NA
171011_1	chrE	-	21	0	0	1	21	3734	3754	NA	NA
171012_1	chrX	-	21	0	0	1	21	9754592	9754572	NA	NA
171013_1	chr11	-	21	0	0	1	21	8071556	8071536	NA	NA
171014_1	chr1	-	21	0	0	1	21	95369063	95369043	NA	NA
171015_1	chrE	-	21	0	0	1	21	727	747	NA	NA
171016_1	chrE	-	21	0	0	1	21	4570	4590	NA	NA
171017_1	chr19	-	21	0	0	1	21	33864769	33864789	NA	NA
171018_1	chr9	-	21	0	0	1	21	136933667	136933687	NA	NA
171019_1	chrE	-	21	0	0	1	21	1761	1781	NA	NA
171020_1	chr9	-	21	0	0	1	21	79186677	79186697	NA	NA
171021_1	chr2	-	21	0	0	1	21	99977945	99977965	NA	NA
171022_1	chr3	-	21	0	0	1	21	9974569	9974589	NA	NA
171023_1	chr5	-	21	0	0	1	21	110451619	110451599	NA	NA
171024_1	chr2	-	21	0	0	1	21	49143277	49143257	NA	NA
171025_1	chrE	-	21	0	0	1	21	6529	6549	NA	NA
171026_1	chrE	-	21	0	0	1	21	2637	2657	NA	NA
171027_1	chr2	-	21	0	0	1	21	177191577	177191597	NA	NA
171028_1	chrE	-	21	0	0	1	21	4306	4326	NA	NA
171029_3	chr21	-	21	0	0	1	21	9827300	9827320	NA	NA
171030_1	chrE	-	21	0	0	1	21	6821	6841	NA	NA
171031_1	chr9	-	21	0	0	1	21	124132655	124132675	NA	NA
171032_1	chr21	-	21	0	0	1	21	9827208	9827228	NA	NA
171033_1	chrE	-	21	0	0	1	21	2424	2444	NA	NA
171034_1	chrE	-	21	0	0	1	21	5112	5132	NA	NA
171035_1	chr8	-	21	0	0	1	21	17808124	17808144	NA	NA
171036_1	chr6	-	21	0	0	1	21	27858496	27858476	NA	NA
171037_1	chr8	-	21	0	0	1	21	8751061	8751041	NA	NA
171038_3	chr22	-	21	0	0	1	21	43011325	43011345	NA	NA
171039_1	chrE	-	21	0	0	1	21	1015	1035	NA	NA
171040_1	chrE	-	21	0	0	1	21	2190	2210	NA	NA
171041_1	chrE	-	21	0	0	1	21	6045	6065	NA	NA
171042_1	chr19	-	21	0	0	1	21	40328425	40328405	NA	NA
171043_1	chr9	-	21	0	0	1	21	14693420	14693400	NA	NA
171044_1	chrE	-	21	0	0	1	21	2080	2100	NA	NA
171045_1	chr17	-	21	0	0	1	21	76071326	76071346	NA	NA
171046_1	chrE	-	21	0	0	1	21	804	824	NA	NA
171047_1	chr15	-	21	0	0	1	21	65597095	65597115	NA	NA
171048_2	chrE	-	21	0	0	1	21	1626	1646	NA	NA
171049_1	chrE	-	21	0	0	1	21	758	778	NA	NA
171050_1	chr1	-	21	0	0	1	21	205719112	205719092	NA	NA
171051_1	chr12	-	21	0	0	1	21	6643720	6643740	NA	NA
171052_1	chrX	-	21	0	0	1	21	70468895	70468875	NA	NA
171053_1	chrE	-	21	0	0	1	21	613	633	NA	NA
171054_1	chr16	-	21	0	0	1	21	33963338	33963358	NA	NA
171055_1	chr6	-	21	0	0	1	21	43112187	43112207	NA	NA
171056_1	chr5	-	21	0	0	1	21	71146880	71146900	NA	NA
171057_1	chr1	-	21	0	0	1	21	150551910	150551930	NA	NA
171058_1	chrE	-	21	0	0	1	21	5614	5634	NA	NA
171059_1	chrE	-	21	0	0	1	21	1803	1823	NA	NA
171060_1	chrE	-	21	0	0	1	21	7079	7099	NA	NA
171061_1	chr11	-	21	0	0	1	21	1972155	1972175	NA	NA
171062_1	chrE	-	21	0	0	1	21	743	763	NA	NA
171063_1	chr21	-	21	0	0	1	21	34900597	34900577	NA	NA
171064_1	chr3	-	21	0	0	1	21	196255758	196255738	NA	NA
171065_9	chr16	-	21	0	0	1	21	47538726	47538746	NA	NA
171066_1	chrE	-	21	0	0	1	21	2727	2747	NA	NA
171067_1	chr14	-	21	0	0	1	21	21827743	21827723	NA	NA
171068_1	chrE	-	21	0	0	1	21	5322	5342	NA	NA
171069_1	chrE	-	21	0	0	1	21	4020	4040	NA	NA
171070_1	chr6	-	21	0	0	1	21	27777853	27777873	NA	NA
171071_1	chr5	-	21	0	0	1	21	132406094	132406114	NA	NA
171072_1	chr10	-	21	0	0	1	21	25241658	25241638	NA	NA
171073_1	chr11	-	21	0	0	1	21	46784551	46784531	NA	NA
171074_1	chr11	-	21	0	0	1	21	2176306	2176326	NA	NA
171075_1	chr16	-	21	0	0	1	21	33963718	33963738	NA	NA
171076_1	chr6	-	21	0	0	1	21	26032122	26032102	NA	NA
171077_1	chr19	-	21	0	0	1	21	36616676	36616696	NA	NA
171078_1	chr4	-	21	0	0	1	21	157892258	157892238	NA	NA
171079_1	chrE	-	21	0	0	1	21	1002	1022	NA	NA
171080_1	chrE	-	21	0	0	1	21	1930	1950	NA	NA
171081_1	chr22	-	21	0	0	1	21	43011326	43011346	NA	NA
171082_3	chr22	-	21	0	0	1	21	43312543	43312563	NA	NA
171083_1	chrE	-	21	0	0	1	21	637	657	NA	NA
171084_1	chr21	-	21	0	0	1	21	9827112	9827132	NA	NA
171085_1	chrY	-	21	0	0	1	21	17038766	17038746	NA	NA
171086_1	chrE	-	21	0	0	1	21	7299	7319	NA	NA
171087_1	chr3	-	21	0	0	1	21	133538412	133538432	NA	NA
171088_1	chr1	-	21	0	0	1	21	2159939	2159919	NA	NA
171089_2	chr20	-	21	0	0	1	21	62421653	62421673	NA	NA
171090_1	chr8	-	21	0	0	1	21	42911888	42911868	NA	NA
171091_1	chr1	-	21	0	0	1	21	108113099	108113079	NA	NA
171092_1	chr9	-	21	0	0	1	21	100955065	100955045	NA	NA
171093_1	chr13	-	21	0	0	1	21	80914932	80914912	NA	NA
171094_2	chr6	-	21	0	0	1	21	27775682	27775662	NA	NA
171095_1	chrE	-	21	0	0	1	21	2649	2669	NA	NA
171096_1	chr12	-	21	0	0	1	21	127650621	127650601	NA	NA
171097_1	chrE	-	21	0	0	1	21	781	801	NA	NA
171098_1	chr8	-	21	0	0	1	21	11679364	11679384	NA	NA
171099_1	chr7	-	21	0	0	1	21	83764206	83764186	NA	NA
171100_1	chrE	-	21	0	0	1	21	631	651	NA	NA
171101_49	chr5	-	21	0	0	1	21	488385	488405	NA	NA
171102_1	chrE	-	21	0	0	1	21	1273	1293	NA	NA
171103_3	chrE	-	21	0	0	1	21	6534	6554	NA	NA
171104_1	chr19	-	21	0	0	1	21	40883762	40883782	NA	NA
171105_1	chrX	-	21	0	0	1	21	55033663	55033683	NA	NA
171106_1	chrE	-	21	0	0	1	21	636	656	NA	NA
171107_1	chrE	-	21	0	0	1	21	3760	3780	NA	NA
171108_1	chrE	-	21	0	0	1	21	4641	4661	NA	NA
171109_2	chr19	-	21	0	0	1	21	1625417	1625437	NA	NA
171110_1	chr11	-	21	0	0	1	21	66059798	66059778	NA	NA
171111_1	chrE	-	21	0	0	1	21	3303	3323	NA	NA
171112_1	chr7	-	21	0	0	1	21	100183680	100183660	NA	NA
171113_1	chr12	-	21	0	0	1	21	65088642	65088662	NA	NA
171114_1	chrE	-	21	0	0	1	21	3858	3878	NA	NA
171115_1	chr6	-	21	0	0	1	21	136610891	136610871	NA	NA
171116_2	chr5	-	21	0	0	1	21	80256486	80256466	NA	NA
171117_1	chrE	-	21	0	0	1	21	1221	1241	NA	NA
171118_1	chr1	-	21	0	0	1	21	201465387	201465367	NA	NA
171119_2	chr12	-	21	0	0	1	21	48577952	48577972	NA	NA
171120_1	chr16	-	21	0	0	1	21	33963332	33963352	NA	NA
171121_1	chr16	-	21	0	0	1	21	1425583	1425603	NA	NA
171122_1	chrE	-	21	0	0	1	21	3070	3090	NA	NA
171123_1	chr11	-	21	0	0	1	21	47198687	47198707	NA	NA
171124_1	chr15	-	21	0	0	1	21	30516531	30516511	NA	NA
171125_1	chr10	-	21	0	0	1	21	22021985	22022005	NA	NA
171126_1	chrE	-	21	0	0	1	21	3282	3302	NA	NA
171127_1	chr1	-	21	0	0	1	21	4716097	4716077	NA	NA
171128_1	chr6	-	21	0	0	1	21	143268829	143268809	NA	NA
171129_1	chrE	-	21	0	0	1	21	4166	4186	NA	NA
171130_1	chr11	-	21	0	0	1	21	92534059	92534079	NA	NA
171131_1	chr17	-	21	0	0	1	21	33478262	33478242	NA	NA
171132_1	chrE	-	21	0	0	1	21	734	754	NA	NA
171133_1	chr7	-	21	0	0	1	21	94285807	94285827	NA	NA
171134_1	chrE	-	21	0	0	1	21	1406	1426	NA	NA
171135_2	chrE	-	21	0	0	1	21	617	637	NA	NA
171136_1	chr9	-	21	0	0	1	21	136293914	136293894	NA	NA
171137_1	chrM	-	21	0	0	1	21	2519	2539	NA	NA
171138_2	chr9	-	21	0	0	1	21	79186854	79186874	NA	NA
171139_2	chr21	-	21	0	0	1	21	9827287	9827307	NA	NA
171140_1	chrE	-	21	0	0	1	21	7096	7116	NA	NA
171141_1	chr1	-	21	0	0	1	21	53941517	53941537	NA	NA
171142_1	chrE	-	21	0	0	1	21	5037	5057	NA	NA
171143_1	chr7	-	21	0	0	1	21	100484708	100484728	NA	NA
171144_2	chrE	-	21	0	0	1	21	787	807	NA	NA
171145_1	chr14	-	21	0	0	1	21	100801304	100801284	NA	NA
171146_1	chr2	-	21	0	0	1	21	185793324	185793344	NA	NA
171147_8	chr6	-	21	0	0	1	21	34664428	34664448	NA	NA
171148_1	chrX	-	21	0	0	1	21	118604373	118604393	NA	NA
171149_1	chr6	-	21	0	0	1	21	36936473	36936453	NA	NA
171150_1	chrE	-	21	0	0	1	21	5334	5354	NA	NA
171151_1	chr2	-	21	0	0	1	21	133038795	133038775	NA	NA
171152_1	chr16	-	21	0	0	1	21	33963343	33963363	NA	NA
171153_1	chr16	-	21	0	0	1	21	58149206	58149186	NA	NA
171154_1	chr6	-	21	0	0	1	21	26043880	26043860	NA	NA
171155_1	chr14	-	21	0	0	1	21	92600671	92600691	NA	NA
171156_1	chr5	-	21	0	0	1	21	149681999	149682019	NA	NA
171157_1	chr19	-	21	0	0	1	21	11101861	11101881	NA	NA
171158_1	chr6	-	21	0	0	1	21	149277808	149277828	NA	NA
171159_2	chr2	-	21	0	0	1	21	202508130	202508150	NA	NA
171160_1	chr19	-	21	0	0	1	21	12251158	12251138	NA	NA
171161_1	chr12	-	21	0	0	1	21	34372647	34372627	NA	NA
171162_1	chrE	-	21	0	0	1	21	1203	1223	NA	NA
171163_1	chr16	-	21	0	0	1	21	47538732	47538752	NA	NA
171164_1	chrE	-	21	0	0	1	21	4193	4213	NA	NA
171165_1	chr2	-	21	0	0	1	21	238006376	238006396	NA	NA
171166_1	chr11	-	21	0	0	1	21	9441998	9442018	NA	NA
171167_1	chr2	-	21	0	0	1	21	190922253	190922233	NA	NA
171168_1	chr21	-	21	0	0	1	21	48083432	48083452	NA	NA
171169_1	chrE	-	21	0	0	1	21	2945	2965	NA	NA
171170_1	chr12	-	21	0	0	1	21	115112461	115112441	NA	NA
171171_1	chr19	-	21	0	0	1	21	7981662	7981642	NA	NA
171172_1	chr4	-	21	0	0	1	21	177142670	177142650	NA	NA
171173_1	chrE	-	21	0	0	1	21	2451	2471	NA	NA
171174_1	chr9	-	21	0	0	1	21	117354881	117354901	NA	NA
171175_1	chr9	-	21	0	0	1	21	134354719	134354739	NA	NA
171176_1	chr6	-	21	0	0	1	21	52141085	52141065	NA	NA
171177_5	chr10	-	21	0	0	1	21	132588139	132588159	NA	NA
171178_1	chrX	-	21	0	0	1	21	43888662	43888682	NA	NA
171179_1	chr15	-	21	0	0	1	21	65588469	65588489	NA	NA
171180_1	chr5	-	21	0	0	1	21	37117008	37117028	NA	NA
171181_2	chrE	-	21	0	0	1	21	3547	3567	NA	NA
171182_1	chrE	-	21	0	0	1	21	2192	2212	NA	NA
171183_13	chrX	-	21	0	0	1	21	108297808	108297828	NA	NA
171184_1	chrE	-	21	0	0	1	21	5641	5661	NA	NA
171185_1	chr5	-	21	0	0	1	21	71146888	71146908	NA	NA
171186_1	chrE	-	21	0	0	1	21	1200	1220	NA	NA
171187_1	chrE	-	21	0	0	1	21	7069	7089	NA	NA
171188_1	chr3	-	21	0	0	1	21	25619337	25619357	NA	NA
171189_1	chr16	-	21	0	0	1	21	33963347	33963367	NA	NA
171190_1	chr7	-	21	0	0	1	21	100463752	100463772	NA	NA
171191_1	chr3	-	21	0	0	1	21	156695420	156695440	NA	NA
171192_1	chr9	-	21	0	0	1	21	136293916	136293896	NA	NA
171193_1	chrE	-	21	0	0	1	21	4944	4964	NA	NA
171194_1	chr6	-	21	0	0	1	21	30691944	30691964	NA	NA
171195_2	chr9	-	21	0	0	1	21	79186850	79186870	NA	NA
171196_1	chr1	-	21	0	0	1	21	113460588	113460568	NA	NA
171197_3	chr1	-	21	0	0	1	21	35247486	35247506	NA	NA
171198_1	chrE	-	21	0	0	1	21	3954	3974	NA	NA
171199_1	chr5	-	21	0	0	1	21	153582312	153582332	NA	NA
171200_1	chr9	-	21	0	0	1	21	35660752	35660772	NA	NA
171201_43	chr21	-	21	0	0	1	21	9827210	9827230	NA	NA
171202_1	chr10	-	21	0	0	1	21	118897412	118897392	NA	NA
171203_1	chr3	-	21	0	0	1	21	175164033	175164053	NA	NA
171204_1	chr7	-	21	0	0	1	21	36438813	36438833	NA	NA
171205_2	chrE	-	21	0	0	1	21	2214	2234	NA	NA
171206_1	chr19	-	21	0	0	1	21	59063701	59063681	NA	NA
171207_1	chr7	-	21	0	0	1	21	100200082	100200102	NA	NA
171208_3	chrE	-	21	0	0	1	21	616	636	NA	NA
171209_1	chr14	-	21	0	0	1	21	83864465	83864485	NA	NA
171210_2	chr12	-	21	0	0	1	21	127650654	127650634	NA	NA
171211_1	chr1	-	21	0	0	1	21	154197615	154197635	NA	NA
171212_2	chrE	-	21	0	0	1	21	6068	6088	NA	NA
171213_1	chr1	-	21	0	0	1	21	46083750	46083770	NA	NA
171214_1	chr2	-	21	0	0	1	21	54120863	54120843	NA	NA
171215_1	chrE	-	21	0	0	1	21	5811	5831	NA	NA
171216_1	chrE	-	21	0	0	1	21	1026	1046	NA	NA
171217_1	chrE	-	21	0	0	1	21	5344	5364	NA	NA
171218_1	chr10	-	21	0	0	1	21	123861851	123861871	NA	NA
171219_15	chr16	-	21	0	0	1	21	47538729	47538749	NA	NA
171220_1	chrE	-	21	0	0	1	21	5375	5395	NA	NA
171221_2	chr12	-	21	0	0	1	21	127650517	127650497	NA	NA
171222_1	chrE	-	21	0	0	1	21	2411	2431	NA	NA
171223_1	chrE	-	21	0	0	1	21	731	751	NA	NA
171224_1	chrY	-	21	0	0	1	21	10035901	10035921	NA	NA
171225_1	chrE	-	21	0	0	1	21	4856	4876	NA	NA
171226_1	chr19	-	21	0	0	1	21	13050387	13050407	NA	NA
171227_1	chr21	-	21	0	0	1	21	9827156	9827176	NA	NA
171228_3	chr14	-	21	0	0	1	21	89942401	89942381	NA	NA
171229_12	chr2	-	21	0	0	1	21	71565815	71565795	NA	NA
171230_1	chr7	-	21	0	0	1	21	94292853	94292873	NA	NA
171231_1	chr1	-	21	0	0	1	21	16817381	16817361	NA	NA
171232_1	chrE	-	21	0	0	1	21	1166	1186	NA	NA
171233_1	chr16	-	21	0	0	1	21	33963234	33963254	NA	NA
171234_1	chr17	-	21	0	0	1	21	4046966	4046946	NA	NA
171235_1	chr6	-	21	0	0	1	21	117900112	117900092	NA	NA
171236_1	chrE	-	21	0	0	1	21	5320	5340	NA	NA
171237_1	chr9	-	21	0	0	1	21	139278067	139278047	NA	NA
171238_1	chrE	-	21	0	0	1	21	2495	2515	NA	NA
171239_1	chr4	-	21	0	0	1	21	74005711	74005691	NA	NA
171240_1	chr2	-	21	0	0	1	21	230045524	230045504	NA	NA
171241_1	chrE	-	21	0	0	1	21	2742	2762	NA	NA
171242_1	chrE	-	21	0	0	1	21	3284	3304	NA	NA
171243_1	chrE	-	21	0	0	1	21	635	655	NA	NA
171244_2	chr2	-	21	0	0	1	21	230045584	230045564	NA	NA
171245_1	chr6	-	21	0	0	1	21	4428206	4428226	NA	NA
171246_1	chrE	-	21	0	0	1	21	1721	1741	NA	NA
171247_1	chr12	-	21	0	0	1	21	6875676	6875696	NA	NA
171248_1	chr9	-	21	0	0	1	21	136293913	136293893	NA	NA
171249_1	chr16	-	21	0	0	1	21	89050417	89050437	NA	NA
171250_1	chr2	-	21	0	0	1	21	74762737	74762717	NA	NA
171251_1	chr7	-	21	0	0	1	21	130351748	130351728	NA	NA
171252_1	chr21	-	21	0	0	1	21	38081573	38081553	NA	NA
171253_1	chr19	-	21	0	0	1	21	24185475	24185455	NA	NA
171254_1	chr18	-	21	0	0	1	21	45457719	45457699	NA	NA
171255_1	chr5	-	21	0	0	1	21	50081215	50081235	NA	NA
171256_1	chr15	-	21	0	0	1	21	100692788	100692808	NA	NA
171257_1	chrE	-	21	0	0	1	21	6395	6415	NA	NA
171258_1	chrE	-	21	0	0	1	21	182	202	NA	NA
171259_2	chr18	-	21	0	0	1	21	67956920	67956940	NA	NA
171260_1	chr19	-	21	0	0	1	21	39926341	39926321	NA	NA
171261_1	chr3	-	21	0	0	1	21	185638912	185638892	NA	NA
171262_1	chr1	-	21	0	0	1	21	156279093	156279073	NA	NA
171263_1	chrE	-	21	0	0	1	21	3297	3317	NA	NA
171264_1	chr9	-	21	0	0	1	21	79186853	79186873	NA	NA
171265_1	chrE	-	21	0	0	1	21	1255	1275	NA	NA
171266_1	chr1	-	21	0	0	1	21	45196751	45196731	NA	NA
171267_1	chrE	-	21	0	0	1	21	1365	1385	NA	NA
171268_1	chr2	-	21	0	0	1	21	201342544	201342564	NA	NA
171269_1	chr19	-	21	0	0	1	21	24185015	24184995	NA	NA
171270_1	chr3	-	21	0	0	1	21	52886697	52886677	NA	NA
171271_1	chr1	-	21	0	0	1	21	10854007	10853987	NA	NA
171272_3	chrE	-	21	0	0	1	21	794	814	NA	NA
171273_3	chrE	-	21	0	0	1	21	4573	4593	NA	NA
171274_5	chr12	-	21	0	0	1	21	127650655	127650635	NA	NA
171275_1	chr5	-	21	0	0	1	21	71146746	71146766	NA	NA
171276_1	chrE	-	21	0	0	1	21	5366	5386	NA	NA
171277_1	chr16	-	21	0	0	1	21	11890907	11890927	NA	NA
171278_3	chr2	-	21	0	0	1	21	71565818	71565798	NA	NA
171279_1	chr2	-	21	0	0	1	21	85553802	85553782	NA	NA
171280_1	chr6	-	21	0	0	1	21	26032130	26032110	NA	NA
171281_1	chr20	-	21	0	0	1	21	42843831	42843811	NA	NA
171282_1	chr19	-	21	0	0	1	21	1465946	1465966	NA	NA
171283_1	chr20	-	21	0	0	1	21	44572375	44572395	NA	NA
171284_1	chrE	-	21	0	0	1	21	4440	4460	NA	NA
171285_1	chrE	-	21	0	0	1	21	747	767	NA	NA
171286_2	chr6	-	21	0	0	1	21	35656583	35656603	NA	NA
171287_1	chr2	-	21	0	0	1	21	175982742	175982722	NA	NA
171288_1	chrE	-	21	0	0	1	21	4119	4139	NA	NA
171289_2	chr4	-	21	0	0	1	21	111553637	111553657	NA	NA
171290_4	chr5	-	21	0	0	1	21	71146889	71146909	NA	NA
171291_1	chr19	-	21	0	0	1	21	11660581	11660601	NA	NA
171292_1	chr3	-	21	0	0	1	21	196594692	196594672	NA	NA
171293_1	chr6	-	21	0	0	1	21	2198156	2198176	NA	NA
171294_1	chr12	-	21	0	0	1	21	53690026	53690046	NA	NA
171295_1	chrE	-	21	0	0	1	21	1795	1815	NA	NA
171296_1	chrE	-	21	0	0	1	21	4924	4944	NA	NA
171297_1	chrE	-	21	0	0	1	21	4571	4591	NA	NA
171298_1	chrE	-	21	0	0	1	21	4965	4985	NA	NA
171299_1	chrE	-	21	0	0	1	21	5048	5068	NA	NA
171300_1	chr9	-	21	0	0	1	21	136293912	136293892	NA	NA
171301_1	chr3	-	21	0	0	1	21	186510696	186510676	NA	NA
171302_1	chr10	-	21	0	0	1	21	132588137	132588157	NA	NA
171303_1	chr2	-	21	0	0	1	21	133039047	133039027	NA	NA
171304_1	chr5	-	21	0	0	1	21	121573762	121573742	NA	NA
171305_7	chr8	-	21	0	0	1	21	21455984	21456004	NA	NA
171306_1	chrE	-	21	0	0	1	21	2526	2546	NA	NA
171307_2	chr8	-	21	0	0	1	21	21455985	21456005	NA	NA
171308_2	chrE	-	21	0	0	1	21	2652	2672	NA	NA
171309_1	chrE	-	21	0	0	1	21	1590	1610	NA	NA
171310_1	chrE	-	21	0	0	1	21	1688	1708	NA	NA
171311_1	chrE	-	21	0	0	1	21	823	843	NA	NA
171312_2	chrE	-	21	0	0	1	21	795	815	NA	NA
171313_1	chr21	-	21	0	0	1	21	9827173	9827193	NA	NA
171314_1	chr15	-	21	0	0	1	21	49284971	49284951	NA	NA
171315_1	chr2	-	21	0	0	1	21	133038099	133038079	NA	NA
171316_1	chr1	-	21	0	0	1	21	53460351	53460371	NA	NA
171317_8	chr2	-	21	0	0	1	21	71565816	71565796	NA	NA
171318_1	chrE	-	21	0	0	1	21	4168	4188	NA	NA
171319_1	chr2	-	21	0	0	1	21	99398984	99399004	NA	NA
171320_1	chr7	-	21	0	0	1	21	99048324	99048344	NA	NA
171321_1	chr2	-	21	0	0	1	21	133012152	133012132	NA	NA
171322_3	chr2	-	21	0	0	1	21	71565817	71565797	NA	NA
171323_1	chr12	-	21	0	0	1	21	32875417	32875437	NA	NA
171324_1	chr3	-	21	0	0	1	21	158315912	158315932	NA	NA
171325_1	chrE	-	21	0	0	1	21	6580	6600	NA	NA
171326_1	chr9	-	21	0	0	1	21	35658004	35657984	NA	NA
171327_1	chr14	-	21	0	0	1	21	31122723	31122743	NA	NA
171328_1	chr13	-	21	0	0	1	21	67135321	67135301	NA	NA
171329_1	chr17	-	21	0	0	1	21	33478261	33478241	NA	NA
171330_1	chr10	-	21	0	0	1	21	102304829	102304849	NA	NA
171331_1	chr1	-	21	0	0	1	21	10490520	10490540	NA	NA
171332_1	chr11	-	21	0	0	1	21	113141029	113141049	NA	NA
171333_1	chr9	-	21	0	0	1	21	125673798	125673778	NA	NA
171334_1	chrE	-	21	0	0	1	21	2075	2095	NA	NA
171335_3	chr11	-	21	0	0	1	21	75946930	75946910	NA	NA
171336_1	chr6	-	21	0	0	1	21	53660069	53660089	NA	NA
171337_1	chrM	-	21	0	0	1	21	919	939	NA	NA
171338_1	chr12	-	21	0	0	1	21	117672442	117672422	NA	NA
171339_2	chrE	-	21	0	0	1	21	6958	6978	NA	NA
171340_1	chrE	-	21	0	0	1	21	6663	6683	NA	NA
171341_2	chrY	-	21	0	0	1	21	10037769	10037789	NA	NA
171342_1	chr22	-	21	0	0	1	21	30050668	30050688	NA	NA
171343_1	chrE	-	21	0	0	1	21	2078	2098	NA	NA
171344_1	chr22	-	21	0	0	1	21	21288375	21288395	NA	NA
171345_1	chrE	-	21	0	0	1	21	3430	3450	NA	NA
171346_1	chrE	-	21	0	0	1	21	6030	6050	NA	NA
171347_1	chr7	-	21	0	0	1	21	128494169	128494189	NA	NA
171348_1	chr7	-	21	0	0	1	21	32529985	32529965	NA	NA
171349_1	chr2	-	21	0	0	1	21	189898802	189898782	NA	NA
171350_1	chr2	-	21	0	0	1	21	69870731	69870711	NA	NA
171351_1	chr18	-	21	0	0	1	21	28995094	28995114	NA	NA
171352_1	chr13	-	21	0	0	1	21	114290323	114290343	NA	NA
171353_1	chr9	-	21	0	0	1	21	27048229	27048249	NA	NA
171354_1	chrY	-	21	0	0	1	21	10035893	10035913	NA	NA
171355_1	chr19	-	21	0	0	1	21	24183428	24183408	NA	NA
171356_1	chr7	-	21	0	0	1	21	98246741	98246761	NA	NA
171357_1	chrE	-	21	0	0	1	21	4224	4244	NA	NA
171358_1	chrX	-	21	0	0	1	21	108297771	108297791	NA	NA
171359_1	chr3	-	21	0	0	1	21	108729937	108729917	NA	NA
171360_1	chr18	-	21	0	0	1	21	76552803	76552783	NA	NA
171361_1	chrE	-	21	0	0	1	21	2042	2062	NA	NA
171362_3	chrE	-	21	0	0	1	21	2964	2984	NA	NA
171363_1	chrE	-	21	0	0	1	21	1254	1274	NA	NA
171364_1	chr5	-	21	0	0	1	21	172083706	172083686	NA	NA
171365_1	chr15	-	21	0	0	1	21	72499525	72499505	NA	NA
171366_1	chr6	-	21	0	0	1	21	90466030	90466010	NA	NA
171367_1	chr8	-	21	0	0	1	21	95274345	95274325	NA	NA
171368_3	chr5	-	21	0	0	1	21	146433526	146433506	NA	NA
171369_1	chr6	-	21	0	0	1	21	26021032	26021052	NA	NA
171370_2	chr17	-	21	0	0	1	21	33478267	33478247	NA	NA
171371_2	chr11	-	21	0	0	1	21	747354	747334	NA	NA
171372_1	chrE	-	21	0	0	1	21	704	724	NA	NA
171373_1	chr11	-	21	0	0	1	21	50257585	50257605	NA	NA
171374_6	chr17	-	21	0	0	1	21	1928714	1928734	NA	NA
171375_1	chrE	-	21	0	0	1	21	2330	2350	NA	NA
171376_1	chr6	-	21	0	0	1	21	26204927	26204947	NA	NA
171377_1	chr5	-	21	0	0	1	21	180670831	180670811	NA	NA
171378_1	chr15	-	21	0	0	1	21	85291855	85291835	NA	NA
171379_1	chr14	-	21	0	0	1	21	34252803	34252823	NA	NA
171380_1	chrM	-	21	0	0	1	21	1867	1887	NA	NA
171381_1	chr2	-	21	0	0	1	21	64352242	64352222	NA	NA
171382_1	chrE	-	21	0	0	1	21	2758	2778	NA	NA
171383_6	chr16	-	21	0	0	1	21	47538728	47538748	NA	NA
171384_1	chr14	-	21	0	0	1	21	73547949	73547929	NA	NA
171385_1	chr19	-	21	0	0	1	21	47341769	47341749	NA	NA
171386_1	chr11	-	21	0	0	1	21	7110839	7110859	NA	NA
171387_1	chr6	-	21	0	0	1	21	124693258	124693238	NA	NA
171388_1	chrE	-	21	0	0	1	21	1158	1178	NA	NA
171389_1	chr6	-	21	0	0	1	21	26032242	26032222	NA	NA
171390_1	chr14	-	21	0	0	1	21	105849771	105849791	NA	NA
171391_1	chrE	-	21	0	0	1	21	5521	5541	NA	NA
171392_1	chr20	-	21	0	0	1	21	32891211	32891231	NA	NA
171393_1	chr2	-	21	0	0	1	21	72376116	72376136	NA	NA
171394_23	chr20	-	21	0	0	1	21	62421652	62421672	NA	NA
171395_3	chr17	-	21	0	0	1	21	33478331	33478311	NA	NA
171396_1	chrE	-	21	0	0	1	21	598	618	NA	NA
171397_1	chrE	-	21	0	0	1	21	4255	4275	NA	NA
171398_1	chrE	-	21	0	0	1	21	1458	1478	NA	NA
171399_1	chr15	-	21	0	0	1	21	65588393	65588413	NA	NA
171400_1	chr21	-	21	0	0	1	21	9827053	9827073	NA	NA
171401_1	chr15	-	21	0	0	1	21	57178127	57178147	NA	NA
171402_1	chr1	-	21	0	0	1	21	115561449	115561469	NA	NA
171403_1	chrE	-	21	0	0	1	21	2043	2063	NA	NA
171404_1	chr1	-	21	0	0	1	21	45196761	45196741	NA	NA
171405_1	chr3	-	21	0	0	1	21	149689460	149689480	NA	NA
171406_1	chr8	-	21	0	0	1	21	15480727	15480747	NA	NA
171407_1	chr5	-	21	0	0	1	21	138567023	138567043	NA	NA
171408_1	chr2	-	21	0	0	1	21	71565821	71565801	NA	NA
171409_1	chrE	-	21	0	0	1	21	822	842	NA	NA
171410_1	chrE	-	21	0	0	1	21	1527	1547	NA	NA
171411_1	chrE	-	21	0	0	1	21	1145	1165	NA	NA
171412_1	chrY	-	21	0	0	1	21	10037856	10037876	NA	NA
171413_1	chr10	-	21	0	0	1	21	21604111	21604091	NA	NA
171414_1	chr5	-	21	0	0	1	21	78908687	78908707	NA	NA
171415_1	chr3	-	21	0	0	1	21	23852289	23852269	NA	NA
171416_1	chr12	-	21	0	0	1	21	127650657	127650637	NA	NA
171417_1	chr19	-	21	0	0	1	21	58991358	58991378	NA	NA
171418_1	chrE	-	21	0	0	1	21	684	704	NA	NA
171419_1	chr12	-	21	0	0	1	21	66218893	66218913	NA	NA
171420_1	chr14	-	21	0	0	1	21	68162421	68162401	NA	NA
171421_16	chr17	-	21	0	0	1	21	33478294	33478274	NA	NA
171422_1	chrE	-	21	0	0	1	21	3539	3559	NA	NA
171423_1	chr5	-	21	0	0	1	21	159378387	159378367	NA	NA
171424_1	chrE	-	21	0	0	1	21	2273	2293	NA	NA
171425_1	chr18	-	21	0	0	1	21	56196373	56196353	NA	NA
171426_1	chr8	-	21	0	0	1	21	25898431	25898411	NA	NA
171427_1	chr7	-	21	0	0	1	21	40284112	40284132	NA	NA
171428_1	chr9	-	21	0	0	1	21	129623230	129623250	NA	NA
171429_1	chrY	-	21	0	0	1	21	10037781	10037801	NA	NA
171430_1	chrE	-	21	0	0	1	21	5741	5761	NA	NA
171431_1	chrE	-	21	0	0	1	21	4651	4671	NA	NA
171432_1	chr20	-	21	0	0	1	21	39721198	39721218	NA	NA
171433_1	chr8	-	21	0	0	1	21	70602595	70602575	NA	NA
171434_1	chr2	-	21	0	0	1	21	201680170	201680190	NA	NA
171435_1	chrE	-	21	0	0	1	21	5200	5220	NA	NA
171436_1	chrX	-	21	0	0	1	21	122318634	122318654	NA	NA
171437_1	chr11	-	21	0	0	1	21	77386248	77386228	NA	NA
171438_2	chrE	-	21	0	0	1	21	6512	6532	NA	NA
171439_1	chr2	-	21	0	0	1	21	202285381	202285361	NA	NA
171440_1	chr13	-	21	0	0	1	21	112758181	112758161	NA	NA
171441_1	chr5	-	21	0	0	1	21	14359535	14359555	NA	NA
171442_3	chr1	-	21	0	0	1	21	10490518	10490538	NA	NA
171443_1	chr1	-	21	0	0	1	21	91852992	91852972	NA	NA
171444_1	chr19	-	21	0	0	1	21	1625419	1625439	NA	NA
171445_1	chrE	-	21	0	0	1	21	853	873	NA	NA
171446_1	chr15	-	21	0	0	1	21	59203717	59203737	NA	NA
171447_1	chrY	-	21	0	0	1	21	10037768	10037788	NA	NA
171448_12	chrX	-	21	0	0	1	21	108297807	108297827	NA	NA
171449_1	chr7	-	21	0	0	1	21	100451836	100451856	NA	NA
171450_1	chr4	-	21	0	0	1	21	118557461	118557481	NA	NA
171451_1	chr2	-	21	0	0	1	21	239010673	239010693	NA	NA
171452_1	chrE	-	21	0	0	1	21	4806	4826	NA	NA
171453_1	chr1	-	21	0	0	1	21	24106388	24106408	NA	NA
171454_1	chrE	-	21	0	0	1	21	4650	4670	NA	NA
171455_1	chr2	-	21	0	0	1	21	169638836	169638816	NA	NA
171456_3	chr21	-	21	0	0	1	21	9827293	9827313	NA	NA
171457_1	chr15	-	21	0	0	1	21	66794228	66794208	NA	NA
171458_1	chrE	-	21	0	0	1	21	6372	6392	NA	NA
171459_1	chr9	-	21	0	0	1	21	82187043	82187063	NA	NA
171460_1	chr2	-	21	0	0	1	21	47703594	47703614	NA	NA
171461_1	chr17	-	21	0	0	1	21	19356694	19356714	NA	NA
171462_1	chrE	-	21	0	0	1	21	5683	5703	NA	NA
171463_1	chr4	-	21	0	0	1	21	107452371	107452391	NA	NA
171464_1	chrX	-	21	0	0	1	21	153095801	153095821	NA	NA
171465_1	chrX	-	21	0	0	1	21	108297730	108297750	NA	NA
171466_2	chr12	-	21	0	0	1	21	127650916	127650896	NA	NA
171467_1	chr6	-	21	0	0	1	21	27840089	27840069	NA	NA
171468_1	chrX	-	21	0	0	1	21	152988683	152988663	NA	NA
171469_2	chr10	-	21	0	0	1	21	54538318	54538298	NA	NA
171470_1	chr9	-	21	0	0	1	21	138391926	138391946	NA	NA
171471_1	chrE	-	21	0	0	1	21	3837	3857	NA	NA
171472_1	chrE	-	21	0	0	1	21	6766	6786	NA	NA
171473_1	chr1	-	21	0	0	1	21	17739640	17739620	NA	NA
171474_1	chr2	-	21	0	0	1	21	198273588	198273608	NA	NA
171475_1	chr22	-	21	0	0	1	21	29747216	29747196	NA	NA
171476_1	chr21	-	21	0	0	1	21	9827292	9827312	NA	NA
171477_1	chr14	-	21	0	0	1	21	34269725	34269705	NA	NA
171478_1	chr17	-	21	0	0	1	21	19356692	19356712	NA	NA
171479_1	chr14	-	21	0	0	1	21	105958988	105959008	NA	NA
171480_1	chr19	-	21	0	0	1	21	8032542	8032522	NA	NA
171481_1	chr3	-	21	0	0	1	21	18486159	18486179	NA	NA
171482_1	chr21	-	21	0	0	1	21	9827442	9827462	NA	NA
171483_2	chrE	-	21	0	0	1	21	755	775	NA	NA
171484_1	chr17	-	21	0	0	1	21	4850090	4850070	NA	NA
171485_1	chr12	-	21	0	0	1	21	88429362	88429382	NA	NA
171486_1	chr12	-	21	0	0	1	21	2692325	2692345	NA	NA
171487_2	chr5	-	21	0	0	1	21	50081214	50081234	NA	NA
171488_1	chrX	-	21	0	0	1	21	153061953	153061973	NA	NA
171489_1	chr4	-	21	0	0	1	21	70296636	70296616	NA	NA
171490_1	chrE	-	21	0	0	1	21	733	753	NA	NA
171491_1	chr21	-	21	0	0	1	21	9827336	9827356	NA	NA
171492_2	chrX	-	21	0	0	1	21	108297810	108297830	NA	NA
171493_1	chr17	-	21	0	0	1	21	78109924	78109904	NA	NA
171494_4	chr10	-	21	0	0	1	21	6245406	6245426	NA	NA
171495_1	chr3	-	21	0	0	1	21	52009278	52009298	NA	NA
171496_1	chr5	-	21	0	0	1	21	127592514	127592534	NA	NA
171497_1	chrE	-	21	0	0	1	21	6332	6352	NA	NA
171498_1	chrE	-	21	0	0	1	21	6309	6329	NA	NA
171499_1	chr2	-	21	0	0	1	21	85858005	85858025	NA	NA
171500_1	chrE	-	21	0	0	1	21	2154	2174	NA	NA
171501_1	chr19	-	21	0	0	1	21	11145604	11145624	NA	NA
171502_1	chr20	-	21	0	0	1	21	57485782	57485802	NA	NA
171503_67	chr12	-	21	0	0	1	21	33049884	33049904	NA	NA
171504_1	chr5	-	21	0	0	1	21	3056608	3056628	NA	NA
171505_1	chr14	-	21	0	0	1	21	22115112	22115132	NA	NA
171506_2	chr12	-	21	0	0	1	21	127650519	127650499	NA	NA
171507_1	chr17	-	21	0	0	1	21	42092321	42092301	NA	NA
171508_1	chr2	-	21	0	0	1	21	85852696	85852716	NA	NA
171509_1	chr15	-	21	0	0	1	21	52311808	52311788	NA	NA
171510_1	chr6	-	21	0	0	1	21	167015865	167015845	NA	NA
171511_1	chr7	-	21	0	0	1	21	66458328	66458308	NA	NA
171512_1	chr17	-	21	0	0	1	21	27044774	27044754	NA	NA
171513_1	chrE	-	21	0	0	1	21	722	742	NA	NA
171514_1	chr21	-	21	0	0	1	21	9827204	9827224	NA	NA
171515_1	chrE	-	21	0	0	1	21	7139	7159	NA	NA
171516_1	chr21	-	21	0	0	1	21	9827296	9827316	NA	NA
171517_1	chrE	-	21	0	0	1	21	5571	5591	NA	NA
171518_1	chrE	-	21	0	0	1	21	6103	6123	NA	NA
171519_1	chr7	-	21	0	0	1	21	39423314	39423334	NA	NA
171520_1	chrE	-	21	0	0	1	21	6972	6992	NA	NA
171521_1	chrE	-	21	0	0	1	21	1248	1268	NA	NA
171522_1	chr19	-	21	0	0	1	21	41808673	41808693	NA	NA
171523_1	chr19	-	21	0	0	1	21	40876095	40876115	NA	NA
171524_72	chr21	-	21	0	0	1	21	9827209	9827229	NA	NA
171525_1	chr2	-	21	0	0	1	21	186691325	186691305	NA	NA
171526_1	chr1	-	21	0	0	1	21	206877590	206877610	NA	NA
171527_1	chrE	-	21	0	0	1	21	1777	1797	NA	NA
171528_1	chrE	-	21	0	0	1	21	4220	4240	NA	NA
171529_1	chrE	-	21	0	0	1	21	6041	6061	NA	NA
171530_1	chr1	-	21	0	0	1	21	112162395	112162415	NA	NA
171531_14	chr17	-	21	0	0	1	21	33478295	33478275	NA	NA
171532_1	chr5	-	21	0	0	1	21	44526118	44526138	NA	NA
171533_3	chr21	-	21	0	0	1	21	45553059	45553039	NA	NA
171534_1	chr22	-	21	0	0	1	21	43312544	43312564	NA	NA
171535_1	chr5	-	21	0	0	1	21	102203044	102203064	NA	NA
171536_1	chr6	-	21	0	0	1	21	143837879	143837859	NA	NA
171537_1	chr9	-	21	0	0	1	21	95940136	95940156	NA	NA
171538_1	chrY	-	21	0	0	1	21	10036456	10036476	NA	NA
171539_1	chr15	-	21	0	0	1	21	65588405	65588425	NA	NA
171540_1	chr6	-	21	0	0	1	21	26046041	26046061	NA	NA
171541_1	chr1	-	21	0	0	1	21	45479372	45479392	NA	NA
171542_1	chrE	-	21	0	0	1	21	6345	6365	NA	NA
171543_1	chr2	-	21	0	0	1	21	189875569	189875589	NA	NA
171544_1	chr21	-	21	0	0	1	21	36901513	36901533	NA	NA
171545_6	chrE	-	21	0	0	1	21	4507	4527	NA	NA
171546_1	chrE	-	21	0	0	1	21	2278	2298	NA	NA
171547_4	chr2	-	21	0	0	1	21	133039192	133039172	NA	NA
171548_1	chr1	-	21	0	0	1	21	156639249	156639229	NA	NA
171549_1	chr15	-	21	0	0	1	21	77712151	77712171	NA	NA
171550_1	chrE	-	21	0	0	1	21	2028	2048	NA	NA
171551_1	chr3	-	21	0	0	1	21	140272661	140272641	NA	NA
171552_1	chr5	-	21	0	0	1	21	171140689	171140709	NA	NA
171553_1	chrE	-	21	0	0	1	21	914	934	NA	NA
171554_11	chr19	-	21	0	0	1	21	44096780	44096760	NA	NA
171555_1	chr11	-	21	0	0	1	21	2531003	2530983	NA	NA
171556_2	chr6	-	21	0	0	1	21	114179789	114179769	NA	NA
171557_1	chrE	-	21	0	0	1	21	2388	2408	NA	NA
171558_1	chrE	-	21	0	0	1	21	3595	3615	NA	NA
171559_1	chrE	-	21	0	0	1	21	883	903	NA	NA
171560_1	chrE	-	21	0	0	1	21	5284	5304	NA	NA
171561_9	chr2	-	21	0	0	1	21	71565819	71565799	NA	NA
171562_1	chr3	-	21	0	0	1	21	56681216	56681196	NA	NA
171563_1	chr1	-	21	0	0	1	21	183072716	183072736	NA	NA
171564_2	chrE	-	21	0	0	1	21	5810	5830	NA	NA
171565_1	chr11	-	21	0	0	1	21	18300354	18300334	NA	NA
171566_9	chr12	-	21	0	0	1	21	127650518	127650498	NA	NA
171567_1	chr2	-	21	0	0	1	21	133039191	133039171	NA	NA
171568_1	chr6	-	21	0	0	1	21	42626024	42626044	NA	NA
171569_1	chrE	-	21	0	0	1	21	6880	6900	NA	NA
171570_1	chr12	-	21	0	0	1	21	6166896	6166916	NA	NA
171571_1	chr2	-	21	0	0	1	21	216211623	216211643	NA	NA
171572_1	chrX	-	21	0	0	1	21	123040894	123040914	NA	NA
171573_1	chr1	-	21	0	0	1	21	22469734	22469754	NA	NA
171574_1	chr19	-	21	0	0	1	21	37903508	37903488	NA	NA
# blasting completed