1339816_1	chr8	-	18	0	0	1	18	79082811	79082828	NA	NA
1339817_1	chr5	-	18	0	0	1	18	18456416	18456399	NA	NA
1339818_1	chr12	-	18	0	0	1	18	120729627	120729610	NA	NA
1339819_1	chr14	-	18	0	0	1	18	34693582	34693599	NA	NA
1339820_1	chr5	-	18	0	0	1	18	122847977	122847994	NA	NA
1339821_1	chrY	-	18	0	0	1	18	10035894	10035911	NA	NA
1339822_1	chr13	-	18	0	0	1	18	102343019	102343002	NA	NA
1339823_1	chr11	-	18	0	0	1	18	64900686	64900669	NA	NA
1339824_1	chr8	-	18	0	0	1	18	25898426	25898409	NA	NA
1339825_1	chr16	-	18	0	0	1	18	47538730	47538747	NA	NA
1339826_1	chrE	-	18	0	0	1	18	5382	5399	NA	NA
1339827_1	chr9	-	18	0	0	1	18	131140345	131140328	NA	NA
1339828_1	chr9	-	18	0	0	1	18	140484641	140484624	NA	NA
1339829_1	chr16	-	18	0	0	1	18	30081460	30081477	NA	NA
1339830_1	chr20	-	18	0	0	1	18	56470454	56470471	NA	NA
1339831_1	chr19	-	18	0	0	1	18	50060420	50060403	NA	NA
1339832_2	chr3	-	18	0	0	1	18	47125152	47125169	NA	NA
1339833_1	chrX	-	18	0	0	1	18	108297812	108297829	NA	NA
1339834_1	chrY	-	18	0	0	1	18	10037855	10037872	NA	NA
1339835_1	chr9	-	18	0	0	1	18	79186853	79186870	NA	NA
1339836_1	chr21	-	18	0	0	1	18	9827290	9827307	NA	NA
1339837_1	chr1	-	18	0	0	1	18	6685155	6685172	NA	NA
1339838_1	chr2	-	18	0	0	1	18	225122029	225122012	NA	NA
1339839_1	chr6	-	18	0	0	1	18	127440598	127440615	NA	NA
1339840_1	chr19	-	18	0	0	1	18	50363531	50363548	NA	NA
1339841_1	chr3	-	18	0	0	1	18	126622017	126622000	NA	NA
1339842_1	chr6	-	18	0	0	1	18	26217319	26217336	NA	NA
1339843_2	chr15	-	18	0	0	1	18	57178127	57178144	NA	NA
1339844_1	chr12	-	18	0	0	1	18	127707313	127707330	NA	NA
1339845_1	chr21	-	18	0	0	1	18	9827299	9827316	NA	NA
1339846_1	chr15	-	18	0	0	1	18	50257793	50257776	NA	NA
1339847_1	chr5	-	18	0	0	1	18	176734917	176734900	NA	NA
1339848_1	chr10	-	18	0	0	1	18	128593720	128593737	NA	NA
1339849_1	chrE	-	18	0	0	1	18	5556	5573	NA	NA
1339850_1	chr8	-	18	0	0	1	18	8873880	8873897	NA	NA
1339851_1	chr17	-	18	0	0	1	18	33478291	33478274	NA	NA
1339852_9	chr16	-	18	0	0	1	18	33965561	33965578	NA	NA
1339853_8	chrE	-	18	0	0	1	18	4507	4524	NA	NA
1339854_1	chr8	-	18	0	0	1	18	95262567	95262550	NA	NA
1339855_1	chrE	-	18	0	0	1	18	2788	2805	NA	NA
1339856_1	chrE	-	18	0	0	1	18	5853	5870	NA	NA
1339857_1	chr12	-	18	0	0	1	18	110012685	110012702	NA	NA
1339858_1	chr8	-	18	0	0	1	18	26223898	26223915	NA	NA
1339859_1	chrX	-	18	0	0	1	18	9754589	9754572	NA	NA
1339860_1	chr19	-	18	0	0	1	18	10091505	10091488	NA	NA
1339861_1	chr7	-	18	0	0	1	18	76022910	76022927	NA	NA
1339862_1	chr2	-	18	0	0	1	18	133012330	133012313	NA	NA
1339863_1	chrE	-	18	0	0	1	18	4210	4227	NA	NA
1339864_1	chrE	-	18	0	0	1	18	4926	4943	NA	NA
1339865_1	chr10	-	18	0	0	1	18	54538315	54538298	NA	NA
1339866_1	chrE	-	18	0	0	1	18	6961	6978	NA	NA
1339867_1	chr16	-	18	0	0	1	18	33963349	33963366	NA	NA
1339868_1	chr9	-	18	0	0	1	18	100819090	100819107	NA	NA
1339869_1	chrE	-	18	0	0	1	18	1412	1429	NA	NA
1339870_1	chr3	-	18	0	0	1	18	32676761	32676744	NA	NA
1339871_1	chr8	-	18	0	0	1	18	109861795	109861778	NA	NA
1339872_5	chr9	-	18	0	0	1	18	79186700	79186717	NA	NA
1339873_2	chrE	-	18	0	0	1	18	921	938	NA	NA
1339874_1	chr21	-	18	0	0	1	18	42540713	42540696	NA	NA
1339875_1	chr2	-	18	0	0	1	18	114736924	114736941	NA	NA
1339876_1	chr12	-	18	0	0	1	18	133287412	133287429	NA	NA
1339877_1	chr17	-	18	0	0	1	18	33478265	33478248	NA	NA
1339878_1	chr10	-	18	0	0	1	18	26500886	26500869	NA	NA
1339879_1	chr16	-	18	0	0	1	18	33963366	33963383	NA	NA
1339880_2	chr21	-	18	0	0	1	18	42540714	42540697	NA	NA
1339881_1	chr16	-	18	0	0	1	18	47538731	47538748	NA	NA
1339882_1	chr1	-	18	0	0	1	18	43396538	43396521	NA	NA
1339883_1	chr7	-	18	0	0	1	18	76022911	76022928	NA	NA
1339884_1	chr17	-	18	0	0	1	18	7983305	7983288	NA	NA
1339885_1	chrE	-	18	0	0	1	18	1228	1245	NA	NA
1339886_2	chr2	-	18	0	0	1	18	133011936	133011919	NA	NA
1339887_1	chr17	-	18	0	0	1	18	79919344	79919361	NA	NA
1339888_1	chr19	-	18	0	0	1	18	38964158	38964141	NA	NA
1339889_1	chr12	-	18	0	0	1	18	127650654	127650637	NA	NA
1339890_1	chrE	-	18	0	0	1	18	732	749	NA	NA
1339891_1	chr16	-	18	0	0	1	18	89967121	89967138	NA	NA
1339892_1	chr11	-	18	0	0	1	18	9610010	9610027	NA	NA
1339893_1	chr15	-	18	0	0	1	18	59203720	59203737	NA	NA
1339894_1	chrE	-	18	0	0	1	18	4615	4632	NA	NA
1339895_1	chrE	-	18	0	0	1	18	6334	6351	NA	NA
1339896_1	chr9	-	18	0	0	1	18	136293912	136293895	NA	NA
# blasting completed