1298672_1	chr10	-	19	0	0	1	19	24751170	24751188	NA	NA
1298673_1	chr3	-	19	0	0	1	19	185795866	185795884	NA	NA
1298674_1	chrX	-	19	0	0	1	19	108297811	108297829	NA	NA
1298675_1	chrE	-	19	0	0	1	19	5309	5327	NA	NA
1298676_1	chrE	-	19	0	0	1	19	6965	6983	NA	NA
1298677_1	chr18	-	19	0	0	1	19	35065628	35065610	NA	NA
1298678_1	chrE	-	19	0	0	1	19	5806	5824	NA	NA
1298679_1	chr11	-	19	0	0	1	19	122929939	122929921	NA	NA
1298680_1	chr21	-	19	0	0	1	19	39669578	39669596	NA	NA
1298681_1	chrE	-	19	0	0	1	19	6640	6658	NA	NA
1298682_1	chr21	-	19	0	0	1	19	9827161	9827179	NA	NA
1298683_1	chr16	-	19	0	0	1	19	33963348	33963366	NA	NA
1298684_1	chrE	-	19	0	0	1	19	593	611	NA	NA
1298685_1	chr10	-	19	0	0	1	19	113797084	113797066	NA	NA
1298686_1	chr6	-	19	0	0	1	19	158733136	158733154	NA	NA
1298687_1	chr9	-	19	0	0	1	19	95940139	95940157	NA	NA
1298688_3	chr20	-	19	0	0	1	19	13201639	13201657	NA	NA
1298689_1	chr7	-	19	0	0	1	19	70868661	70868679	NA	NA
1298690_1	chr11	-	19	0	0	1	19	62521957	62521975	NA	NA
1298691_1	chr6	-	19	0	0	1	19	121768735	121768753	NA	NA
1298692_2	chr15	-	19	0	0	1	19	72582092	72582110	NA	NA
1298693_3	chr3	-	19	0	0	1	19	47125151	47125169	NA	NA
1298694_1	chr19	-	19	0	0	1	19	19049552	19049534	NA	NA
1298695_1	chr10	-	19	0	0	1	19	27459918	27459936	NA	NA
1298696_2	chr5	-	19	0	0	1	19	37978175	37978193	NA	NA
1298697_2	chr16	-	19	0	0	1	19	47538730	47538748	NA	NA
1298698_1	chr21	-	19	0	0	1	19	9827178	9827196	NA	NA
1298699_1	chr9	-	19	0	0	1	19	79186679	79186697	NA	NA
1298700_1	chr1	-	19	0	0	1	19	24020372	24020390	NA	NA
1298701_1	chrX	-	19	0	0	1	19	108297812	108297830	NA	NA
1298702_14	chr16	-	19	0	0	1	19	33965560	33965578	NA	NA
1298703_1	chrE	-	19	0	0	1	19	2573	2591	NA	NA
1298704_1	chr18	-	19	0	0	1	19	23632620	23632602	NA	NA
1298705_1	chr9	-	19	0	0	1	19	79186852	79186870	NA	NA
1298706_2	chr3	-	19	0	0	1	19	170636392	170636410	NA	NA
1298707_1	chr19	-	19	0	0	1	19	14628774	14628792	NA	NA
1298708_1	chr3	-	19	0	0	1	19	149689462	149689480	NA	NA
1298709_1	chr2	-	19	0	0	1	19	240378720	240378702	NA	NA
1298710_1	chrE	-	19	0	0	1	19	4188	4206	NA	NA
1298711_1	chr16	-	19	0	0	1	19	55784542	55784560	NA	NA
1298712_1	chr7	-	19	0	0	1	19	72300296	72300314	NA	NA
1298713_1	chr21	-	19	0	0	1	19	9827295	9827313	NA	NA
1298714_1	chr7	-	19	0	0	1	19	73819845	73819827	NA	NA
1298715_1	chrY	-	19	0	0	1	19	10037856	10037874	NA	NA
1298716_1	chr6	-	19	0	0	1	19	27778050	27778068	NA	NA
1298717_5	chrE	-	19	0	0	1	19	5421	5439	NA	NA
1298718_1	chr6	-	19	0	0	1	19	26204844	26204862	NA	NA
1298719_2	chr9	-	19	0	0	1	19	79186854	79186872	NA	NA
1298720_1	chr2	-	19	0	0	1	19	230045582	230045564	NA	NA
1298721_1	chrE	-	19	0	0	1	19	3267	3285	NA	NA
1298722_1	chr16	-	19	0	0	1	19	30080850	30080868	NA	NA
1298723_1	chrE	-	19	0	0	1	19	1526	1544	NA	NA
1298724_1	chrE	-	19	0	0	1	19	2586	2604	NA	NA
1298725_1	chr3	-	19	0	0	1	19	41040483	41040465	NA	NA
1298726_1	chr12	-	19	0	0	1	19	6494473	6494455	NA	NA
1298727_1	chr11	-	19	0	0	1	19	77759495	77759477	NA	NA
1298728_1	chr10	-	19	0	0	1	19	77389269	77389287	NA	NA
1298729_1	chr1	-	19	0	0	1	19	53793839	53793857	NA	NA
1298730_2	chr17	-	19	0	0	1	19	33478292	33478274	NA	NA
1298731_1	chr10	-	19	0	0	1	19	94822647	94822665	NA	NA
1298732_2	chr16	-	19	0	0	1	19	47538729	47538747	NA	NA
1298733_1	chrE	-	19	0	0	1	19	6239	6257	NA	NA
1298734_1	chr21	-	19	0	0	1	19	16974894	16974912	NA	NA
1298735_1	chrE	-	19	0	0	1	19	914	932	NA	NA
1298736_1	chr11	-	19	0	0	1	19	47198689	47198707	NA	NA
1298737_1	chr4	-	19	0	0	1	19	68642835	68642817	NA	NA
1298738_1	chr5	-	19	0	0	1	19	175309111	175309129	NA	NA
1298739_1	chr21	-	19	0	0	1	19	9827057	9827075	NA	NA
1298740_1	chr5	-	19	0	0	1	19	179132787	179132805	NA	NA
1298741_1	chrX	-	19	0	0	1	19	108297808	108297826	NA	NA
1298742_4	chr17	-	19	0	0	1	19	2296346	2296364	NA	NA
1298743_1	chr18	-	19	0	0	1	19	21594629	21594611	NA	NA
1298744_1	chr2	-	19	0	0	1	19	37487501	37487483	NA	NA
1298745_1	chr7	-	19	0	0	1	19	90894933	90894951	NA	NA
1298746_1	chr12	-	19	0	0	1	19	23600340	23600358	NA	NA
1298747_1	chr15	-	19	0	0	1	19	74967638	74967656	NA	NA
1298748_1	chr10	-	19	0	0	1	19	125213694	125213676	NA	NA
1298749_1	chr10	-	19	0	0	1	19	36397920	36397938	NA	NA
1298750_1	chr9	-	19	0	0	1	19	124398426	124398408	NA	NA
1298751_1	chrE	-	19	0	0	1	19	4144	4162	NA	NA
1298752_1	chrE	-	19	0	0	1	19	713	731	NA	NA
1298753_1	chr2	-	19	0	0	1	19	133037154	133037136	NA	NA
1298754_1	chr18	-	19	0	0	1	19	21730172	21730190	NA	NA
1298755_1	chrE	-	19	0	0	1	19	662	680	NA	NA
1298756_1	chrE	-	19	0	0	1	19	6583	6601	NA	NA
1298757_1	chr17	-	19	0	0	1	19	33478293	33478275	NA	NA
1298758_1	chr1	-	19	0	0	1	19	19992300	19992318	NA	NA
1298759_1	chr11	-	19	0	0	1	19	114590506	114590524	NA	NA
1298760_1	chr12	-	19	0	0	1	19	70419095	70419077	NA	NA
1298761_1	chr17	-	19	0	0	1	19	80529717	80529735	NA	NA
1298762_1	chrE	-	19	0	0	1	19	2077	2095	NA	NA
1298763_1	chr13	-	19	0	0	1	19	57979208	57979190	NA	NA
1298764_1	chr1	-	19	0	0	1	19	240827851	240827869	NA	NA
1298765_1	chr17	-	19	0	0	1	19	33478260	33478242	NA	NA
1298766_1	chr18	-	19	0	0	1	19	59072423	59072405	NA	NA
1298767_1	chr8	-	19	0	0	1	19	38239566	38239548	NA	NA
1298768_1	chrE	-	19	0	0	1	19	5881	5899	NA	NA
1298769_25	chr12	-	19	0	0	1	19	33049886	33049904	NA	NA
1298770_1	chr21	-	19	0	0	1	19	9827289	9827307	NA	NA
1298771_1	chr17	-	19	0	0	1	19	7983307	7983289	NA	NA
1298772_1	chr17	-	19	0	0	1	19	34144731	34144749	NA	NA
1298773_1	chr17	-	19	0	0	1	19	47118798	47118816	NA	NA
1298774_6	chrX	-	19	0	0	1	19	108297809	108297827	NA	NA
1298775_1	chr2	-	19	0	0	1	19	71565816	71565798	NA	NA
1298776_1	chr16	-	19	0	0	1	19	33963185	33963203	NA	NA
1298777_1	chr2	-	19	0	0	1	19	71565814	71565796	NA	NA
1298778_1	chr1	-	19	0	0	1	19	113658925	113658943	NA	NA
1298779_1	chr9	-	19	0	0	1	19	129373512	129373530	NA	NA
1298780_1	chr2	-	19	0	0	1	19	114736923	114736941	NA	NA
1298781_1	chr11	-	19	0	0	1	19	68550272	68550290	NA	NA
1298782_1	chr2	-	19	0	0	1	19	133011937	133011919	NA	NA
1298783_1	chr1	-	19	0	0	1	19	109940406	109940388	NA	NA
1298784_1	chr7	-	19	0	0	1	19	27498411	27498393	NA	NA
1298785_1	chr16	-	19	0	0	1	19	1542478	1542496	NA	NA
1298786_1	chr9	-	19	0	0	1	19	742443	742461	NA	NA
1298787_1	chr10	-	19	0	0	1	19	131505964	131505946	NA	NA
1298788_1	chr16	-	19	0	0	1	19	47538728	47538746	NA	NA
1298789_1	chr4	-	19	0	0	1	19	31642538	31642520	NA	NA
1298790_2	chr16	-	19	0	0	1	19	47538731	47538749	NA	NA
1298791_1	chr17	-	19	0	0	1	19	33478262	33478244	NA	NA
1298792_1	chr7	-	19	0	0	1	19	119941450	119941468	NA	NA
1298793_1	chr2	-	19	0	0	1	19	133012758	133012740	NA	NA
1298794_1	chr16	-	19	0	0	1	19	66968206	66968188	NA	NA
1298795_1	chrE	-	19	0	0	1	19	3725	3743	NA	NA
1298796_1	chr7	-	19	0	0	1	19	46022665	46022647	NA	NA
1298797_1	chr21	-	19	0	0	1	19	45553057	45553039	NA	NA
1298798_1	chrE	-	19	0	0	1	19	3606	3624	NA	NA
1298799_1	chr12	-	19	0	0	1	19	127650657	127650639	NA	NA
1298800_1	chr15	-	19	0	0	1	19	65412269	65412251	NA	NA
1298801_1	chr21	-	19	0	0	1	19	9827463	9827481	NA	NA
1298802_1	chr22	-	19	0	0	1	19	43011327	43011345	NA	NA
1298803_1	chr6	-	19	0	0	1	19	109690144	109690126	NA	NA
1298804_1	chrE	-	19	0	0	1	19	4075	4093	NA	NA
1298805_1	chr2	-	19	0	0	1	19	189871093	189871111	NA	NA
1298806_1	chrE	-	19	0	0	1	19	594	612	NA	NA
1298807_2	chr2	-	19	0	0	1	19	98281068	98281050	NA	NA
1298808_1	chrE	-	19	0	0	1	19	5377	5395	NA	NA
1298809_1	chr1	-	19	0	0	1	19	119467297	119467279	NA	NA
1298810_1	chrE	-	19	0	0	1	19	2048	2066	NA	NA
1298811_1	chr2	-	19	0	0	1	19	39219765	39219747	NA	NA
1298812_1	chrX	-	19	0	0	1	19	152352317	152352299	NA	NA
1298813_1	chr10	-	19	0	0	1	19	30024594	30024576	NA	NA
1298814_1	chr4	-	19	0	0	1	19	37978931	37978949	NA	NA
1298815_1	chr10	-	19	0	0	1	19	132588139	132588157	NA	NA
1298816_1	chrX	-	19	0	0	1	19	23689723	23689741	NA	NA
1298817_1	chr16	-	19	0	0	1	19	85834819	85834837	NA	NA
1298818_1	chr16	-	19	0	0	1	19	33963347	33963365	NA	NA
1298819_1	chr5	-	19	0	0	1	19	71146890	71146908	NA	NA
1298820_1	chrE	-	19	0	0	1	19	702	720	NA	NA
1298821_1	chr2	-	19	0	0	1	19	230045506	230045488	NA	NA
1298822_1	chr7	-	19	0	0	1	19	131012594	131012612	NA	NA
1298823_1	chrE	-	19	0	0	1	19	733	751	NA	NA
# blasting completed