171575_1	chrE	-	22	0	0	1	22	6331	6352	NA	NA
171576_1	chr10	-	22	0	0	1	22	12070957	12070936	NA	NA
171577_1	chr1	-	22	0	0	1	22	36554804	36554783	NA	NA
171578_3	chrY	-	22	0	0	1	22	10037852	10037873	NA	NA
171579_1	chr6	-	22	0	0	1	22	44218883	44218904	NA	NA
171580_1	chr20	-	22	0	0	1	22	10256178	10256199	NA	NA
171581_1	chr3	-	22	0	0	1	22	107938298	107938277	NA	NA
171582_1	chrE	-	22	0	0	1	22	1250	1271	NA	NA
171583_28	chr16	-	22	0	0	1	22	47538727	47538748	NA	NA
171584_1	chr19	-	22	0	0	1	22	47111491	47111512	NA	NA
171585_1	chr7	-	22	0	0	1	22	99751097	99751118	NA	NA
171586_1	chrE	-	22	0	0	1	22	5601	5622	NA	NA
171587_1	chr3	-	22	0	0	1	22	32450034	32450013	NA	NA
171588_1	chr10	-	22	0	0	1	22	81112129	81112150	NA	NA
171589_1	chr2	-	22	0	0	1	22	85133518	85133539	NA	NA
171590_1	chr16	-	22	0	0	1	22	2034220	2034241	NA	NA
171591_1	chr14	-	22	0	0	1	22	66974976	66974997	NA	NA
171592_1	chr5	-	22	0	0	1	22	108586003	108585982	NA	NA
171593_1	chr2	-	22	0	0	1	22	164856669	164856648	NA	NA
171594_1	chr22	-	22	0	0	1	22	29695593	29695614	NA	NA
171595_1	chr17	-	22	0	0	1	22	79803827	79803806	NA	NA
171596_2	chr21	-	22	0	0	1	22	9827147	9827168	NA	NA
171597_1	chrE	-	22	0	0	1	22	2232	2253	NA	NA
171598_1	chr8	-	22	0	0	1	22	102550209	102550188	NA	NA
171599_1	chrX	-	22	0	0	1	22	101769024	101769003	NA	NA
171600_4	chr2	-	22	0	0	1	22	133039193	133039172	NA	NA
171601_1	chr20	-	22	0	0	1	22	33971937	33971916	NA	NA
171602_1	chr14	-	22	0	0	1	22	103539888	103539909	NA	NA
171603_1	chr7	-	22	0	0	1	22	100210339	100210360	NA	NA
171604_1	chr2	-	22	0	0	1	22	158741386	158741365	NA	NA
171605_1	chr15	-	22	0	0	1	22	40330546	40330525	NA	NA
171606_1	chr1	-	22	0	0	1	22	169961360	169961339	NA	NA
171607_1	chr17	-	22	0	0	1	22	79849434	79849413	NA	NA
171608_1	chr4	-	22	0	0	1	22	128776395	128776416	NA	NA
171609_8	chrX	-	22	0	0	1	22	108297806	108297827	NA	NA
171610_1	chr6	-	22	0	0	1	22	26045644	26045665	NA	NA
171611_1	chrE	-	22	0	0	1	22	6640	6661	NA	NA
171612_1	chr22	-	22	0	0	1	22	30736242	30736221	NA	NA
171613_1	chr1	-	22	0	0	1	22	179834110	179834089	NA	NA
171614_1	chr8	-	22	0	0	1	22	48751739	48751718	NA	NA
171615_3	chr1	-	22	0	0	1	22	21113823	21113802	NA	NA
171616_1	chrE	-	22	0	0	1	22	742	763	NA	NA
171617_1	chrE	-	22	0	0	1	22	3340	3361	NA	NA
171618_1	chrE	-	22	0	0	1	22	5736	5757	NA	NA
171619_1	chrE	-	22	0	0	1	22	3669	3690	NA	NA
171620_1	chrE	-	22	0	0	1	22	1572	1593	NA	NA
171621_1	chr6	-	22	0	0	1	22	30691875	30691896	NA	NA
171622_1	chr3	-	22	0	0	1	22	127779437	127779458	NA	NA
171623_1	chr19	-	22	0	0	1	22	54711351	54711372	NA	NA
171624_1	chr6	-	22	0	0	1	22	28626047	28626026	NA	NA
171625_1	chr21	-	22	0	0	1	22	9827291	9827312	NA	NA
171626_1	chr17	-	22	0	0	1	22	33478347	33478326	NA	NA
171627_1	chr13	-	22	0	0	1	22	52733727	52733748	NA	NA
171628_1	chrE	-	22	0	0	1	22	6881	6902	NA	NA
171629_1	chr2	-	22	0	0	1	22	230045521	230045500	NA	NA
171630_3	chrE	-	22	0	0	1	22	1491	1512	NA	NA
171631_1	chrE	-	22	0	0	1	22	636	657	NA	NA
171632_1	chr22	-	22	0	0	1	22	29674123	29674144	NA	NA
171633_1	chr1	-	22	0	0	1	22	44678907	44678886	NA	NA
171634_1	chrE	-	22	0	0	1	22	1681	1702	NA	NA
171635_1	chr1	-	22	0	0	1	22	169099309	169099330	NA	NA
171636_1	chr6	-	22	0	0	1	22	111368553	111368532	NA	NA
171637_1	chrE	-	22	0	0	1	22	854	875	NA	NA
171638_1	chrE	-	22	0	0	1	22	1930	1951	NA	NA
171639_1	chr14	-	22	0	0	1	22	45553425	45553446	NA	NA
171640_2	chr12	-	22	0	0	1	22	127650658	127650637	NA	NA
171641_1	chr2	-	22	0	0	1	22	65455047	65455068	NA	NA
171642_1	chr15	-	22	0	0	1	22	79177343	79177364	NA	NA
171643_1	chrE	-	22	0	0	1	22	6760	6781	NA	NA
171644_1	chr1	-	22	0	0	1	22	1167664	1167685	NA	NA
171645_9	chr13	-	22	0	0	1	22	112758182	112758161	NA	NA
171646_1	chr3	-	22	0	0	1	22	187872099	187872120	NA	NA
171647_1	chr2	-	22	0	0	1	22	230045522	230045501	NA	NA
171648_1	chr3	-	22	0	0	1	22	167759203	167759182	NA	NA
171649_2	chrE	-	22	0	0	1	22	1249	1270	NA	NA
171650_13	chr19	-	22	0	0	1	22	24185252	24185231	NA	NA
171651_1	chrE	-	22	0	0	1	22	4342	4363	NA	NA
171652_2	chr6	-	22	0	0	1	22	17581047	17581068	NA	NA
171653_1	chr17	-	22	0	0	1	22	33478348	33478327	NA	NA
171654_1	chr2	-	22	0	0	1	22	3483131	3483110	NA	NA
171655_15	chr5	-	22	0	0	1	22	488385	488406	NA	NA
171656_1	chr2	-	22	0	0	1	22	85822884	85822905	NA	NA
171657_8	chr21	-	22	0	0	1	22	9827300	9827321	NA	NA
171658_1	chr19	-	22	0	0	1	22	47249505	47249484	NA	NA
171659_1	chr7	-	22	0	0	1	22	56136180	56136201	NA	NA
171660_1	chrE	-	22	0	0	1	22	979	1000	NA	NA
171661_71	chr16	-	22	0	0	1	22	47538728	47538749	NA	NA
171662_1	chr22	-	22	0	0	1	22	19710073	19710094	NA	NA
171663_1	chrE	-	22	0	0	1	22	1146	1167	NA	NA
171664_1	chrE	-	22	0	0	1	22	1724	1745	NA	NA
171665_2	chrE	-	22	0	0	1	22	3342	3363	NA	NA
171666_2	chrE	-	22	0	0	1	22	5343	5364	NA	NA
171667_1	chr2	-	22	0	0	1	22	85549332	85549311	NA	NA
171668_1	chr2	-	22	0	0	1	22	38804626	38804605	NA	NA
171669_1	chr1	-	22	0	0	1	22	244204491	244204470	NA	NA
171670_1	chrE	-	22	0	0	1	22	3128	3149	NA	NA
171671_14	chrX	-	22	0	0	1	22	8699983	8699962	NA	NA
171672_1	chr19	-	22	0	0	1	22	46319250	46319229	NA	NA
171673_1	chrE	-	22	0	0	1	22	4337	4358	NA	NA
171674_1	chrE	-	22	0	0	1	22	1200	1221	NA	NA
171675_1	chr3	-	22	0	0	1	22	176795086	176795107	NA	NA
171676_1	chr16	-	22	0	0	1	22	33963339	33963360	NA	NA
171677_1	chr11	-	22	0	0	1	22	86017336	86017357	NA	NA
171678_1	chr6	-	22	0	0	1	22	9399128	9399107	NA	NA
171679_63	chr20	-	22	0	0	1	22	62421651	62421672	NA	NA
171680_2	chrE	-	22	0	0	1	22	777	798	NA	NA
171681_2	chrX	-	22	0	0	1	22	108297729	108297750	NA	NA
171682_1	chr16	-	22	0	0	1	22	23701371	23701392	NA	NA
171683_44	chr16	-	22	0	0	1	22	47538725	47538746	NA	NA
171684_1	chrE	-	22	0	0	1	22	966	987	NA	NA
171685_1	chr2	-	22	0	0	1	22	133037870	133037849	NA	NA
171686_1	chr5	-	22	0	0	1	22	67591270	67591291	NA	NA
171687_3	chrY	-	22	0	0	1	22	10037851	10037872	NA	NA
171688_1	chr5	-	22	0	0	1	22	179042586	179042565	NA	NA
171689_1	chrE	-	22	0	0	1	22	1875	1896	NA	NA
171690_3	chrE	-	22	0	0	1	22	1625	1646	NA	NA
171691_1	chrE	-	22	0	0	1	22	986	1007	NA	NA
171692_1	chrE	-	22	0	0	1	22	6354	6375	NA	NA
171693_1	chr21	-	22	0	0	1	22	9827176	9827197	NA	NA
171694_1	chrE	-	22	0	0	1	22	5446	5467	NA	NA
171695_2	chrX	-	22	0	0	1	22	153200659	153200680	NA	NA
171696_1	chr2	-	22	0	0	1	22	63821646	63821667	NA	NA
171697_1	chr17	-	22	0	0	1	22	33478263	33478242	NA	NA
171698_1	chr10	-	22	0	0	1	22	56962590	56962611	NA	NA
171699_1	chrE	-	22	0	0	1	22	5466	5487	NA	NA
171700_1	chr22	-	22	0	0	1	22	33253263	33253284	NA	NA
171701_1	chr19	-	22	0	0	1	22	36066541	36066562	NA	NA
171702_1	chrE	-	22	0	0	1	22	1532	1553	NA	NA
171703_1	chr9	-	22	0	0	1	22	127174661	127174640	NA	NA
171704_1	chr17	-	22	0	0	1	22	39976631	39976652	NA	NA
171705_1	chrE	-	22	0	0	1	22	588	609	NA	NA
171706_1	chrE	-	22	0	0	1	22	1624	1645	NA	NA
171707_1	chrE	-	22	0	0	1	22	4351	4372	NA	NA
171708_1	chr10	-	22	0	0	1	22	124922293	124922314	NA	NA
171709_1	chr13	-	22	0	0	1	22	21834298	21834319	NA	NA
171710_1	chr22	-	22	0	0	1	22	19776431	19776410	NA	NA
171711_2	chrE	-	22	0	0	1	22	5649	5670	NA	NA
171712_1	chrE	-	22	0	0	1	22	2990	3011	NA	NA
171713_1	chrX	-	22	0	0	1	22	149861833	149861812	NA	NA
171714_1	chrE	-	22	0	0	1	22	3772	3793	NA	NA
171715_1	chr11	-	22	0	0	1	22	9595247	9595268	NA	NA
171716_5	chr6	-	22	0	0	1	22	143268828	143268807	NA	NA
171717_1	chr3	-	22	0	0	1	22	127778962	127778983	NA	NA
171718_1	chrX	-	22	0	0	1	22	117861281	117861302	NA	NA
171719_1	chr7	-	22	0	0	1	22	98951585	98951606	NA	NA
171720_1	chr8	-	22	0	0	1	22	95531651	95531630	NA	NA
171721_1	chrE	-	22	0	0	1	22	2424	2445	NA	NA
171722_6	chrE	-	22	0	0	1	22	619	640	NA	NA
171723_1	chr11	-	22	0	0	1	22	9595371	9595392	NA	NA
171724_1	chr2	-	22	0	0	1	22	133039160	133039139	NA	NA
171725_1	chrE	-	22	0	0	1	22	1929	1950	NA	NA
171726_2	chrE	-	22	0	0	1	22	989	1010	NA	NA
171727_1	chr4	-	22	0	0	1	22	499511	499532	NA	NA
171728_1	chr9	-	22	0	0	1	22	5787588	5787567	NA	NA
171729_1	chr3	-	22	0	0	1	22	48884929	48884908	NA	NA
171730_3	chrY	-	22	0	0	1	22	10037853	10037874	NA	NA
171731_2	chr17	-	22	0	0	1	22	33478266	33478245	NA	NA
171732_1	chrE	-	22	0	0	1	22	5809	5830	NA	NA
171733_1	chr3	-	22	0	0	1	22	65673349	65673370	NA	NA
171734_1	chr1	-	22	0	0	1	22	201858164	201858185	NA	NA
171735_1	chr21	-	22	0	0	1	22	9827298	9827319	NA	NA
171736_1	chrE	-	22	0	0	1	22	1412	1433	NA	NA
171737_1	chrE	-	22	0	0	1	22	3950	3971	NA	NA
171738_1	chr6	-	22	0	0	1	22	33245332	33245311	NA	NA
171739_1	chrE	-	22	0	0	1	22	3153	3174	NA	NA
171740_1	chr7	-	22	0	0	1	22	107198497	107198476	NA	NA
171741_1	chr12	-	22	0	0	1	22	127650622	127650601	NA	NA
171742_1	chr8	-	22	0	0	1	22	98289569	98289548	NA	NA
171743_2	chrE	-	22	0	0	1	22	6368	6389	NA	NA
171744_1	chrX	-	22	0	0	1	22	153200660	153200681	NA	NA
171745_1	chr12	-	22	0	0	1	22	72360200	72360221	NA	NA
171746_1	chrE	-	22	0	0	1	22	3833	3854	NA	NA
171747_1	chrE	-	22	0	0	1	22	3272	3293	NA	NA
171748_1	chr12	-	22	0	0	1	22	57107357	57107336	NA	NA
171749_1	chr1	-	22	0	0	1	22	76255640	76255661	NA	NA
171750_1	chr5	-	22	0	0	1	22	71403370	71403391	NA	NA
171751_1	chrE	-	22	0	0	1	22	1230	1251	NA	NA
171752_4	chrE	-	22	0	0	1	22	7078	7099	NA	NA
171753_1	chrE	-	22	0	0	1	22	7087	7108	NA	NA
171754_1	chrE	-	22	0	0	1	22	662	683	NA	NA
171755_1	chrX	-	22	0	0	1	22	128642053	128642032	NA	NA
171756_1	chr17	-	22	0	0	1	22	73231245	73231266	NA	NA
171757_1	chrE	-	22	0	0	1	22	2882	2903	NA	NA
171758_1	chr21	-	22	0	0	1	22	45719930	45719909	NA	NA
171759_1	chr22	-	22	0	0	1	22	50893332	50893311	NA	NA
171760_1	chr17	-	22	0	0	1	22	78518715	78518736	NA	NA
171761_1	chr2	-	22	0	0	1	22	43184703	43184682	NA	NA
171762_36	chr9	-	22	0	0	1	22	79186675	79186696	NA	NA
171763_1	chr15	-	22	0	0	1	22	78600495	78600516	NA	NA
171764_1	chr17	-	22	0	0	1	22	37006406	37006385	NA	NA
171765_1	chr11	-	22	0	0	1	22	66025057	66025078	NA	NA
171766_1	chr19	-	22	0	0	1	22	47922451	47922472	NA	NA
171767_1	chr11	-	22	0	0	1	22	18427016	18427037	NA	NA
171768_1	chr7	-	22	0	0	1	22	94293335	94293356	NA	NA
171769_2	chr9	-	22	0	0	1	22	79186676	79186697	NA	NA
171770_1	chr9	-	22	0	0	1	22	35066723	35066702	NA	NA
171771_1	chrE	-	22	0	0	1	22	3493	3514	NA	NA
171772_1	chr14	-	22	0	0	1	22	96343100	96343079	NA	NA
171773_1	chrE	-	22	0	0	1	22	1892	1913	NA	NA
171774_1	chr19	-	22	0	0	1	22	51171618	51171639	NA	NA
171775_1	chr1	-	22	0	0	1	22	73719719	73719698	NA	NA
171776_1	chrE	-	22	0	0	1	22	5232	5253	NA	NA
171777_1	chr17	-	22	0	0	1	22	4210388	4210367	NA	NA
171778_1	chr20	-	22	0	0	1	22	62421650	62421671	NA	NA
171779_2	chrE	-	22	0	0	1	22	4718	4739	NA	NA
171780_1	chr19	-	22	0	0	1	22	2163946	2163967	NA	NA
171781_1	chr1	-	22	0	0	1	22	45243395	45243416	NA	NA
171782_1	chr1	-	22	0	0	1	22	47903218	47903197	NA	NA
171783_2	chr3	-	22	0	0	1	22	54660290	54660269	NA	NA
171784_2	chrE	-	22	0	0	1	22	2856	2877	NA	NA
171785_1	chrE	-	22	0	0	1	22	3566	3587	NA	NA
171786_1	chr10	-	22	0	0	1	22	127843836	127843815	NA	NA
171787_1	chr19	-	22	0	0	1	22	14204476	14204455	NA	NA
171788_3	chr5	-	22	0	0	1	22	149681998	149682019	NA	NA
171789_1	chr16	-	22	0	0	1	22	33965511	33965532	NA	NA
171790_1	chr17	-	22	0	0	1	22	43303035	43303056	NA	NA
171791_1	chrE	-	22	0	0	1	22	6828	6849	NA	NA
171792_1	chrE	-	22	0	0	1	22	3818	3839	NA	NA
171793_1	chrE	-	22	0	0	1	22	727	748	NA	NA
171794_1	chr3	-	22	0	0	1	22	186505461	186505482	NA	NA
171795_1	chr15	-	22	0	0	1	22	31776485	31776464	NA	NA
171796_1	chrE	-	22	0	0	1	22	2789	2810	NA	NA
171797_2	chrE	-	22	0	0	1	22	765	786	NA	NA
171798_1	chrE	-	22	0	0	1	22	3043	3064	NA	NA
171799_1	chr15	-	22	0	0	1	22	65578761	65578740	NA	NA
171800_1	chr3	-	22	0	0	1	22	128889366	128889345	NA	NA
171801_1	chr19	-	22	0	0	1	22	1254178	1254199	NA	NA
171802_1	chrE	-	22	0	0	1	22	713	734	NA	NA
171803_1	chr2	-	22	0	0	1	22	48602143	48602164	NA	NA
171804_1	chr7	-	22	0	0	1	22	87839351	87839330	NA	NA
171805_2	chr11	-	22	0	0	1	22	45848293	45848272	NA	NA
171806_1	chr8	-	22	0	0	1	22	21456074	21456095	NA	NA
171807_1	chr1	-	22	0	0	1	22	44019203	44019224	NA	NA
171808_1	chr12	-	22	0	0	1	22	6601558	6601537	NA	NA
171809_1	chrE	-	22	0	0	1	22	2657	2678	NA	NA
171810_1	chr1	-	22	0	0	1	22	91852836	91852815	NA	NA
171811_1	chr1	-	22	0	0	1	22	35657858	35657837	NA	NA
171812_1	chrE	-	22	0	0	1	22	1761	1782	NA	NA
171813_1	chrE	-	22	0	0	1	22	2493	2514	NA	NA
171814_1	chr2	-	22	0	0	1	22	47630251	47630230	NA	NA
171815_1	chr9	-	22	0	0	1	22	79186677	79186698	NA	NA
171816_1	chrE	-	22	0	0	1	22	3139	3160	NA	NA
171817_4	chrX	-	22	0	0	1	22	108297809	108297830	NA	NA
171818_1	chr15	-	22	0	0	1	22	49048396	49048375	NA	NA
171819_1	chr8	-	22	0	0	1	22	109482346	109482367	NA	NA
171820_1	chr19	-	22	0	0	1	22	34745638	34745617	NA	NA
171821_2	chr9	-	22	0	0	1	22	136293915	136293894	NA	NA
171822_1	chrE	-	22	0	0	1	22	4924	4945	NA	NA
171823_1	chr7	-	22	0	0	1	22	2400394	2400415	NA	NA
171824_1	chrE	-	22	0	0	1	22	6102	6123	NA	NA
171825_1	chrE	-	22	0	0	1	22	4881	4902	NA	NA
171826_1	chrE	-	22	0	0	1	22	1820	1841	NA	NA
171827_1	chr2	-	22	0	0	1	22	47630250	47630229	NA	NA
171828_1	chr2	-	22	0	0	1	22	59224737	59224716	NA	NA
171829_1	chr6	-	22	0	0	1	22	31606922	31606901	NA	NA
171830_2	chr17	-	22	0	0	1	22	33478265	33478244	NA	NA
171831_1	chr21	-	22	0	0	1	22	9827377	9827398	NA	NA
171832_1	chrE	-	22	0	0	1	22	1804	1825	NA	NA
171833_1	chrE	-	22	0	0	1	22	1859	1880	NA	NA
171834_1	chr6	-	22	0	0	1	22	26032290	26032269	NA	NA
171835_1	chr16	-	22	0	0	1	22	68331332	68331353	NA	NA
171836_1	chr21	-	22	0	0	1	22	16337691	16337670	NA	NA
171837_1	chr6	-	22	0	0	1	22	2876319	2876340	NA	NA
171838_1	chrX	-	22	0	0	1	22	108297804	108297825	NA	NA
171839_1	chr8	-	22	0	0	1	22	46951864	46951843	NA	NA
171840_1	chr12	-	22	0	0	1	22	48387796	48387775	NA	NA
171841_1	chrE	-	22	0	0	1	22	7036	7057	NA	NA
171842_6	chrE	-	22	0	0	1	22	905	926	NA	NA
171843_1	chr16	-	22	0	0	1	22	5028202	5028223	NA	NA
171844_1	chr16	-	22	0	0	1	22	33963896	33963917	NA	NA
171845_1	chr6	-	22	0	0	1	22	88279287	88279266	NA	NA
171846_1	chr4	-	22	0	0	1	22	166262961	166262982	NA	NA
171847_1	chr1	-	22	0	0	1	22	220311342	220311363	NA	NA
171848_1	chr4	-	22	0	0	1	22	41259272	41259251	NA	NA
171849_1	chrE	-	22	0	0	1	22	815	836	NA	NA
171850_1	chr11	-	22	0	0	1	22	1249959	1249938	NA	NA
171851_1	chrE	-	22	0	0	1	22	6963	6984	NA	NA
171852_1	chr17	-	22	0	0	1	22	72200289	72200310	NA	NA
171853_2	chr20	-	22	0	0	1	22	32891210	32891231	NA	NA
171854_1	chrE	-	22	0	0	1	22	2529	2550	NA	NA
171855_1	chr17	-	22	0	0	1	22	40574696	40574675	NA	NA
171856_1	chr9	-	22	0	0	1	22	72803567	72803546	NA	NA
171857_1	chr2	-	22	0	0	1	22	133012868	133012847	NA	NA
171858_1	chr14	-	22	0	0	1	22	102551704	102551683	NA	NA
171859_1	chr1	-	22	0	0	1	22	2899944	2899965	NA	NA
171860_1	chr12	-	22	0	0	1	22	6653232	6653211	NA	NA
171861_1	chr9	-	22	0	0	1	22	138391927	138391948	NA	NA
171862_1	chrE	-	22	0	0	1	22	2535	2556	NA	NA
171863_1	chr17	-	22	0	0	1	22	79935598	79935619	NA	NA
171864_1	chr2	-	22	0	0	1	22	230045520	230045499	NA	NA
171865_1	chr19	-	22	0	0	1	22	40421811	40421790	NA	NA
171866_1	chr11	-	22	0	0	1	22	8723341	8723362	NA	NA
171867_2	chr21	-	22	0	0	1	22	9827379	9827400	NA	NA
171868_2	chrE	-	22	0	0	1	22	599	620	NA	NA
171869_1	chrE	-	22	0	0	1	22	647	668	NA	NA
171870_1	chr5	-	22	0	0	1	22	33886347	33886326	NA	NA
171871_1	chr19	-	22	0	0	1	22	54711338	54711359	NA	NA
171872_1	chrE	-	22	0	0	1	22	1801	1822	NA	NA
171873_1	chr1	-	22	0	0	1	22	62190650	62190629	NA	NA
171874_1	chr17	-	22	0	0	1	22	33478192	33478171	NA	NA
171875_2	chrE	-	22	0	0	1	22	2883	2904	NA	NA
171876_2	chr1	-	22	0	0	1	22	206877589	206877610	NA	NA
171877_1	chr17	-	22	0	0	1	22	29298258	29298237	NA	NA
171878_1	chrE	-	22	0	0	1	22	646	667	NA	NA
171879_1	chrE	-	22	0	0	1	22	6984	7005	NA	NA
171880_1	chrE	-	22	0	0	1	22	7056	7077	NA	NA
171881_2	chr9	-	22	0	0	1	22	79186848	79186869	NA	NA
171882_1	chrE	-	22	0	0	1	22	596	617	NA	NA
171883_1	chr11	-	22	0	0	1	22	6629976	6629997	NA	NA
171884_1	chrE	-	22	0	0	1	22	4570	4591	NA	NA
171885_1	chr10	-	22	0	0	1	22	70513611	70513632	NA	NA
171886_1	chr2	-	22	0	0	1	22	162017864	162017885	NA	NA
171887_1	chrE	-	22	0	0	1	22	1202	1223	NA	NA
171888_1	chr9	-	22	0	0	1	22	131140336	131140357	NA	NA
171889_1	chr21	-	22	0	0	1	22	9827375	9827396	NA	NA
171890_1	chr12	-	22	0	0	1	22	49854683	49854704	NA	NA
171891_1	chr1	-	22	0	0	1	22	100181191	100181170	NA	NA
171892_1	chrE	-	22	0	0	1	22	3644	3665	NA	NA
171893_1	chrE	-	22	0	0	1	22	814	835	NA	NA
171894_1	chr1	-	22	0	0	1	22	156721334	156721313	NA	NA
171895_1	chr6	-	22	0	0	1	22	26622814	26622793	NA	NA
171896_1	chr5	-	22	0	0	1	22	171959422	171959401	NA	NA
171897_1	chr2	-	22	0	0	1	22	240960793	240960772	NA	NA
171898_2	chrE	-	22	0	0	1	22	906	927	NA	NA
171899_1	chr7	-	22	0	0	1	22	97487618	97487597	NA	NA
171900_1	chrE	-	22	0	0	1	22	2309	2330	NA	NA
171901_1	chr17	-	22	0	0	1	22	79857931	79857952	NA	NA
171902_3	chrE	-	22	0	0	1	22	6533	6554	NA	NA
171903_1	chrE	-	22	0	0	1	22	2403	2424	NA	NA
171904_1	chrE	-	22	0	0	1	22	6975	6996	NA	NA
171905_4	chrE	-	22	0	0	1	22	1201	1222	NA	NA
171906_1	chrE	-	22	0	0	1	22	2050	2071	NA	NA
171907_2	chrE	-	22	0	0	1	22	3442	3463	NA	NA
171908_1	chrE	-	22	0	0	1	22	5729	5750	NA	NA
171909_3	chrE	-	22	0	0	1	22	732	753	NA	NA
171910_1	chr19	-	22	0	0	1	22	4909604	4909625	NA	NA
171911_1	chr2	-	22	0	0	1	22	188361701	188361680	NA	NA
171912_2	chrE	-	22	0	0	1	22	7079	7100	NA	NA
171913_1	chrE	-	22	0	0	1	22	7197	7218	NA	NA
171914_1	chr12	-	22	0	0	1	22	21094454	21094475	NA	NA
171915_1	chrE	-	22	0	0	1	22	5927	5948	NA	NA
171916_1	chr21	-	22	0	0	1	22	38081574	38081553	NA	NA
171917_1	chr7	-	22	0	0	1	22	16705070	16705091	NA	NA
171918_1	chr17	-	22	0	0	1	22	76834716	76834695	NA	NA
171919_1	chr5	-	22	0	0	1	22	82836165	82836186	NA	NA
171920_1	chrE	-	22	0	0	1	22	743	764	NA	NA
171921_1	chrE	-	22	0	0	1	22	6142	6163	NA	NA
171922_1	chrE	-	22	0	0	1	22	4517	4538	NA	NA
171923_1	chrE	-	22	0	0	1	22	871	892	NA	NA
171924_1	chrE	-	22	0	0	1	22	844	865	NA	NA
171925_4	chrE	-	22	0	0	1	22	6633	6654	NA	NA
171926_1	chrE	-	22	0	0	1	22	2923	2944	NA	NA
171927_1	chr2	-	22	0	0	1	22	189839210	189839231	NA	NA
171928_1	chr1	-	22	0	0	1	22	171535952	171535973	NA	NA
171929_1	chrE	-	22	0	0	1	22	5770	5791	NA	NA
171930_2	chrE	-	22	0	0	1	22	3809	3830	NA	NA
171931_1	chr19	-	22	0	0	1	22	2042565	2042586	NA	NA
171932_1	chr21	-	22	0	0	1	22	35284653	35284632	NA	NA
171933_3	chr6	-	22	0	0	1	22	109703674	109703695	NA	NA
171934_1	chr4	-	22	0	0	1	22	2883701	2883722	NA	NA
171935_1	chr17	-	22	0	0	1	22	45727633	45727654	NA	NA
171936_1	chrE	-	22	0	0	1	22	3613	3634	NA	NA
171937_1	chr19	-	22	0	0	1	22	58193469	58193490	NA	NA
171938_1	chrE	-	22	0	0	1	22	6629	6650	NA	NA
171939_1	chr12	-	22	0	0	1	22	779163	779184	NA	NA
171940_1	chr11	-	22	0	0	1	22	67353650	67353671	NA	NA
171941_1	chrE	-	22	0	0	1	22	2836	2857	NA	NA
171942_1	chrE	-	22	0	0	1	22	634	655	NA	NA
171943_1	chr21	-	22	0	0	1	22	30693743	30693764	NA	NA
171944_1	chrE	-	22	0	0	1	22	1802	1823	NA	NA
171945_1	chrE	-	22	0	0	1	22	5378	5399	NA	NA
171946_1	chr13	-	22	0	0	1	22	26501106	26501085	NA	NA
171947_1	chrX	-	22	0	0	1	22	108297771	108297792	NA	NA
171948_1	chr5	-	22	0	0	1	22	171881734	171881713	NA	NA
171949_1	chr2	-	22	0	0	1	22	63834016	63834037	NA	NA
171950_1	chrE	-	22	0	0	1	22	2714	2735	NA	NA
171951_1	chr11	-	22	0	0	1	22	70672202	70672223	NA	NA
171952_1	chr8	-	22	0	0	1	22	56755057	56755036	NA	NA
171953_1	chr17	-	22	0	0	1	22	45754453	45754474	NA	NA
171954_1	chr9	-	22	0	0	1	22	26919470	26919449	NA	NA
171955_1	chrE	-	22	0	0	1	22	6632	6653	NA	NA
171956_1	chr1	-	22	0	0	1	22	120277284	120277305	NA	NA
171957_1	chr8	-	22	0	0	1	22	10065381	10065402	NA	NA
171958_1	chrE	-	22	0	0	1	22	5321	5342	NA	NA
171959_1	chr17	-	22	0	0	1	22	55335641	55335662	NA	NA
171960_1	chr9	-	22	0	0	1	22	137258737	137258716	NA	NA
171961_1	chr5	-	22	0	0	1	22	150036288	150036309	NA	NA
171962_1	chr6	-	22	0	0	1	22	11372366	11372387	NA	NA
171963_1	chr12	-	22	0	0	1	22	49582830	49582809	NA	NA
171964_1	chr1	-	22	0	0	1	22	27101350	27101371	NA	NA
171965_1	chr22	-	22	0	0	1	22	19753276	19753297	NA	NA
171966_1	chrE	-	22	0	0	1	22	4902	4923	NA	NA
171967_1	chr6	-	22	0	0	1	22	138724759	138724738	NA	NA
171968_1	chrE	-	22	0	0	1	22	3594	3615	NA	NA
171969_2	chrE	-	22	0	0	1	22	1524	1545	NA	NA
171970_1	chrE	-	22	0	0	1	22	2649	2670	NA	NA
171971_1	chr17	-	22	0	0	1	22	7809942	7809963	NA	NA
171972_2	chrY	-	22	0	0	1	22	10037767	10037788	NA	NA
171973_6	chr3	-	22	0	0	1	22	9974569	9974590	NA	NA
171974_1	chr3	-	22	0	0	1	22	47969786	47969765	NA	NA
171975_1	chrE	-	22	0	0	1	22	2330	2351	NA	NA
171976_1	chr11	-	22	0	0	1	22	62655670	62655691	NA	NA
171977_4	chr5	-	22	0	0	1	22	174178766	174178745	NA	NA
171978_1	chrE	-	22	0	0	1	22	2895	2916	NA	NA
171979_1	chr1	-	22	0	0	1	22	44435664	44435685	NA	NA
171980_1	chrM	-	22	0	0	1	22	3099	3120	NA	NA
171981_1	chr9	-	22	0	0	1	22	110251243	110251222	NA	NA
171982_1	chr16	-	22	0	0	1	22	28834697	28834718	NA	NA
171983_1	chr4	-	22	0	0	1	22	1207343	1207322	NA	NA
171984_1	chr6	-	22	0	0	1	22	27100524	27100503	NA	NA
171985_1	chr1	-	22	0	0	1	22	115561449	115561470	NA	NA
171986_1	chr1	-	22	0	0	1	22	101440384	101440405	NA	NA
171987_1	chr7	-	22	0	0	1	22	93520056	93520035	NA	NA
171988_1	chr17	-	22	0	0	1	22	30992238	30992217	NA	NA
171989_1	chr18	-	22	0	0	1	22	45374933	45374912	NA	NA
171990_1	chrE	-	22	0	0	1	22	5278	5299	NA	NA
171991_1	chrE	-	22	0	0	1	22	6117	6138	NA	NA
171992_1	chr3	-	22	0	0	1	22	141944499	141944478	NA	NA
171993_1	chr14	-	22	0	0	1	22	99924813	99924792	NA	NA
171994_1	chr19	-	22	0	0	1	22	10781855	10781876	NA	NA
171995_1	chr1	-	22	0	0	1	22	202113446	202113467	NA	NA
171996_1	chr5	-	22	0	0	1	22	34937648	34937669	NA	NA
171997_1	chr17	-	22	0	0	1	22	1370811	1370790	NA	NA
171998_2	chr12	-	22	0	0	1	22	127650519	127650498	NA	NA
171999_1	chrE	-	22	0	0	1	22	784	805	NA	NA
172000_1	chr1	-	22	0	0	1	22	91853009	91852988	NA	NA
172001_1	chrM	-	22	0	0	1	22	2412	2433	NA	NA
172002_1	chrE	-	22	0	0	1	22	4422	4443	NA	NA
172003_1	chrE	-	22	0	0	1	22	2663	2684	NA	NA
172004_1	chr8	-	22	0	0	1	22	9912051	9912072	NA	NA
172005_1	chr7	-	22	0	0	1	22	91763459	91763438	NA	NA
172006_1	chrE	-	22	0	0	1	22	2555	2576	NA	NA
172007_1	chr5	-	22	0	0	1	22	65016592	65016571	NA	NA
172008_2	chrE	-	22	0	0	1	22	3070	3091	NA	NA
172009_1	chr17	-	22	0	0	1	22	30205289	30205268	NA	NA
172010_1	chrE	-	22	0	0	1	22	4070	4091	NA	NA
172011_1	chr21	-	22	0	0	1	22	9827288	9827309	NA	NA
172012_1	chr1	-	22	0	0	1	22	28975193	28975214	NA	NA
172013_1	chrE	-	22	0	0	1	22	3282	3303	NA	NA
172014_16	chr20	-	22	0	0	1	22	30192281	30192260	NA	NA
172015_1	chr21	-	22	0	0	1	22	9827151	9827172	NA	NA
172016_1	chr17	-	22	0	0	1	22	41154918	41154939	NA	NA
172017_1	chrX	-	22	0	0	1	22	108297765	108297786	NA	NA
172018_2	chrE	-	22	0	0	1	22	1984	2005	NA	NA
172019_66	chr16	-	22	0	0	1	22	47538726	47538747	NA	NA
172020_4	chr12	-	22	0	0	1	22	33049883	33049904	NA	NA
172021_1	chr17	-	22	0	0	1	22	8024304	8024325	NA	NA
172022_1	chr11	-	22	0	0	1	22	85195036	85195057	NA	NA
172023_1	chr6	-	22	0	0	1	22	31704101	31704080	NA	NA
172024_1	chr11	-	22	0	0	1	22	45902477	45902498	NA	NA
172025_1	chrE	-	22	0	0	1	22	605	626	NA	NA
172026_1	chr2	-	22	0	0	1	22	138916875	138916854	NA	NA
172027_1	chrE	-	22	0	0	1	22	4509	4530	NA	NA
172028_6	chrE	-	22	0	0	1	22	793	814	NA	NA
172029_1	chr12	-	22	0	0	1	22	6710880	6710859	NA	NA
172030_1	chr6	-	22	0	0	1	22	26157058	26157079	NA	NA
172031_2	chrE	-	22	0	0	1	22	589	610	NA	NA
172032_148	chr9	-	22	0	0	1	22	136293914	136293893	NA	NA
172033_1	chrE	-	22	0	0	1	22	7316	7337	NA	NA
172034_1	chrE	-	22	0	0	1	22	7237	7258	NA	NA
172035_1	chrE	-	22	0	0	1	22	1821	1842	NA	NA
172036_1	chr7	-	22	0	0	1	22	94294075	94294096	NA	NA
172037_4	chr9	-	22	0	0	1	22	79186854	79186875	NA	NA
172038_1	chr16	-	22	0	0	1	22	70289678	70289657	NA	NA
172039_1	chr6	-	22	0	0	1	22	150201093	150201114	NA	NA
172040_1	chr14	-	22	0	0	1	22	26205533	26205554	NA	NA
172041_2	chrY	-	22	0	0	1	22	10037863	10037884	NA	NA
172042_1	chrE	-	22	0	0	1	22	5178	5199	NA	NA
172043_1	chrY	-	22	0	0	1	22	10037895	10037916	NA	NA
172044_1	chr7	-	22	0	0	1	22	92300821	92300800	NA	NA
172045_16	chr19	-	22	0	0	1	22	1470633	1470612	NA	NA
172046_1	chrE	-	22	0	0	1	22	3512	3533	NA	NA
172047_1	chr17	-	22	0	0	1	22	33478267	33478246	NA	NA
172048_1	chrE	-	22	0	0	1	22	1229	1250	NA	NA
172049_1	chrE	-	22	0	0	1	22	5994	6015	NA	NA
172050_1	chr1	-	22	0	0	1	22	220331180	220331159	NA	NA
172051_1	chr21	-	22	0	0	1	22	9827015	9827036	NA	NA
172052_1	chr14	-	22	0	0	1	22	96343099	96343078	NA	NA
172053_1	chr21	-	22	0	0	1	22	46888217	46888238	NA	NA
172054_1	chrE	-	22	0	0	1	22	6029	6050	NA	NA
172055_1	chr10	-	22	0	0	1	22	121652259	121652280	NA	NA
172056_1	chr1	-	22	0	0	1	22	205719260	205719239	NA	NA
172057_1	chrE	-	22	0	0	1	22	6388	6409	NA	NA
172058_1	chrE	-	22	0	0	1	22	2327	2348	NA	NA
172059_1	chr13	-	22	0	0	1	22	48611911	48611932	NA	NA
172060_1	chrE	-	22	0	0	1	22	1848	1869	NA	NA
172061_21	chr2	-	22	0	0	1	22	71565820	71565799	NA	NA
172062_1	chr6	-	22	0	0	1	22	31508170	31508149	NA	NA
172063_1	chr2	-	22	0	0	1	22	113332834	113332855	NA	NA
172064_1	chrE	-	22	0	0	1	22	1722	1743	NA	NA
172065_1	chrE	-	22	0	0	1	22	2884	2905	NA	NA
172066_1	chr21	-	22	0	0	1	22	33032038	33032059	NA	NA
172067_1	chr2	-	22	0	0	1	22	220864738	220864717	NA	NA
172068_1	chr1	-	22	0	0	1	22	11968291	11968312	NA	NA
172069_1	chrE	-	22	0	0	1	22	2375	2396	NA	NA
172070_1	chrE	-	22	0	0	1	22	3973	3994	NA	NA
172071_1	chr1	-	22	0	0	1	22	120277258	120277279	NA	NA
172072_2	chrE	-	22	0	0	1	22	2852	2873	NA	NA
172073_1	chrE	-	22	0	0	1	22	1754	1775	NA	NA
172074_2	chrE	-	22	0	0	1	22	1304	1325	NA	NA
172075_1	chr8	-	22	0	0	1	22	136324427	136324448	NA	NA
172076_1	chrE	-	22	0	0	1	22	3341	3362	NA	NA
172077_1	chrE	-	22	0	0	1	22	3108	3129	NA	NA
172078_1	chrE	-	22	0	0	1	22	2305	2326	NA	NA
172079_1	chr9	-	22	0	0	1	22	136891140	136891161	NA	NA
172080_1	chrE	-	22	0	0	1	22	4772	4793	NA	NA
172081_1	chr19	-	22	0	0	1	22	10791709	10791730	NA	NA
172082_1	chr11	-	22	0	0	1	22	16133458	16133437	NA	NA
172083_1	chr8	-	22	0	0	1	22	146017765	146017744	NA	NA
172084_1	chr6	-	22	0	0	1	22	137018504	137018483	NA	NA
172085_1	chr20	-	22	0	0	1	22	35299797	35299776	NA	NA
172086_1	chrE	-	22	0	0	1	22	1776	1797	NA	NA
172087_1	chr17	-	22	0	0	1	22	73038350	73038329	NA	NA
172088_1	chr11	-	22	0	0	1	22	85340277	85340298	NA	NA
172089_1	chr19	-	22	0	0	1	22	3053887	3053866	NA	NA
172090_1	chr19	-	22	0	0	1	22	53578379	53578358	NA	NA
172091_1	chrE	-	22	0	0	1	22	4327	4348	NA	NA
172092_1	chrE	-	22	0	0	1	22	5880	5901	NA	NA
172093_7	chr9	-	22	0	0	1	22	79186674	79186695	NA	NA
172094_1	chrE	-	22	0	0	1	22	5072	5093	NA	NA
172095_1	chr17	-	22	0	0	1	22	49247349	49247370	NA	NA
172096_3	chr6	-	22	0	0	1	22	6952860	6952839	NA	NA
172097_1	chr12	-	22	0	0	1	22	34545414	34545393	NA	NA
172098_1	chr10	-	22	0	0	1	22	7842009	7842030	NA	NA
172099_3	chr2	-	22	0	0	1	22	133039192	133039171	NA	NA
172100_1	chrE	-	22	0	0	1	22	958	979	NA	NA
172101_1	chr4	-	22	0	0	1	22	187524729	187524708	NA	NA
172102_2	chrE	-	22	0	0	1	22	1982	2003	NA	NA
172103_2	chrE	-	22	0	0	1	22	907	928	NA	NA
172104_1	chr16	-	22	0	0	1	22	70557408	70557387	NA	NA
172105_1	chr2	-	22	0	0	1	22	55253690	55253669	NA	NA
172106_1	chr7	-	22	0	0	1	22	1578843	1578864	NA	NA
172107_2	chrE	-	22	0	0	1	22	6330	6351	NA	NA
172108_1	chr1	-	22	0	0	1	22	28564476	28564497	NA	NA
172109_1	chr16	-	22	0	0	1	22	33963519	33963540	NA	NA
172110_4	chrE	-	22	0	0	1	22	613	634	NA	NA
172111_1	chr2	-	22	0	0	1	22	206927904	206927883	NA	NA
172112_1	chrE	-	22	0	0	1	22	3261	3282	NA	NA
172113_1	chr1	-	22	0	0	1	22	54077164	54077185	NA	NA
172114_4	chrE	-	22	0	0	1	22	1228	1249	NA	NA
172115_1	chr17	-	22	0	0	1	22	33478332	33478311	NA	NA
172116_1	chr2	-	22	0	0	1	22	73340077	73340056	NA	NA
172117_1	chr12	-	22	0	0	1	22	127650660	127650639	NA	NA
172118_1	chrE	-	22	0	0	1	22	2536	2557	NA	NA
172119_1	chr7	-	22	0	0	1	22	94292864	94292885	NA	NA
172120_3	chr2	-	22	0	0	1	22	133038794	133038773	NA	NA
172121_2	chr16	-	22	0	0	1	22	33963342	33963363	NA	NA
172122_1	chrE	-	22	0	0	1	22	1306	1327	NA	NA
172123_1	chrE	-	22	0	0	1	22	7310	7331	NA	NA
172124_1	chr6	-	22	0	0	1	22	112480004	112479983	NA	NA
172125_1	chr10	-	22	0	0	1	22	102010034	102010013	NA	NA
172126_1	chr10	-	22	0	0	1	22	75864849	75864870	NA	NA
172127_1	chr14	-	22	0	0	1	22	71641132	71641111	NA	NA
172128_1	chr1	-	22	0	0	1	22	210547535	210547514	NA	NA
172129_1	chrE	-	22	0	0	1	22	3069	3090	NA	NA
172130_1	chrE	-	22	0	0	1	22	3012	3033	NA	NA
172131_1	chr11	-	22	0	0	1	22	130108376	130108355	NA	NA
172132_1	chr1	-	22	0	0	1	22	22379340	22379361	NA	NA
172133_2	chrE	-	22	0	0	1	22	6554	6575	NA	NA
172134_1	chr6	-	22	0	0	1	22	10728869	10728890	NA	NA
172135_1	chr17	-	22	0	0	1	22	33478268	33478247	NA	NA
172136_1	chr6	-	22	0	0	1	22	160464243	160464264	NA	NA
172137_2	chrE	-	22	0	0	1	22	683	704	NA	NA
172138_1	chr4	-	22	0	0	1	22	119678970	119678949	NA	NA
172139_1	chrE	-	22	0	0	1	22	2192	2213	NA	NA
172140_5	chr9	-	22	0	0	1	22	136933666	136933687	NA	NA
172141_1	chr2	-	22	0	0	1	22	230045546	230045525	NA	NA
172142_15	chrX	-	22	0	0	1	22	108297808	108297829	NA	NA
172143_1	chrE	-	22	0	0	1	22	3866	3887	NA	NA
172144_1	chrX	-	22	0	0	1	22	77268409	77268430	NA	NA
172145_6	chr5	-	22	0	0	1	22	71146888	71146909	NA	NA
172146_1	chr12	-	22	0	0	1	22	77416209	77416188	NA	NA
172147_1	chr4	-	22	0	0	1	22	74952266	74952245	NA	NA
172148_1	chr19	-	22	0	0	1	22	5616203	5616182	NA	NA
172149_1	chrE	-	22	0	0	1	22	5046	5067	NA	NA
172150_2	chrE	-	22	0	0	1	22	6398	6419	NA	NA
172151_2	chrE	-	22	0	0	1	22	4241	4262	NA	NA
172152_1	chrE	-	22	0	0	1	22	1458	1479	NA	NA
172153_1	chr9	-	22	0	0	1	22	133903908	133903929	NA	NA
172154_1	chr1	-	22	0	0	1	22	45187478	45187457	NA	NA
172155_10	chr17	-	22	0	0	1	22	81037676	81037655	NA	NA
172156_1	chr11	-	22	0	0	1	22	2152949	2152928	NA	NA
172157_1	chr10	-	22	0	0	1	22	98479863	98479842	NA	NA
172158_1	chr19	-	22	0	0	1	22	36066643	36066664	NA	NA
172159_1	chr6	-	22	0	0	1	22	41909372	41909351	NA	NA
172160_1	chrE	-	22	0	0	1	22	2835	2856	NA	NA
172161_1	chr7	-	22	0	0	1	22	94293939	94293960	NA	NA
172162_1	chr16	-	22	0	0	1	22	586018	585997	NA	NA
172163_1	chrE	-	22	0	0	1	22	745	766	NA	NA
172164_1	chrE	-	22	0	0	1	22	4067	4088	NA	NA
172165_1	chr2	-	22	0	0	1	22	230045609	230045588	NA	NA
172166_1	chrE	-	22	0	0	1	22	5003	5024	NA	NA
172167_1	chr3	-	22	0	0	1	22	157839977	157839998	NA	NA
172168_1	chr5	-	22	0	0	1	22	172904468	172904447	NA	NA
172169_1	chrE	-	22	0	0	1	22	3188	3209	NA	NA
172170_1	chr12	-	22	0	0	1	22	48375166	48375145	NA	NA
172171_1	chr3	-	22	0	0	1	22	139096911	139096890	NA	NA
172172_1	chrE	-	22	0	0	1	22	698	719	NA	NA
172173_1	chrE	-	22	0	0	1	22	3262	3283	NA	NA
172174_1	chr4	-	22	0	0	1	22	1729908	1729929	NA	NA
172175_1	chr6	-	22	0	0	1	22	26022115	26022136	NA	NA
172176_1	chr21	-	22	0	0	1	22	45923863	45923842	NA	NA
172177_2	chr12	-	22	0	0	1	22	127650919	127650898	NA	NA
172178_1	chr1	-	22	0	0	1	22	40525027	40525048	NA	NA
172179_1	chr22	-	22	0	0	1	22	22210628	22210649	NA	NA
172180_1	chr7	-	22	0	0	1	22	1532637	1532616	NA	NA
172181_1	chrE	-	22	0	0	1	22	4238	4259	NA	NA
172182_2	chr12	-	22	0	0	1	22	6875676	6875697	NA	NA
172183_1	chr5	-	22	0	0	1	22	168776024	168776045	NA	NA
172184_1	chr5	-	22	0	0	1	22	71146855	71146876	NA	NA
172185_1	chr9	-	22	0	0	1	22	108145580	108145601	NA	NA
172186_1	chrE	-	22	0	0	1	22	4328	4349	NA	NA
172187_2	chrE	-	22	0	0	1	22	1247	1268	NA	NA
172188_1	chr3	-	22	0	0	1	22	41267208	41267229	NA	NA
172189_1	chr11	-	22	0	0	1	22	85195210	85195231	NA	NA
172190_7	chr10	-	22	0	0	1	22	121356511	121356532	NA	NA
172191_6	chrE	-	22	0	0	1	22	616	637	NA	NA
172192_1	chrE	-	22	0	0	1	22	2547	2568	NA	NA
172193_1	chrE	-	22	0	0	1	22	6235	6256	NA	NA
172194_1	chrE	-	22	0	0	1	22	5075	5096	NA	NA
172195_1	chrE	-	22	0	0	1	22	7062	7083	NA	NA
172196_1	chr12	-	22	0	0	1	22	127650654	127650633	NA	NA
172197_1	chr16	-	22	0	0	1	22	33963136	33963157	NA	NA
172198_1	chr17	-	22	0	0	1	22	74057291	74057270	NA	NA
172199_1	chr17	-	22	0	0	1	22	52993187	52993208	NA	NA
172200_1	chr16	-	22	0	0	1	22	33963346	33963367	NA	NA
172201_1	chr2	-	22	0	0	1	22	240650008	240649987	NA	NA
172202_1	chr8	-	22	0	0	1	22	103841626	103841605	NA	NA
172203_1	chrE	-	22	0	0	1	22	5657	5678	NA	NA
172204_1	chrE	-	22	0	0	1	22	2551	2572	NA	NA
172205_1	chr6	-	22	0	0	1	22	26197471	26197450	NA	NA
172206_1	chrM	-	22	0	0	1	22	9625	9646	NA	NA
172207_1	chrE	-	22	0	0	1	22	1387	1408	NA	NA
172208_1	chr9	-	22	0	0	1	22	127975769	127975790	NA	NA
172209_5	chrE	-	22	0	0	1	22	5811	5832	NA	NA
172210_4	chr1	-	22	0	0	1	22	45196762	45196741	NA	NA
172211_1	chr1	-	22	0	0	1	22	74108962	74108941	NA	NA
172212_1	chr1	-	22	0	0	1	22	145096455	145096476	NA	NA
172213_1	chr14	-	22	0	0	1	22	90341508	90341487	NA	NA
172214_1	chr19	-	22	0	0	1	22	10791896	10791917	NA	NA
172215_1	chrX	-	22	0	0	1	22	70598119	70598140	NA	NA
172216_1	chr8	-	22	0	0	1	22	145753451	145753430	NA	NA
172217_1	chrE	-	22	0	0	1	22	6558	6579	NA	NA
172218_1	chrE	-	22	0	0	1	22	3291	3312	NA	NA
172219_1	chr5	-	22	0	0	1	22	71146747	71146768	NA	NA
172220_3	chr2	-	22	0	0	1	22	230045524	230045503	NA	NA
172221_1	chrE	-	22	0	0	1	22	2411	2432	NA	NA
172222_1	chr7	-	22	0	0	1	22	139219185	139219206	NA	NA
172223_1	chr22	-	22	0	0	1	22	21355601	21355580	NA	NA
172224_5	chrE	-	22	0	0	1	22	731	752	NA	NA
172225_1	chr19	-	22	0	0	1	22	39322057	39322036	NA	NA
172226_1	chr2	-	22	0	0	1	22	133012336	133012315	NA	NA
172227_1	chrE	-	22	0	0	1	22	4346	4367	NA	NA
172228_1	chr11	-	22	0	0	1	22	64269130	64269151	NA	NA
172229_2	chrE	-	22	0	0	1	22	7077	7098	NA	NA
172230_1	chrE	-	22	0	0	1	22	6199	6220	NA	NA
172231_1	chr2	-	22	0	0	1	22	211319914	211319893	NA	NA
172232_1	chr5	-	22	0	0	1	22	177580689	177580668	NA	NA
172233_1	chr17	-	22	0	0	1	22	79230227	79230248	NA	NA
172234_2	chr1	-	22	0	0	1	22	91852839	91852818	NA	NA
172235_11	chr10	-	22	0	0	1	22	132588138	132588159	NA	NA
172236_1	chr11	-	22	0	0	1	22	122928582	122928561	NA	NA
172237_1	chr2	-	22	0	0	1	22	230045580	230045559	NA	NA
172238_2	chrE	-	22	0	0	1	22	592	613	NA	NA
172239_1	chrE	-	22	0	0	1	22	6593	6614	NA	NA
172240_1	chr1	-	22	0	0	1	22	3490340	3490319	NA	NA
172241_1	chr22	-	22	0	0	1	22	36907754	36907733	NA	NA
172242_1	chr21	-	22	0	0	1	22	9827373	9827394	NA	NA
172243_1	chrE	-	22	0	0	1	22	5788	5809	NA	NA
172244_1	chr19	-	22	0	0	1	22	4584886	4584865	NA	NA
172245_2	chr12	-	22	0	0	1	22	127650656	127650635	NA	NA
172246_1	chr17	-	22	0	0	1	22	8649435	8649414	NA	NA
172247_1	chr17	-	22	0	0	1	22	79860473	79860452	NA	NA
172248_1	chrE	-	22	0	0	1	22	4596	4617	NA	NA
172249_2	chrE	-	22	0	0	1	22	1199	1220	NA	NA
172250_1	chrY	-	22	0	0	1	22	10035575	10035596	NA	NA
172251_1	chr11	-	22	0	0	1	22	117393277	117393256	NA	NA
172252_1	chr1	-	22	0	0	1	22	176918484	176918463	NA	NA
172253_1	chr1	-	22	0	0	1	22	109238348	109238369	NA	NA
172254_1	chr12	-	22	0	0	1	22	16055886	16055907	NA	NA
172255_1	chr19	-	22	0	0	1	22	42788752	42788773	NA	NA
172256_1	chr12	-	22	0	0	1	22	20704453	20704474	NA	NA
172257_1	chr6	-	22	0	0	1	22	162085134	162085113	NA	NA
172258_2	chr6	-	22	0	0	1	22	26104267	26104288	NA	NA
172259_1	chr18	-	22	0	0	1	22	23670147	23670168	NA	NA
172260_1	chr15	-	22	0	0	1	22	72502133	72502112	NA	NA
172261_1	chrE	-	22	0	0	1	22	3279	3300	NA	NA
172262_39	chr21	-	22	0	0	1	22	9827210	9827231	NA	NA
172263_1	chr19	-	22	0	0	1	22	18530338	18530359	NA	NA
172264_2	chrE	-	22	0	0	1	22	6957	6978	NA	NA
172265_1	chrE	-	22	0	0	1	22	5250	5271	NA	NA
172266_1	chr5	-	22	0	0	1	22	95297541	95297520	NA	NA
172267_1	chr2	-	22	0	0	1	22	47397902	47397881	NA	NA
172268_1	chr16	-	22	0	0	1	22	69782855	69782834	NA	NA
172269_1	chr19	-	22	0	0	1	22	6733632	6733611	NA	NA
172270_1	chr16	-	22	0	0	1	22	30078814	30078835	NA	NA
172271_1	chrE	-	22	0	0	1	22	833	854	NA	NA
172272_1	chrE	-	22	0	0	1	22	5771	5792	NA	NA
172273_1	chr19	-	22	0	0	1	22	40882658	40882679	NA	NA
172274_1	chr7	-	22	0	0	1	22	94293993	94294014	NA	NA
172275_2	chrE	-	22	0	0	1	22	755	776	NA	NA
172276_1	chr21	-	22	0	0	1	22	9827163	9827184	NA	NA
172277_1	chr19	-	22	0	0	1	22	48949987	48950008	NA	NA
172278_1	chrE	-	22	0	0	1	22	733	754	NA	NA
172279_1	chr1	-	22	0	0	1	22	109940407	109940386	NA	NA
172280_1	chr11	-	22	0	0	1	22	47198686	47198707	NA	NA
172281_1	chr16	-	22	0	0	1	22	68156244	68156265	NA	NA
172282_1	chr7	-	22	0	0	1	22	152357810	152357789	NA	NA
172283_1	chrE	-	22	0	0	1	22	2834	2855	NA	NA
172284_1	chr3	-	22	0	0	1	22	187872100	187872121	NA	NA
172285_1	chr8	-	22	0	0	1	22	125531077	125531056	NA	NA
172286_2	chr19	-	22	0	0	1	22	1470632	1470611	NA	NA
172287_2	chrE	-	22	0	0	1	22	3729	3750	NA	NA
172288_1	chr8	-	22	0	0	1	22	146017435	146017414	NA	NA
172289_4	chr2	-	22	0	0	1	22	230045584	230045563	NA	NA
172290_1	chr10	-	22	0	0	1	22	16479126	16479105	NA	NA
172291_1	chr16	-	22	0	0	1	22	27325048	27325069	NA	NA
172292_1	chr17	-	22	0	0	1	22	66526056	66526077	NA	NA
172293_1	chrE	-	22	0	0	1	22	4830	4851	NA	NA
172294_2	chr12	-	22	0	0	1	22	127650520	127650499	NA	NA
172295_1	chr1	-	22	0	0	1	22	149858192	149858171	NA	NA
172296_1	chr12	-	22	0	0	1	22	127650922	127650901	NA	NA
172297_3	chr21	-	22	0	0	1	22	9827299	9827320	NA	NA
172298_1	chrE	-	22	0	0	1	22	4987	5008	NA	NA
172299_1	chr4	-	22	0	0	1	22	71568806	71568785	NA	NA
172300_2	chr11	-	22	0	0	1	22	747355	747334	NA	NA
172301_2	chr16	-	22	0	0	1	22	33963717	33963738	NA	NA
172302_1	chrE	-	22	0	0	1	22	896	917	NA	NA
172303_1	chr14	-	22	0	0	1	22	59261354	59261375	NA	NA
172304_1	chr2	-	22	0	0	1	22	9770556	9770535	NA	NA
172305_7	chr2	-	22	0	0	1	22	43453820	43453799	NA	NA
172306_13	chr19	-	22	0	0	1	22	24185475	24185454	NA	NA
172307_1	chr2	-	22	0	0	1	22	176043023	176043002	NA	NA
172308_6	chr19	-	22	0	0	1	22	1625418	1625439	NA	NA
172309_1	chr2	-	22	0	0	1	22	47403601	47403580	NA	NA
172310_1	chrE	-	22	0	0	1	22	2735	2756	NA	NA
172311_18	chr2	-	22	0	0	1	22	71565821	71565800	NA	NA
172312_1	chr17	-	22	0	0	1	22	1564446	1564425	NA	NA
172313_1	chr17	-	22	0	0	1	22	45755731	45755752	NA	NA
172314_1	chrE	-	22	0	0	1	22	5720	5741	NA	NA
172315_2	chr2	-	22	0	0	1	22	230045507	230045486	NA	NA
172316_1	chr6	-	22	0	0	1	22	26250665	26250644	NA	NA
172317_1	chrE	-	22	0	0	1	22	696	717	NA	NA
172318_1	chrE	-	22	0	0	1	22	2073	2094	NA	NA
172319_2	chr15	-	22	0	0	1	22	68112739	68112718	NA	NA
172320_1	chr1	-	22	0	0	1	22	36074971	36074950	NA	NA
172321_1	chr16	-	22	0	0	1	22	33963718	33963739	NA	NA
172322_4	chr1	-	22	0	0	1	22	45196761	45196740	NA	NA
172323_1	chr10	-	22	0	0	1	22	105762896	105762917	NA	NA
172324_1	chrE	-	22	0	0	1	22	6511	6532	NA	NA
172325_1	chrE	-	22	0	0	1	22	1058	1079	NA	NA
172326_1	chr7	-	22	0	0	1	22	92462887	92462866	NA	NA
172327_7	chr2	-	22	0	0	1	22	230045585	230045564	NA	NA
172328_1	chr11	-	22	0	0	1	22	2153342	2153321	NA	NA
172329_1	chr22	-	22	0	0	1	22	18021610	18021631	NA	NA
172330_1	chr12	-	22	0	0	1	22	98897289	98897310	NA	NA
172331_1	chr17	-	22	0	0	1	22	73775240	73775219	NA	NA
172332_1	chr16	-	22	0	0	1	22	66855403	66855382	NA	NA
172333_1	chr2	-	22	0	0	1	22	71360200	71360221	NA	NA
172334_1	chr2	-	22	0	0	1	22	200824581	200824602	NA	NA
172335_1	chrE	-	22	0	0	1	22	1365	1386	NA	NA
172336_2	chrE	-	22	0	0	1	22	2386	2407	NA	NA
172337_1	chrE	-	22	0	0	1	22	4192	4213	NA	NA
172338_1	chr15	-	22	0	0	1	22	74327724	74327745	NA	NA
172339_2	chr2	-	22	0	0	1	22	235405103	235405082	NA	NA
172340_1	chrE	-	22	0	0	1	22	627	648	NA	NA
172341_1	chr16	-	22	0	0	1	22	33963119	33963140	NA	NA
172342_1	chrE	-	22	0	0	1	22	4883	4904	NA	NA
172343_1	chrE	-	22	0	0	1	22	5755	5776	NA	NA
172344_1	chrE	-	22	0	0	1	22	1811	1832	NA	NA
172345_1	chr17	-	22	0	0	1	22	65353441	65353420	NA	NA
172346_1	chr7	-	22	0	0	1	22	84651780	84651759	NA	NA
172347_1	chr1	-	22	0	0	1	22	220179547	220179526	NA	NA
172348_1	chr8	-	22	0	0	1	22	71586532	71586511	NA	NA
172349_7	chrE	-	22	0	0	1	22	794	815	NA	NA
172350_1	chr14	-	22	0	0	1	22	104569359	104569380	NA	NA
172351_1	chrE	-	22	0	0	1	22	4410	4431	NA	NA
172352_1	chrE	-	22	0	0	1	22	5806	5827	NA	NA
172353_1	chr19	-	22	0	0	1	22	58823726	58823747	NA	NA
172354_3	chrE	-	22	0	0	1	22	4573	4594	NA	NA
172355_1	chrE	-	22	0	0	1	22	656	677	NA	NA
172356_1	chr5	-	22	0	0	1	22	71146892	71146913	NA	NA
172357_1	chr6	-	22	0	0	1	22	119957678	119957699	NA	NA
172358_28	chr8	-	22	0	0	1	22	21455983	21456004	NA	NA
172359_1	chr5	-	22	0	0	1	22	149681995	149682016	NA	NA
172360_3	chr11	-	22	0	0	1	22	7110838	7110859	NA	NA
172361_1	chrE	-	22	0	0	1	22	870	891	NA	NA
172362_1	chr9	-	22	0	0	1	22	2844005	2844026	NA	NA
172363_1	chrE	-	22	0	0	1	22	4071	4092	NA	NA
172364_1	chrE	-	22	0	0	1	22	1246	1267	NA	NA
172365_1	chrE	-	22	0	0	1	22	2281	2302	NA	NA
172366_1	chr11	-	22	0	0	1	22	46388379	46388358	NA	NA
172367_1	chr22	-	22	0	0	1	22	38890965	38890944	NA	NA
172368_2	chr1	-	22	0	0	1	22	15251073	15251094	NA	NA
172369_1	chr21	-	22	0	0	1	22	9827150	9827171	NA	NA
172370_1	chr19	-	22	0	0	1	22	40480654	40480675	NA	NA
172371_5	chrE	-	22	0	0	1	22	720	741	NA	NA
172372_1	chr6	-	22	0	0	1	22	15523265	15523244	NA	NA
172373_1	chr7	-	22	0	0	1	22	44153636	44153657	NA	NA
172374_1	chrE	-	22	0	0	1	22	1280	1301	NA	NA
172375_1	chr2	-	22	0	0	1	22	203130582	203130603	NA	NA
172376_1	chr16	-	22	0	0	1	22	33963230	33963251	NA	NA
172377_1	chrE	-	22	0	0	1	22	6197	6218	NA	NA
172378_1	chrE	-	22	0	0	1	22	6227	6248	NA	NA
172379_1	chrE	-	22	0	0	1	22	1800	1821	NA	NA
172380_1	chr3	-	22	0	0	1	22	79006316	79006295	NA	NA
172381_1	chr22	-	22	0	0	1	22	29139866	29139887	NA	NA
172382_1	chr17	-	22	0	0	1	22	36926424	36926403	NA	NA
172383_1	chr5	-	22	0	0	1	22	71146889	71146910	NA	NA
172384_1	chrE	-	22	0	0	1	22	1271	1292	NA	NA
172385_1	chr19	-	22	0	0	1	22	3980034	3980013	NA	NA
172386_1	chrE	-	22	0	0	1	22	6296	6317	NA	NA
172387_153	chr10	-	22	0	0	1	22	21823745	21823766	NA	NA
172388_1	chr10	-	22	0	0	1	22	44869710	44869731	NA	NA
172389_1	chrE	-	22	0	0	1	22	2202	2223	NA	NA
172390_1	chrE	-	22	0	0	1	22	5208	5229	NA	NA
172391_1	chr11	-	22	0	0	1	22	85195070	85195091	NA	NA
172392_1	chrE	-	22	0	0	1	22	7075	7096	NA	NA
172393_1	chrE	-	22	0	0	1	22	5940	5961	NA	NA
172394_1	chr4	-	22	0	0	1	22	77227756	77227735	NA	NA
172395_1	chr21	-	22	0	0	1	22	9827013	9827034	NA	NA
172396_3	chr2	-	22	0	0	1	22	130635392	130635413	NA	NA
172397_2	chrE	-	22	0	0	1	22	2652	2673	NA	NA
172398_1	chrE	-	22	0	0	1	22	789	810	NA	NA
172399_2	chr2	-	22	0	0	1	22	133012153	133012132	NA	NA
172400_1	chr1	-	22	0	0	1	22	232765404	232765383	NA	NA
172401_1	chr14	-	22	0	0	1	22	21101174	21101195	NA	NA
172402_23	chr3	-	22	0	0	1	22	194407584	194407605	NA	NA
172403_1	chr5	-	22	0	0	1	22	7978289	7978268	NA	NA
172404_3	chrE	-	22	0	0	1	22	593	614	NA	NA
172405_2	chrE	-	22	0	0	1	22	2329	2350	NA	NA
172406_2	chrY	-	22	0	0	1	22	10037862	10037883	NA	NA
172407_1	chr19	-	22	0	0	1	22	56657689	56657710	NA	NA
172408_1	chr16	-	22	0	0	1	22	33963356	33963377	NA	NA
172409_1	chr10	-	22	0	0	1	22	106098065	106098086	NA	NA
172410_1	chrE	-	22	0	0	1	22	4524	4545	NA	NA
172411_1	chrE	-	22	0	0	1	22	3533	3554	NA	NA
172412_1	chr12	-	22	0	0	1	22	60878057	60878036	NA	NA
172413_3	chrE	-	22	0	0	1	22	4571	4592	NA	NA
172414_2	chr12	-	22	0	0	1	22	20704448	20704469	NA	NA
172415_1	chrE	-	22	0	0	1	22	3955	3976	NA	NA
172416_1	chr5	-	22	0	0	1	22	77081501	77081522	NA	NA
172417_1	chrE	-	22	0	0	1	22	4638	4659	NA	NA
172418_2	chr17	-	22	0	0	1	22	4795185	4795164	NA	NA
172419_1	chr2	-	22	0	0	1	22	55214731	55214710	NA	NA
172420_2	chrE	-	22	0	0	1	22	1798	1819	NA	NA
172421_1	chr5	-	22	0	0	1	22	112238132	112238111	NA	NA
172422_1	chr2	-	22	0	0	1	22	47403649	47403628	NA	NA
172423_2	chr12	-	22	0	0	1	22	124456693	124456714	NA	NA
172424_1	chr19	-	22	0	0	1	22	13050008	13050029	NA	NA
172425_1	chr17	-	22	0	0	1	22	79478460	79478439	NA	NA
172426_1	chrE	-	22	0	0	1	22	3361	3382	NA	NA
172427_1	chrE	-	22	0	0	1	22	4175	4196	NA	NA
172428_1	chrX	-	22	0	0	1	22	146882649	146882670	NA	NA
172429_1	chr17	-	22	0	0	1	22	58369430	58369409	NA	NA
172430_1	chr10	-	22	0	0	1	22	6245400	6245421	NA	NA
172431_1	chr14	-	22	0	0	1	22	89883368	89883347	NA	NA
172432_1	chr5	-	22	0	0	1	22	71146771	71146792	NA	NA
172433_1	chr11	-	22	0	0	1	22	10823923	10823902	NA	NA
172434_1	chr19	-	22	0	0	1	22	39972624	39972645	NA	NA
172435_1	chr21	-	22	0	0	1	22	9827012	9827033	NA	NA
172436_12	chr8	-	22	0	0	1	22	21455984	21456005	NA	NA
172437_1	chr1	-	22	0	0	1	22	171511100	171511121	NA	NA
172438_1	chr11	-	22	0	0	1	22	10529547	10529526	NA	NA
172439_1	chr1	-	22	0	0	1	22	82417765	82417786	NA	NA
172440_1	chrE	-	22	0	0	1	22	3417	3438	NA	NA
172441_1	chr19	-	22	0	0	1	22	55769840	55769819	NA	NA
172442_1	chrE	-	22	0	0	1	22	2276	2297	NA	NA
172443_1	chr17	-	22	0	0	1	22	69283166	69283145	NA	NA
172444_1	chr2	-	22	0	0	1	22	133037556	133037535	NA	NA
172445_1	chrE	-	22	0	0	1	22	1016	1037	NA	NA
172446_1	chr19	-	22	0	0	1	22	24182428	24182407	NA	NA
172447_1	chr8	-	22	0	0	1	22	117859786	117859765	NA	NA
172448_1	chr15	-	22	0	0	1	22	33358798	33358777	NA	NA
172449_7	chr2	-	22	0	0	1	22	71565819	71565798	NA	NA
172450_2	chr16	-	22	0	0	1	22	33963344	33963365	NA	NA
172451_1	chr18	-	22	0	0	1	22	54305738	54305717	NA	NA
172452_1	chrE	-	22	0	0	1	22	6071	6092	NA	NA
172453_1	chrY	-	22	0	0	1	22	10035902	10035923	NA	NA
172454_1	chrE	-	22	0	0	1	22	2954	2975	NA	NA
172455_1	chr14	-	22	0	0	1	22	33015832	33015853	NA	NA
172456_2	chrX	-	22	0	0	1	22	108297728	108297749	NA	NA
172457_1	chr19	-	22	0	0	1	22	9896651	9896630	NA	NA
172458_1	chr2	-	22	0	0	1	22	43020185	43020206	NA	NA
172459_1	chrE	-	22	0	0	1	22	1787	1808	NA	NA
172460_1	chr19	-	22	0	0	1	22	13250911	13250932	NA	NA
172461_1	chr16	-	22	0	0	1	22	33965557	33965578	NA	NA
172462_1	chr12	-	22	0	0	1	22	49073472	49073451	NA	NA
172463_2	chr21	-	22	0	0	1	22	9827173	9827194	NA	NA
172464_1	chr6	-	22	0	0	1	22	26200143	26200164	NA	NA
172465_1	chr11	-	22	0	0	1	22	88027442	88027421	NA	NA
172466_1	chr8	-	22	0	0	1	22	15163536	15163557	NA	NA
172467_1	chr19	-	22	0	0	1	22	49994047	49994068	NA	NA
172468_1	chr5	-	22	0	0	1	22	14359534	14359555	NA	NA
172469_1	chr19	-	22	0	0	1	22	808693	808714	NA	NA
172470_1	chrE	-	22	0	0	1	22	4761	4782	NA	NA
172471_3	chr19	-	22	0	0	1	22	24184974	24184953	NA	NA
172472_1	chrE	-	22	0	0	1	22	4691	4712	NA	NA
172473_1	chrE	-	22	0	0	1	22	4311	4332	NA	NA
172474_1	chrE	-	22	0	0	1	22	2643	2664	NA	NA
172475_1	chr3	-	22	0	0	1	22	141678632	141678611	NA	NA
172476_2	chrE	-	22	0	0	1	22	7293	7314	NA	NA
172477_1	chrE	-	22	0	0	1	22	4567	4588	NA	NA
172478_1	chr2	-	22	0	0	1	22	189860479	189860500	NA	NA
172479_2	chr1	-	22	0	0	1	22	211433007	211432986	NA	NA
172480_1	chr3	-	22	0	0	1	22	37170609	37170588	NA	NA
172481_2	chrE	-	22	0	0	1	22	2693	2714	NA	NA
172482_1	chrE	-	22	0	0	1	22	2044	2065	NA	NA
172483_1	chr21	-	22	0	0	1	22	9827449	9827470	NA	NA
172484_1	chrE	-	22	0	0	1	22	2554	2575	NA	NA
172485_1	chr6	-	22	0	0	1	22	21108779	21108758	NA	NA
172486_1	chr16	-	22	0	0	1	22	1822354	1822333	NA	NA
172487_1	chrE	-	22	0	0	1	22	5473	5494	NA	NA
172488_1	chr2	-	22	0	0	1	22	220431657	220431636	NA	NA
172489_1	chr21	-	22	0	0	1	22	9827010	9827031	NA	NA
172490_57	chr2	-	22	0	0	1	22	71565817	71565796	NA	NA
172491_1	chr5	-	22	0	0	1	22	80256486	80256465	NA	NA
172492_1	chrE	-	22	0	0	1	22	249	270	NA	NA
172493_1	chr9	-	22	0	0	1	22	100955065	100955044	NA	NA
172494_1	chr8	-	22	0	0	1	22	146017464	146017443	NA	NA
172495_1	chr1	-	22	0	0	1	22	194688178	194688199	NA	NA
172496_1	chrE	-	22	0	0	1	22	3113	3134	NA	NA
172497_1	chr1	-	22	0	0	1	22	84945320	84945299	NA	NA
172498_1	chr3	-	22	0	0	1	22	138224292	138224271	NA	NA
172499_1	chr4	-	22	0	0	1	22	493182	493203	NA	NA
172500_1	chr20	-	22	0	0	1	22	30193332	30193353	NA	NA
172501_1	chr1	-	22	0	0	1	22	32646894	32646915	NA	NA
172502_2	chrE	-	22	0	0	1	22	4717	4738	NA	NA
172503_1	chr7	-	22	0	0	1	22	99695355	99695334	NA	NA
172504_1	chr8	-	22	0	0	1	22	63942775	63942754	NA	NA
172505_2	chrY	-	22	0	0	1	22	10036120	10036141	NA	NA
172506_3	chr21	-	22	0	0	1	22	9827337	9827358	NA	NA
172507_2	chr9	-	22	0	0	1	22	111754706	111754685	NA	NA
172508_1	chr1	-	22	0	0	1	22	182496928	182496907	NA	NA
172509_1	chr7	-	22	0	0	1	22	55086716	55086737	NA	NA
172510_1	chrE	-	22	0	0	1	22	3431	3452	NA	NA
172511_4	chr12	-	22	0	0	1	22	127650917	127650896	NA	NA
172512_2	chr15	-	22	0	0	1	22	65597094	65597115	NA	NA
172513_2	chrE	-	22	0	0	1	22	5812	5833	NA	NA
172514_1	chrE	-	22	0	0	1	22	122	143	NA	NA
172515_1	chr8	-	22	0	0	1	22	42868224	42868245	NA	NA
172516_1	chrE	-	22	0	0	1	22	5962	5983	NA	NA
172517_1	chr6	-	22	0	0	1	22	39867937	39867958	NA	NA
172518_2	chrE	-	22	0	0	1	22	828	849	NA	NA
172519_10	chr11	-	22	0	0	1	22	75946930	75946909	NA	NA
172520_1	chr7	-	22	0	0	1	22	44246006	44246027	NA	NA
172521_1	chr17	-	22	0	0	1	22	60741952	60741973	NA	NA
172522_3	chr19	-	22	0	0	1	22	1625420	1625441	NA	NA
172523_1	chrE	-	22	0	0	1	22	699	720	NA	NA
172524_1	chr7	-	22	0	0	1	22	92462543	92462522	NA	NA
172525_1	chrE	-	22	0	0	1	22	4309	4330	NA	NA
172526_1	chrE	-	22	0	0	1	22	4168	4189	NA	NA
172527_1	chr5	-	22	0	0	1	22	110440004	110440025	NA	NA
172528_1	chr4	-	22	0	0	1	22	77227757	77227736	NA	NA
172529_1	chrE	-	22	0	0	1	22	1764	1785	NA	NA
172530_1	chrE	-	22	0	0	1	22	1579	1600	NA	NA
172531_2	chr4	-	22	0	0	1	22	16258139	16258118	NA	NA
172532_2	chrE	-	22	0	0	1	22	6030	6051	NA	NA
172533_1	chr1	-	22	0	0	1	22	19454223	19454202	NA	NA
172534_1	chrE	-	22	0	0	1	22	5570	5591	NA	NA
172535_1	chr11	-	22	0	0	1	22	77553608	77553629	NA	NA
172536_1	chr2	-	22	0	0	1	22	167149847	167149826	NA	NA
172537_1	chr15	-	22	0	0	1	22	65597109	65597130	NA	NA
172538_1	chr9	-	22	0	0	1	22	131103076	131103097	NA	NA
172539_2	chrX	-	22	0	0	1	22	122318633	122318654	NA	NA
172540_1	chrE	-	22	0	0	1	22	4260	4281	NA	NA
172541_1	chr1	-	22	0	0	1	22	1720696	1720675	NA	NA
172542_1	chr1	-	22	0	0	1	22	40735694	40735715	NA	NA
172543_1	chr9	-	22	0	0	1	22	85300060	85300039	NA	NA
172544_1	chr14	-	22	0	0	1	22	51204977	51204956	NA	NA
172545_1	chr12	-	22	0	0	1	22	124229221	124229242	NA	NA
172546_1	chrE	-	22	0	0	1	22	3244	3265	NA	NA
172547_1	chr6	-	22	0	0	1	22	44221252	44221273	NA	NA
172548_1	chr9	-	22	0	0	1	22	139745288	139745309	NA	NA
172549_1	chr5	-	22	0	0	1	22	137733968	137733989	NA	NA
172550_1	chr1	-	22	0	0	1	22	113782706	113782727	NA	NA
172551_1	chr12	-	22	0	0	1	22	21794958	21794937	NA	NA
172552_1	chrE	-	22	0	0	1	22	6551	6572	NA	NA
172553_2	chrE	-	22	0	0	1	22	2558	2579	NA	NA
172554_1	chr2	-	22	0	0	1	22	133012333	133012312	NA	NA
172555_1	chr19	-	22	0	0	1	22	24184762	24184741	NA	NA
172556_1	chrE	-	22	0	0	1	22	4495	4516	NA	NA
172557_1	chr5	-	22	0	0	1	22	71146911	71146932	NA	NA
172558_1	chr6	-	22	0	0	1	22	32942510	32942531	NA	NA
172559_1	chr19	-	22	0	0	1	22	17502108	17502087	NA	NA
172560_1	chr3	-	22	0	0	1	22	32568292	32568271	NA	NA
172561_1	chr11	-	22	0	0	1	22	118889049	118889028	NA	NA
172562_1	chr22	-	22	0	0	1	22	43720668	43720689	NA	NA
172563_1	chr2	-	22	0	0	1	22	133012337	133012316	NA	NA
172564_1	chr3	-	22	0	0	1	22	191047254	191047275	NA	NA
172565_1	chr5	-	22	0	0	1	22	109175883	109175862	NA	NA
172566_1	chr20	-	22	0	0	1	22	42331216	42331237	NA	NA
172567_1	chr7	-	22	0	0	1	22	100304801	100304822	NA	NA
172568_1	chrY	-	22	0	0	1	22	10036105	10036126	NA	NA
172569_1	chrE	-	22	0	0	1	22	3980	4001	NA	NA
172570_1	chrE	-	22	0	0	1	22	5503	5524	NA	NA
172571_1	chr14	-	22	0	0	1	22	60632105	60632084	NA	NA
172572_1	chr3	-	22	0	0	1	22	49059947	49059968	NA	NA
172573_2	chr1	-	22	0	0	1	22	11968288	11968309	NA	NA
172574_1	chr20	-	22	0	0	1	22	16710762	16710783	NA	NA
172575_1	chrE	-	22	0	0	1	22	3148	3169	NA	NA
172576_1	chr17	-	22	0	0	1	22	7490269	7490290	NA	NA
172577_1	chr14	-	22	0	0	1	22	77236371	77236392	NA	NA
172578_1	chr21	-	22	0	0	1	22	9827378	9827399	NA	NA
172579_1	chr8	-	22	0	0	1	22	56755216	56755195	NA	NA
172580_1	chr5	-	22	0	0	1	22	25910294	25910315	NA	NA
172581_1	chr17	-	22	0	0	1	22	556604	556583	NA	NA
172582_1	chrY	-	22	0	0	1	22	10037769	10037790	NA	NA
172583_1	chrE	-	22	0	0	1	22	2394	2415	NA	NA
172584_1	chr20	-	22	0	0	1	22	61297438	61297459	NA	NA
172585_1	chrE	-	22	0	0	1	22	7125	7146	NA	NA
172586_1	chr19	-	22	0	0	1	22	14236979	14236958	NA	NA
172587_1	chr18	-	22	0	0	1	22	2656029	2656050	NA	NA
172588_2	chr15	-	22	0	0	1	22	59203716	59203737	NA	NA
172589_1	chr19	-	22	0	0	1	22	5896499	5896478	NA	NA
172590_1	chrE	-	22	0	0	1	22	2823	2844	NA	NA
172591_1	chr11	-	22	0	0	1	22	65687813	65687834	NA	NA
172592_9	chr17	-	22	0	0	1	22	66016075	66016054	NA	NA
172593_1	chrE	-	22	0	0	1	22	7239	7260	NA	NA
172594_2	chrE	-	22	0	0	1	22	4421	4442	NA	NA
172595_1	chr19	-	22	0	0	1	22	12849351	12849372	NA	NA
172596_1	chr20	-	22	0	0	1	22	21126273	21126294	NA	NA
172597_1	chr14	-	22	0	0	1	22	103396471	103396450	NA	NA
172598_1	chr19	-	22	0	0	1	22	48887563	48887542	NA	NA
172599_1	chr1	-	22	0	0	1	22	119874139	119874118	NA	NA
172600_1	chr11	-	22	0	0	1	22	2981038	2981017	NA	NA
172601_1	chr16	-	22	0	0	1	22	72991733	72991712	NA	NA
172602_1	chr12	-	22	0	0	1	22	54338935	54338914	NA	NA
172603_1	chr6	-	22	0	0	1	22	26045889	26045910	NA	NA
172604_1	chrE	-	22	0	0	1	22	6128	6149	NA	NA
172605_1	chr7	-	22	0	0	1	22	155592876	155592855	NA	NA
172606_1	chr21	-	22	0	0	1	22	9827207	9827228	NA	NA
172607_1	chr17	-	22	0	0	1	22	33313082	33313103	NA	NA
172608_2	chrE	-	22	0	0	1	22	2041	2062	NA	NA
172609_1	chr11	-	22	0	0	1	22	115374280	115374301	NA	NA
172610_1	chr19	-	22	0	0	1	22	50040357	50040378	NA	NA
172611_1	chrE	-	22	0	0	1	22	6830	6851	NA	NA
172612_2	chr9	-	22	0	0	1	22	79186846	79186867	NA	NA
172613_1	chr6	-	22	0	0	1	22	27782519	27782498	NA	NA
172614_1	chr7	-	22	0	0	1	22	94293580	94293601	NA	NA
172615_1	chr22	-	22	0	0	1	22	30752837	30752816	NA	NA
172616_1	chrE	-	22	0	0	1	22	3916	3937	NA	NA
172617_1	chrE	-	22	0	0	1	22	5928	5949	NA	NA
172618_1	chrE	-	22	0	0	1	22	6559	6580	NA	NA
172619_1	chrE	-	22	0	0	1	22	2666	2687	NA	NA
172620_1	chrE	-	22	0	0	1	22	2651	2672	NA	NA
172621_1	chr17	-	22	0	0	1	22	79827663	79827642	NA	NA
172622_1	chrE	-	22	0	0	1	22	5606	5627	NA	NA
172623_1	chrE	-	22	0	0	1	22	4229	4250	NA	NA
172624_1	chrE	-	22	0	0	1	22	1933	1954	NA	NA
172625_2	chr21	-	22	0	0	1	22	9827178	9827199	NA	NA
172626_1	chr22	-	22	0	0	1	22	39715624	39715603	NA	NA
172627_1	chr12	-	22	0	0	1	22	110777376	110777397	NA	NA
172628_1	chrE	-	22	0	0	1	22	5202	5223	NA	NA
172629_1	chr5	-	22	0	0	1	22	500592	500571	NA	NA
172630_1	chrE	-	22	0	0	1	22	2081	2102	NA	NA
172631_1	chr21	-	22	0	0	1	22	9827008	9827029	NA	NA
172632_1	chr19	-	22	0	0	1	22	36643345	36643366	NA	NA
172633_1	chr1	-	22	0	0	1	22	211433016	211432995	NA	NA
172634_1	chr11	-	22	0	0	1	22	65895457	65895478	NA	NA
172635_1	chr5	-	22	0	0	1	22	154182927	154182948	NA	NA
172636_1	chr17	-	22	0	0	1	22	43185456	43185477	NA	NA
172637_1	chrE	-	22	0	0	1	22	6637	6658	NA	NA
172638_1	chr17	-	22	0	0	1	22	75484363	75484384	NA	NA
172639_1	chrE	-	22	0	0	1	22	6298	6319	NA	NA
172640_1	chr17	-	22	0	0	1	22	49118913	49118892	NA	NA
172641_1	chrE	-	22	0	0	1	22	648	669	NA	NA
172642_1	chrE	-	22	0	0	1	22	3846	3867	NA	NA
172643_1	chrE	-	22	0	0	1	22	598	619	NA	NA
172644_1	chr1	-	22	0	0	1	22	94343371	94343350	NA	NA
172645_1	chr2	-	22	0	0	1	22	190647791	190647770	NA	NA
172646_1	chr10	-	22	0	0	1	22	54538319	54538298	NA	NA
172647_1	chrE	-	22	0	0	1	22	4420	4441	NA	NA
172648_1	chr3	-	22	0	0	1	22	197680992	197681013	NA	NA
172649_1	chr7	-	22	0	0	1	22	121836653	121836632	NA	NA
172650_1	chr17	-	22	0	0	1	22	7579519	7579498	NA	NA
172651_1	chr2	-	22	0	0	1	22	224849636	224849615	NA	NA
172652_1	chr7	-	22	0	0	1	22	75176306	75176285	NA	NA
172653_1	chr7	-	22	0	0	1	22	77256661	77256682	NA	NA
172654_1	chrY	-	22	0	0	1	22	17077102	17077123	NA	NA
172655_1	chrE	-	22	0	0	1	22	661	682	NA	NA
172656_1	chr2	-	22	0	0	1	22	37235899	37235878	NA	NA
172657_1	chr6	-	22	0	0	1	22	36936150	36936129	NA	NA
172658_1	chr6	-	22	0	0	1	22	143792567	143792588	NA	NA
172659_1	chrE	-	22	0	0	1	22	7236	7257	NA	NA
172660_1	chr6	-	22	0	0	1	22	26285753	26285732	NA	NA
172661_5	chr12	-	22	0	0	1	22	127650657	127650636	NA	NA
172662_1	chr6	-	22	0	0	1	22	44393848	44393869	NA	NA
172663_100	chr9	-	22	0	0	1	22	136933668	136933689	NA	NA
172664_1	chr5	-	22	0	0	1	22	179042564	179042543	NA	NA
172665_1	chr3	-	22	0	0	1	22	33481664	33481643	NA	NA
172666_2	chr2	-	22	0	0	1	22	133012894	133012873	NA	NA
172667_10	chr21	-	22	0	0	1	22	9827053	9827074	NA	NA
172668_1	chr3	-	22	0	0	1	22	142731155	142731176	NA	NA
172669_20	chr1	-	22	0	0	1	22	21113822	21113801	NA	NA
172670_1	chr1	-	22	0	0	1	22	156084954	156084975	NA	NA
172671_1	chrE	-	22	0	0	1	22	3909	3930	NA	NA
172672_1	chr8	-	22	0	0	1	22	126085559	126085538	NA	NA
172673_1	chrE	-	22	0	0	1	22	697	718	NA	NA
172674_1	chrE	-	22	0	0	1	22	2407	2428	NA	NA
172675_5	chrE	-	22	0	0	1	22	6203	6224	NA	NA
172676_1	chr6	-	22	0	0	1	22	27265837	27265858	NA	NA
172677_2	chr7	-	22	0	0	1	22	94293984	94294005	NA	NA
172678_2	chrE	-	22	0	0	1	22	2393	2414	NA	NA
172679_1	chr20	-	22	0	0	1	22	2448286	2448265	NA	NA
172680_1	chr19	-	22	0	0	1	22	16187358	16187379	NA	NA
172681_1	chrE	-	22	0	0	1	22	5674	5695	NA	NA
172682_1	chrE	-	22	0	0	1	22	5688	5709	NA	NA
172683_116	chr2	-	22	0	0	1	22	71565816	71565795	NA	NA
172684_1	chrE	-	22	0	0	1	22	2463	2484	NA	NA
172685_6	chrE	-	22	0	0	1	22	1272	1293	NA	NA
172686_1	chrX	-	22	0	0	1	22	131203597	131203618	NA	NA
172687_1	chr15	-	22	0	0	1	22	74927946	74927925	NA	NA
172688_1	chr5	-	22	0	0	1	22	126154680	126154701	NA	NA
172689_1	chr22	-	22	0	0	1	22	36745171	36745150	NA	NA
172690_1	chr4	-	22	0	0	1	22	104061484	104061463	NA	NA
172691_2	chrE	-	22	0	0	1	22	822	843	NA	NA
172692_1	chr10	-	22	0	0	1	22	96100247	96100226	NA	NA
172693_1	chrY	-	22	0	0	1	22	10037856	10037877	NA	NA
172694_1	chr1	-	22	0	0	1	22	117909869	117909890	NA	NA
172695_1	chrE	-	22	0	0	1	22	7031	7052	NA	NA
172696_1	chr18	-	22	0	0	1	22	35065631	35065610	NA	NA
172697_1	chr11	-	22	0	0	1	22	14482769	14482748	NA	NA
172698_1	chrE	-	22	0	0	1	22	2399	2420	NA	NA
172699_2	chr1	-	22	0	0	1	22	237766741	237766762	NA	NA
172700_1	chrE	-	22	0	0	1	22	674	695	NA	NA
172701_1	chr2	-	22	0	0	1	22	232660864	232660885	NA	NA
172702_6	chrE	-	22	0	0	1	22	4572	4593	NA	NA
172703_1	chrE	-	22	0	0	1	22	1267	1288	NA	NA
172704_1	chr19	-	22	0	0	1	22	18418347	18418326	NA	NA
172705_1	chrE	-	22	0	0	1	22	1700	1721	NA	NA
172706_1	chr7	-	22	0	0	1	22	98247000	98247021	NA	NA
172707_1	chr9	-	22	0	0	1	22	79186849	79186870	NA	NA
172708_1	chrE	-	22	0	0	1	22	6660	6681	NA	NA
172709_1	chrE	-	22	0	0	1	22	2280	2301	NA	NA
172710_1	chr19	-	22	0	0	1	22	1625422	1625443	NA	NA
172711_1	chr3	-	22	0	0	1	22	69153761	69153782	NA	NA
172712_1	chrE	-	22	0	0	1	22	2273	2294	NA	NA
172713_1	chr21	-	22	0	0	1	22	9827051	9827072	NA	NA
172714_2	chrE	-	22	0	0	1	22	1277	1298	NA	NA
172715_1	chr7	-	22	0	0	1	22	73703971	73703992	NA	NA
172716_1	chr10	-	22	0	0	1	22	123971195	123971216	NA	NA
172717_1	chrE	-	22	0	0	1	22	2377	2398	NA	NA
172718_1	chr17	-	22	0	0	1	22	48263754	48263733	NA	NA
172719_1	chr1	-	22	0	0	1	22	119427678	119427657	NA	NA
172720_1	chrE	-	22	0	0	1	22	6626	6647	NA	NA
172721_1	chr12	-	22	0	0	1	22	53610630	53610651	NA	NA
172722_1	chr16	-	22	0	0	1	22	4408075	4408054	NA	NA
172723_3	chr9	-	22	0	0	1	22	95940135	95940156	NA	NA
172724_1	chrE	-	22	0	0	1	22	4805	4826	NA	NA
172725_1	chrE	-	22	0	0	1	22	6176	6197	NA	NA
172726_1	chr8	-	22	0	0	1	22	29208125	29208104	NA	NA
172727_1	chr20	-	22	0	0	1	22	62891390	62891411	NA	NA
172728_1	chr1	-	22	0	0	1	22	6294531	6294510	NA	NA
172729_1	chr9	-	22	0	0	1	22	89561880	89561859	NA	NA
172730_1	chr12	-	22	0	0	1	22	124069235	124069256	NA	NA
172731_1	chr1	-	22	0	0	1	22	171755156	171755177	NA	NA
172732_1	chr19	-	22	0	0	1	22	12813723	12813702	NA	NA
172733_1	chrE	-	22	0	0	1	22	5140	5161	NA	NA
172734_2	chrE	-	22	0	0	1	22	7203	7224	NA	NA
172735_1	chr2	-	22	0	0	1	22	41312261	41312282	NA	NA
172736_1	chrE	-	22	0	0	1	22	1602	1623	NA	NA
172737_1	chr10	-	22	0	0	1	22	106027160	106027181	NA	NA
172738_1	chr18	-	22	0	0	1	22	25583119	25583098	NA	NA
172739_1	chr2	-	22	0	0	1	22	128877968	128877989	NA	NA
172740_1	chr1	-	22	0	0	1	22	236700295	236700316	NA	NA
172741_1	chrE	-	22	0	0	1	22	3428	3449	NA	NA
172742_1	chrE	-	22	0	0	1	22	2787	2808	NA	NA
172743_1	chrE	-	22	0	0	1	22	6512	6533	NA	NA
172744_1	chr17	-	22	0	0	1	22	62496420	62496399	NA	NA
172745_1	chr1	-	22	0	0	1	22	179400128	179400107	NA	NA
172746_1	chr6	-	22	0	0	1	22	32943277	32943298	NA	NA
172747_1	chr2	-	22	0	0	1	22	54850636	54850657	NA	NA
172748_2	chrE	-	22	0	0	1	22	6635	6656	NA	NA
172749_2	chr8	-	22	0	0	1	22	10780139	10780160	NA	NA
172750_4	chr21	-	22	0	0	1	22	9827338	9827359	NA	NA
172751_1	chrY	-	22	0	0	1	22	10037855	10037876	NA	NA
172752_7	chr15	-	22	0	0	1	22	57178127	57178148	NA	NA
172753_1	chrE	-	22	0	0	1	22	852	873	NA	NA
172754_1	chr2	-	22	0	0	1	22	188419067	188419046	NA	NA
172755_1	chr6	-	22	0	0	1	22	70668937	70668916	NA	NA
172756_1	chrE	-	22	0	0	1	22	1275	1296	NA	NA
172757_1	chrE	-	22	0	0	1	22	6987	7008	NA	NA
172758_3	chrE	-	22	0	0	1	22	3834	3855	NA	NA
172759_1	chr12	-	22	0	0	1	22	95942330	95942351	NA	NA
172760_1	chrE	-	22	0	0	1	22	853	874	NA	NA
172761_1	chr1	-	22	0	0	1	22	8938660	8938639	NA	NA
172762_2	chrY	-	22	0	0	1	22	10037768	10037789	NA	NA
172763_7	chrX	-	22	0	0	1	22	108297807	108297828	NA	NA
172764_1	chr2	-	22	0	0	1	22	238657900	238657921	NA	NA
172765_1	chr6	-	22	0	0	1	22	26205137	26205158	NA	NA
172766_2	chr14	-	22	0	0	1	22	23450046	23450025	NA	NA
172767_3	chr10	-	22	0	0	1	22	6245405	6245426	NA	NA
172768_1	chr1	-	22	0	0	1	22	93645703	93645682	NA	NA
172769_1	chr2	-	22	0	0	1	22	241401857	241401878	NA	NA
172770_1	chr16	-	22	0	0	1	22	33963229	33963250	NA	NA
172771_1	chr15	-	22	0	0	1	22	25223427	25223448	NA	NA
172772_1	chrE	-	22	0	0	1	22	3935	3956	NA	NA
172773_2	chr19	-	22	0	0	1	22	24185476	24185455	NA	NA
172774_1	chr1	-	22	0	0	1	22	211433015	211432994	NA	NA
172775_1	chrE	-	22	0	0	1	22	3689	3710	NA	NA
172776_2	chrE	-	22	0	0	1	22	2388	2409	NA	NA
172777_1	chr11	-	22	0	0	1	22	57102711	57102690	NA	NA
172778_2	chr16	-	22	0	0	1	22	47538731	47538752	NA	NA
172779_1	chrE	-	22	0	0	1	22	5345	5366	NA	NA
172780_1	chr1	-	22	0	0	1	22	109957930	109957909	NA	NA
172781_1	chr1	-	22	0	0	1	22	1475897	1475876	NA	NA
172782_1	chr1	-	22	0	0	1	22	155988147	155988126	NA	NA
172783_1	chrE	-	22	0	0	1	22	5986	6007	NA	NA
172784_1	chrE	-	22	0	0	1	22	2984	3005	NA	NA
172785_1	chrY	-	22	0	0	1	22	10035892	10035913	NA	NA
172786_1	chrE	-	22	0	0	1	22	3352	3373	NA	NA
172787_1	chrE	-	22	0	0	1	22	6372	6393	NA	NA
172788_1	chr12	-	22	0	0	1	22	127650655	127650634	NA	NA
172789_1	chrE	-	22	0	0	1	22	2080	2101	NA	NA
172790_1	chr3	-	22	0	0	1	22	127157052	127157073	NA	NA
172791_1	chr2	-	22	0	0	1	22	121726360	121726381	NA	NA
172792_1	chr8	-	22	0	0	1	22	99057212	99057191	NA	NA
172793_3	chr21	-	22	0	0	1	22	9827297	9827318	NA	NA
172794_1	chr7	-	22	0	0	1	22	5568049	5568028	NA	NA
172795_1	chr14	-	22	0	0	1	22	84203052	84203073	NA	NA
172796_1	chr2	-	22	0	0	1	22	25016338	25016359	NA	NA
172797_1	chr20	-	22	0	0	1	22	43572188	43572167	NA	NA
172798_1	chr12	-	22	0	0	1	22	58145069	58145048	NA	NA
172799_1	chr17	-	22	0	0	1	22	46692473	46692452	NA	NA
172800_3	chrE	-	22	0	0	1	22	3874	3895	NA	NA
172801_1	chrE	-	22	0	0	1	22	5710	5731	NA	NA
172802_40	chr13	-	22	0	0	1	22	112758183	112758162	NA	NA
172803_1	chr6	-	22	0	0	1	22	26251059	26251080	NA	NA
172804_1	chr6	-	22	0	0	1	22	33256155	33256134	NA	NA
172805_1	chr19	-	22	0	0	1	22	4310505	4310526	NA	NA
172806_1	chrE	-	22	0	0	1	22	2983	3004	NA	NA
172807_1	chr3	-	22	0	0	1	22	113795764	113795785	NA	NA
172808_1	chr5	-	22	0	0	1	22	488384	488405	NA	NA
172809_1	chrE	-	22	0	0	1	22	1845	1866	NA	NA
172810_1	chr6	-	22	0	0	1	22	80656863	80656842	NA	NA
172811_1	chr21	-	22	0	0	1	22	9827172	9827193	NA	NA
172812_1	chr15	-	22	0	0	1	22	59203715	59203736	NA	NA
172813_3	chrX	-	22	0	0	1	22	108297805	108297826	NA	NA
172814_1	chr6	-	22	0	0	1	22	26156950	26156971	NA	NA
172815_1	chr12	-	22	0	0	1	22	58239592	58239613	NA	NA
172816_3	chr21	-	22	0	0	1	22	9827290	9827311	NA	NA
172817_1	chrE	-	22	0	0	1	22	706	727	NA	NA
172818_1	chr19	-	22	0	0	1	22	24183426	24183405	NA	NA
172819_1	chr17	-	22	0	0	1	22	900392	900413	NA	NA
172820_1	chr19	-	22	0	0	1	22	821475	821454	NA	NA
172821_1	chr12	-	22	0	0	1	22	77129523	77129502	NA	NA
172822_1	chrE	-	22	0	0	1	22	7292	7313	NA	NA
172823_1	chrY	-	22	0	0	1	22	10037770	10037791	NA	NA
172824_1	chr1	-	22	0	0	1	22	52257736	52257715	NA	NA
172825_2	chr21	-	22	0	0	1	22	9827292	9827313	NA	NA
172826_1	chr19	-	22	0	0	1	22	59059419	59059440	NA	NA
172827_1	chrE	-	22	0	0	1	22	5268	5289	NA	NA
172828_1	chr5	-	22	0	0	1	22	488383	488404	NA	NA
172829_1	chrE	-	22	0	0	1	22	1507	1528	NA	NA
172830_1	chr11	-	22	0	0	1	22	105352749	105352728	NA	NA
172831_2	chr9	-	22	0	0	1	22	136293913	136293892	NA	NA
172832_7	chr10	-	22	0	0	1	22	128593720	128593741	NA	NA
172833_1	chr10	-	22	0	0	1	22	96936531	96936510	NA	NA
172834_1	chrE	-	22	0	0	1	22	2858	2879	NA	NA
172835_1	chr16	-	22	0	0	1	22	33963233	33963254	NA	NA
172836_1	chrE	-	22	0	0	1	22	4498	4519	NA	NA
172837_1	chrE	-	22	0	0	1	22	6005	6026	NA	NA
172838_1	chr2	-	22	0	0	1	22	234263487	234263508	NA	NA
172839_1	chr18	-	22	0	0	1	22	54281786	54281765	NA	NA
172840_9	chr5	-	22	0	0	1	22	149681993	149682014	NA	NA
172841_1	chrX	-	22	0	0	1	22	117895158	117895179	NA	NA
172842_1	chrE	-	22	0	0	1	22	3507	3528	NA	NA
172843_1	chr19	-	22	0	0	1	22	6222655	6222634	NA	NA
172844_1	chr2	-	22	0	0	1	22	189858148	189858169	NA	NA
172845_1	chr17	-	22	0	0	1	22	79096193	79096214	NA	NA
172846_1	chr16	-	22	0	0	1	22	31639167	31639146	NA	NA
172847_1	chr2	-	22	0	0	1	22	27603916	27603895	NA	NA
172848_16	chr5	-	22	0	0	1	22	50081214	50081235	NA	NA
172849_1	chrE	-	22	0	0	1	22	3353	3374	NA	NA
172850_1	chr17	-	22	0	0	1	22	48278894	48278873	NA	NA
172851_1	chr17	-	22	0	0	1	22	20515874	20515853	NA	NA
172852_1	chr20	-	22	0	0	1	22	3028764	3028785	NA	NA
172853_1	chr3	-	22	0	0	1	22	58489573	58489552	NA	NA
172854_1	chrE	-	22	0	0	1	22	4969	4990	NA	NA
172855_1	chrE	-	22	0	0	1	22	4778	4799	NA	NA
172856_1	chr6	-	22	0	0	1	22	108232594	108232573	NA	NA
172857_1	chr9	-	22	0	0	1	22	140077666	140077645	NA	NA
172858_1	chrE	-	22	0	0	1	22	671	692	NA	NA
172859_1	chr8	-	22	0	0	1	22	53080370	53080349	NA	NA
172860_1	chr6	-	22	0	0	1	22	27834961	27834940	NA	NA
172861_1	chr21	-	22	0	0	1	22	9827206	9827227	NA	NA
172862_1	chr20	-	22	0	0	1	22	57415079	57415100	NA	NA
172863_1	chrE	-	22	0	0	1	22	2438	2459	NA	NA
172864_1	chr9	-	22	0	0	1	22	36258335	36258356	NA	NA
172865_1	chr19	-	22	0	0	1	22	24184972	24184951	NA	NA
172866_1	chr15	-	22	0	0	1	22	37109999	37109978	NA	NA
172867_12	chr21	-	22	0	0	1	22	9827054	9827075	NA	NA
172868_1	chr16	-	22	0	0	1	22	54962687	54962708	NA	NA
172869_1	chr22	-	22	0	0	1	22	22890561	22890540	NA	NA
172870_1	chrE	-	22	0	0	1	22	5115	5136	NA	NA
172871_16	chrY	-	22	0	0	1	22	10037849	10037870	NA	NA
172872_6	chr19	-	22	0	0	1	22	24185253	24185232	NA	NA
172873_2	chrE	-	22	0	0	1	22	3387	3408	NA	NA
172874_1	chr21	-	22	0	0	1	22	9827114	9827135	NA	NA
172875_1	chr11	-	22	0	0	1	22	309151	309172	NA	NA
172876_1	chr8	-	22	0	0	1	22	31459557	31459536	NA	NA
172877_1	chr2	-	22	0	0	1	22	39893321	39893342	NA	NA
172878_1	chr3	-	22	0	0	1	22	108391440	108391461	NA	NA
172879_1	chr16	-	22	0	0	1	22	18810146	18810125	NA	NA
172880_98	chr9	-	22	0	0	1	22	136933667	136933688	NA	NA
172881_1	chr3	-	22	0	0	1	22	127347898	127347919	NA	NA
172882_291	chr21	-	22	0	0	1	22	9827208	9827229	NA	NA
172883_1	chr1	-	22	0	0	1	22	10854008	10853987	NA	NA
172884_1	chr6	-	22	0	0	1	22	26027216	26027195	NA	NA
172885_1	chr14	-	22	0	0	1	22	93686623	93686644	NA	NA
172886_1	chrE	-	22	0	0	1	22	5043	5064	NA	NA
172887_1	chrE	-	22	0	0	1	22	6042	6063	NA	NA
172888_1	chr2	-	22	0	0	1	22	85771966	85771987	NA	NA
172889_1	chrE	-	22	0	0	1	22	2385	2406	NA	NA
172890_1	chr2	-	22	0	0	1	22	224856611	224856590	NA	NA
172891_1	chr7	-	22	0	0	1	22	42834561	42834582	NA	NA
172892_2	chr16	-	22	0	0	1	22	33963221	33963242	NA	NA
172893_1	chr7	-	22	0	0	1	22	94293253	94293274	NA	NA
172894_1	chr17	-	22	0	0	1	22	33478297	33478276	NA	NA
172895_1	chr1	-	22	0	0	1	22	154904888	154904867	NA	NA
172896_1	chr1	-	22	0	0	1	22	146675239	146675218	NA	NA
172897_1	chr6	-	22	0	0	1	22	26157205	26157226	NA	NA
172898_3	chrE	-	22	0	0	1	22	5749	5770	NA	NA
172899_1	chr7	-	22	0	0	1	22	22705415	22705394	NA	NA
172900_1	chr3	-	22	0	0	1	22	139071543	139071564	NA	NA
172901_1	chrE	-	22	0	0	1	22	7009	7030	NA	NA
172902_2	chrE	-	22	0	0	1	22	722	743	NA	NA
172903_1	chr1	-	22	0	0	1	22	10490518	10490539	NA	NA
172904_1	chr21	-	22	0	0	1	22	9827204	9827225	NA	NA
172905_2	chr21	-	22	0	0	1	22	9827296	9827317	NA	NA
172906_1	chrE	-	22	0	0	1	22	6980	7001	NA	NA
172907_1	chrE	-	22	0	0	1	22	3816	3837	NA	NA
172908_1	chr2	-	22	0	0	1	22	192250644	192250665	NA	NA
172909_1	chr12	-	22	0	0	1	22	127650918	127650897	NA	NA
172910_1	chr15	-	22	0	0	1	22	44684917	44684896	NA	NA
172911_1	chrE	-	22	0	0	1	22	4777	4798	NA	NA
172912_2	chr8	-	22	0	0	1	22	70602596	70602575	NA	NA
172913_1	chr4	-	22	0	0	1	22	99993772	99993751	NA	NA
172914_2	chrE	-	22	0	0	1	22	1248	1269	NA	NA
172915_1	chrE	-	22	0	0	1	22	635	656	NA	NA
172916_1	chrE	-	22	0	0	1	22	2772	2793	NA	NA
172917_1	chr1	-	22	0	0	1	22	92789792	92789813	NA	NA
172918_102	chr21	-	22	0	0	1	22	9827209	9827230	NA	NA
172919_1	chr6	-	22	0	0	1	22	168298993	168299014	NA	NA
172920_1	chr19	-	22	0	0	1	22	24184643	24184622	NA	NA
172921_1	chr1	-	22	0	0	1	22	44482398	44482419	NA	NA
172922_2	chrE	-	22	0	0	1	22	1587	1608	NA	NA
172923_8	chr16	-	22	0	0	1	22	47538729	47538750	NA	NA
172924_2	chrX	-	22	0	0	1	22	19140679	19140658	NA	NA
172925_1	chr7	-	22	0	0	1	22	116199119	116199140	NA	NA
172926_1	chr16	-	22	0	0	1	22	33963234	33963255	NA	NA
172927_1	chrE	-	22	0	0	1	22	4411	4432	NA	NA
172928_1	chr2	-	22	0	0	1	22	177202269	177202290	NA	NA
172929_1	chr3	-	22	0	0	1	22	15137539	15137518	NA	NA
172930_1	chr16	-	22	0	0	1	22	4089255	4089234	NA	NA
172931_2	chrE	-	22	0	0	1	22	4350	4371	NA	NA
172932_1	chr1	-	22	0	0	1	22	934762	934741	NA	NA
172933_1	chr11	-	22	0	0	1	22	124551300	124551321	NA	NA
172934_1	chrE	-	22	0	0	1	22	4637	4658	NA	NA
172935_1	chrE	-	22	0	0	1	22	5672	5693	NA	NA
172936_1	chr17	-	22	0	0	1	22	48269192	48269171	NA	NA
172937_4	chr2	-	22	0	0	1	22	71565818	71565797	NA	NA
172938_1	chr17	-	22	0	0	1	22	45000560	45000581	NA	NA
172939_1	chrE	-	22	0	0	1	22	7008	7029	NA	NA
172940_1	chrM	-	22	0	0	1	22	10125	10146	NA	NA
172941_1	chr5	-	22	0	0	1	22	130995537	130995516	NA	NA
172942_1	chrE	-	22	0	0	1	22	764	785	NA	NA
172943_1	chr11	-	22	0	0	1	22	9309277	9309256	NA	NA
172944_1	chrE	-	22	0	0	1	22	6021	6042	NA	NA
172945_1	chr12	-	22	0	0	1	22	69983339	69983360	NA	NA
172946_1	chr5	-	22	0	0	1	22	179233799	179233778	NA	NA
172947_1	chr3	-	22	0	0	1	22	152017304	152017325	NA	NA
172948_2	chrE	-	22	0	0	1	22	2343	2364	NA	NA
172949_1	chr2	-	22	0	0	1	22	133012896	133012875	NA	NA
172950_1	chr1	-	22	0	0	1	22	149858857	149858878	NA	NA
172951_1	chr8	-	22	0	0	1	22	144994448	144994427	NA	NA
172952_9	chrE	-	22	0	0	1	22	721	742	NA	NA
172953_3	chr18	-	22	0	0	1	22	43914350	43914371	NA	NA
172954_1	chr10	-	22	0	0	1	22	17271797	17271818	NA	NA
172955_1	chr1	-	22	0	0	1	22	245022647	245022626	NA	NA
172956_1	chr17	-	22	0	0	1	22	79077468	79077489	NA	NA
172957_1	chr21	-	22	0	0	1	22	9827149	9827170	NA	NA
172958_1	chr7	-	22	0	0	1	22	111374632	111374653	NA	NA
172959_1	chr17	-	22	0	0	1	22	33478163	33478142	NA	NA
172960_1	chrE	-	22	0	0	1	22	1278	1299	NA	NA
172961_1	chr5	-	22	0	0	1	22	71146887	71146908	NA	NA
172962_1	chrE	-	22	0	0	1	22	2219	2240	NA	NA
172963_1	chr2	-	22	0	0	1	22	37806021	37806000	NA	NA
172964_1	chr3	-	22	0	0	1	22	180491592	180491571	NA	NA
172965_1	chrE	-	22	0	0	1	22	1582	1603	NA	NA
172966_1	chr15	-	22	0	0	1	22	68119867	68119888	NA	NA
172967_4	chr9	-	22	0	0	1	22	95940136	95940157	NA	NA
172968_1	chrE	-	22	0	0	1	22	7190	7211	NA	NA
172969_2	chrE	-	22	0	0	1	22	951	972	NA	NA
172970_1	chrE	-	22	0	0	1	22	2658	2679	NA	NA
172971_1	chrE	-	22	0	0	1	22	6528	6549	NA	NA
172972_1	chrX	-	22	0	0	1	22	108297751	108297772	NA	NA
172973_1	chr1	-	22	0	0	1	22	3448099	3448120	NA	NA
172974_1	chr12	-	22	0	0	1	22	57626254	57626275	NA	NA
172975_1	chr2	-	22	0	0	1	22	207017198	207017177	NA	NA
172976_1	chr11	-	22	0	0	1	22	71726521	71726500	NA	NA
172977_1	chrE	-	22	0	0	1	22	2708	2729	NA	NA
172978_1	chr16	-	22	0	0	1	22	12995347	12995368	NA	NA
172979_1	chrE	-	22	0	0	1	22	973	994	NA	NA
172980_1	chr1	-	22	0	0	1	22	22055155	22055134	NA	NA
172981_1	chrE	-	22	0	0	1	22	5221	5242	NA	NA
172982_1	chr21	-	22	0	0	1	22	9827413	9827434	NA	NA
172983_1	chrE	-	22	0	0	1	22	878	899	NA	NA
172984_1	chrE	-	22	0	0	1	22	5311	5332	NA	NA
172985_1	chr1	-	22	0	0	1	22	114447245	114447224	NA	NA
172986_1	chrX	-	22	0	0	1	22	135579500	135579521	NA	NA
172987_4	chrE	-	22	0	0	1	22	4507	4528	NA	NA
172988_1	chr11	-	22	0	0	1	22	1249958	1249937	NA	NA
172989_2	chr2	-	22	0	0	1	22	230045508	230045487	NA	NA
172990_1	chrE	-	22	0	0	1	22	5964	5985	NA	NA
172991_3	chrE	-	22	0	0	1	22	2278	2299	NA	NA
172992_1	chrE	-	22	0	0	1	22	6962	6983	NA	NA
172993_1	chr2	-	22	0	0	1	22	85850834	85850855	NA	NA
172994_1	chrE	-	22	0	0	1	22	1818	1839	NA	NA
172995_1	chrE	-	22	0	0	1	22	866	887	NA	NA
172996_1	chrE	-	22	0	0	1	22	7032	7053	NA	NA
172997_1	chr22	-	22	0	0	1	22	51158992	51159013	NA	NA
172998_1	chrE	-	22	0	0	1	22	2401	2422	NA	NA
172999_15	chr17	-	22	0	0	1	22	33478296	33478275	NA	NA
173000_2	chr12	-	22	0	0	1	22	88429361	88429382	NA	NA
173001_1	chr9	-	22	0	0	1	22	95940137	95940158	NA	NA
173002_2	chrE	-	22	0	0	1	22	5706	5727	NA	NA
173003_2	chrE	-	22	0	0	1	22	928	949	NA	NA
173004_1	chrM	-	22	0	0	1	22	14755	14776	NA	NA
173005_1	chrE	-	22	0	0	1	22	4395	4416	NA	NA
173006_1	chrE	-	22	0	0	1	22	3264	3285	NA	NA
173007_1	chr17	-	22	0	0	1	22	80361841	80361820	NA	NA
173008_12	chr14	-	22	0	0	1	22	23450047	23450026	NA	NA
173009_1	chr8	-	22	0	0	1	22	72776587	72776566	NA	NA
173010_1	chr5	-	22	0	0	1	22	137089558	137089537	NA	NA
173011_1	chr15	-	22	0	0	1	22	60884504	60884525	NA	NA
173012_1	chr17	-	22	0	0	1	22	40468833	40468812	NA	NA
173013_1	chr9	-	22	0	0	1	22	35061109	35061088	NA	NA
173014_6	chrY	-	22	0	0	1	22	10037850	10037871	NA	NA
173015_1	chrE	-	22	0	0	1	22	4461	4482	NA	NA
173016_1	chr1	-	22	0	0	1	22	37967480	37967459	NA	NA
173017_1	chr1	-	22	0	0	1	22	150305152	150305173	NA	NA
173018_1	chr6	-	22	0	0	1	22	27858555	27858534	NA	NA
173019_1	chrE	-	22	0	0	1	22	6594	6615	NA	NA
173020_1	chr15	-	22	0	0	1	22	45479934	45479913	NA	NA
173021_1	chr6	-	22	0	0	1	22	76311662	76311683	NA	NA
173022_1	chrE	-	22	0	0	1	22	4285	4306	NA	NA
173023_1	chrE	-	22	0	0	1	22	4133	4154	NA	NA
173024_1	chr6	-	22	0	0	1	22	1621103	1621082	NA	NA
173025_1	chr17	-	22	0	0	1	22	80049264	80049243	NA	NA
173026_1	chrE	-	22	0	0	1	22	786	807	NA	NA
173027_3	chr1	-	22	0	0	1	22	112162396	112162417	NA	NA
173028_2	chrE	-	22	0	0	1	22	1508	1529	NA	NA
173029_1	chr17	-	22	0	0	1	22	79479284	79479263	NA	NA
173030_1	chr1	-	22	0	0	1	22	20608591	20608612	NA	NA
173031_1	chr16	-	22	0	0	1	22	72991734	72991713	NA	NA
173032_3	chr3	-	22	0	0	1	22	9974570	9974591	NA	NA
173033_1	chr14	-	22	0	0	1	22	73547949	73547928	NA	NA
173034_2	chrE	-	22	0	0	1	22	715	736	NA	NA
173035_1	chr19	-	22	0	0	1	22	58904483	58904504	NA	NA
173036_2	chrE	-	22	0	0	1	22	5313	5334	NA	NA
173037_1	chrE	-	22	0	0	1	22	3532	3553	NA	NA
173038_1	chr2	-	22	0	0	1	22	241465270	241465249	NA	NA
173039_2	chrE	-	22	0	0	1	22	2286	2307	NA	NA
173040_1	chr2	-	22	0	0	1	22	242265432	242265453	NA	NA
173041_1	chr1	-	22	0	0	1	22	66828913	66828934	NA	NA
173042_1	chr12	-	22	0	0	1	22	57106330	57106309	NA	NA
173043_38	chr17	-	22	0	0	1	22	33478295	33478274	NA	NA
173044_1	chrE	-	22	0	0	1	22	1097	1118	NA	NA
173045_1	chr13	-	22	0	0	1	22	99229054	99229033	NA	NA
173046_1	chr6	-	22	0	0	1	22	25727413	25727434	NA	NA
173047_8	chr12	-	22	0	0	1	22	127650518	127650497	NA	NA
173048_1	chrE	-	22	0	0	1	22	7161	7182	NA	NA
173049_1	chr16	-	22	0	0	1	22	19726340	19726319	NA	NA
173050_1	chr9	-	22	0	0	1	22	115060132	115060111	NA	NA
173051_1	chr3	-	22	0	0	1	22	135644806	135644827	NA	NA
173052_2	chrE	-	22	0	0	1	22	5846	5867	NA	NA
173053_1	chr19	-	22	0	0	1	22	50902122	50902143	NA	NA
173054_1	chr6	-	22	0	0	1	22	31939808	31939787	NA	NA
173055_1	chr2	-	22	0	0	1	22	70315352	70315373	NA	NA
173056_1	chr14	-	22	0	0	1	22	105927243	105927264	NA	NA
173057_1	chr5	-	22	0	0	1	22	130498289	130498268	NA	NA
173058_1	chr2	-	22	0	0	1	22	114736919	114736940	NA	NA
173059_1	chr8	-	22	0	0	1	22	38948839	38948860	NA	NA
173060_2	chrE	-	22	0	0	1	22	7138	7159	NA	NA
173061_1	chrE	-	22	0	0	1	22	5288	5309	NA	NA
173062_1	chr6	-	22	0	0	1	22	110036293	110036314	NA	NA
173063_1	chrE	-	22	0	0	1	22	614	635	NA	NA
# blasting completed