2918712_1	chr1	-	19	0	0	1	19	156721455	156721437	NA	NA
2918713_2	chr2	-	19	0	0	1	19	71565817	71565799	NA	NA
2918714_1	chr11	-	19	0	0	1	19	106810299	106810281	NA	NA
2918715_1	chr11	-	19	0	0	1	19	129990670	129990688	NA	NA
2918716_2	chr1	-	19	0	0	1	19	27269470	27269488	NA	NA
2918717_1	chr5	-	19	0	0	1	19	75469840	75469822	NA	NA
2918718_1	chr1	-	19	0	0	1	19	31570658	31570676	NA	NA
2918719_1	chr2	-	19	0	0	1	19	133012330	133012312	NA	NA
2918720_1	chr11	-	19	0	0	1	19	110659511	110659493	NA	NA
2918721_1	chr19	-	19	0	0	1	19	581527	581545	NA	NA
2918722_1	chr8	-	19	0	0	1	19	62626859	62626841	NA	NA
2918723_1	chr6	-	19	0	0	1	19	161438654	161438672	NA	NA
2918724_1	chr6	-	19	0	0	1	19	149620987	149621005	NA	NA
2918725_1	chr2	-	19	0	0	1	19	189872301	189872319	NA	NA
2918726_1	chr19	-	19	0	0	1	19	3434341	3434359	NA	NA
2918727_1	chr2	-	19	0	0	1	19	99152598	99152616	NA	NA
2918728_1	chr1	-	19	0	0	1	19	150245199	150245217	NA	NA
2918729_1	chr12	-	19	0	0	1	19	57929290	57929272	NA	NA
2918730_1	chr19	-	19	0	0	1	19	42071555	42071537	NA	NA
2918731_1	chr10	-	19	0	0	1	19	85904632	85904650	NA	NA
2918732_1	chr21	-	19	0	0	1	19	9827294	9827312	NA	NA
2918733_1	chr19	-	19	0	0	1	19	30303029	30303047	NA	NA
2918734_1	chr1	-	19	0	0	1	19	191927877	191927895	NA	NA
2918735_1	chr13	-	19	0	0	1	19	111862295	111862313	NA	NA
2918736_1	chr7	-	19	0	0	1	19	56126128	56126146	NA	NA
2918737_1	chrY	-	19	0	0	1	19	10037852	10037870	NA	NA
2918738_1	chr4	-	19	0	0	1	19	76957169	76957151	NA	NA
2918739_1	chr11	-	19	0	0	1	19	46568756	46568738	NA	NA
2918740_1	chr15	-	19	0	0	1	19	66735636	66735654	NA	NA
2918741_1	chr11	-	19	0	0	1	19	18427052	18427070	NA	NA
2918742_1	chr19	-	19	0	0	1	19	52714625	52714643	NA	NA
2918743_3	chr12	-	19	0	0	1	19	33049886	33049904	NA	NA
2918744_1	chr10	-	19	0	0	1	19	100082172	100082190	NA	NA
2918745_1	chr15	-	19	0	0	1	19	66791793	66791775	NA	NA
2918746_1	chr17	-	19	0	0	1	19	32189584	32189602	NA	NA
2918747_1	chr7	-	19	0	0	1	19	72883881	72883863	NA	NA
2918748_1	chr3	-	19	0	0	1	19	23397213	23397195	NA	NA
2918749_1	chr8	-	19	0	0	1	19	144663460	144663442	NA	NA
2918750_1	chr17	-	19	0	0	1	19	46986139	46986157	NA	NA
2918751_1	chr15	-	19	0	0	1	19	90931593	90931611	NA	NA
2918752_1	chr5	-	19	0	0	1	19	136834203	136834185	NA	NA
2918753_1	chrX	-	19	0	0	1	19	38640426	38640408	NA	NA
2918754_1	chr5	-	19	0	0	1	19	71146858	71146876	NA	NA
2918755_1	chr22	-	19	0	0	1	19	35804482	35804500	NA	NA
2918756_1	chr5	-	19	0	0	1	19	162869078	162869096	NA	NA
2918757_1	chr21	-	19	0	0	1	19	27542960	27542942	NA	NA
2918758_1	chr9	-	19	0	0	1	19	33034257	33034275	NA	NA
2918759_1	chr2	-	19	0	0	1	19	163053221	163053203	NA	NA
2918760_1	chr12	-	19	0	0	1	19	120118116	120118134	NA	NA
2918761_2	chr15	-	19	0	0	1	19	72582092	72582110	NA	NA
2918762_1	chr19	-	19	0	0	1	19	48833650	48833668	NA	NA
2918763_1	chr6	-	19	0	0	1	19	33169347	33169365	NA	NA
2918764_1	chr3	-	19	0	0	1	19	170330483	170330465	NA	NA
2918765_1	chr12	-	19	0	0	1	19	94231865	94231847	NA	NA
2918766_1	chr15	-	19	0	0	1	19	72511357	72511339	NA	NA
2918767_1	chr10	-	19	0	0	1	19	71812626	71812644	NA	NA
2918768_1	chrX	-	19	0	0	1	19	102586392	102586410	NA	NA
2918769_1	chr1	-	19	0	0	1	19	3542341	3542359	NA	NA
2918770_1	chr19	-	19	0	0	1	19	29698971	29698953	NA	NA
2918771_1	chr11	-	19	0	0	1	19	35198144	35198162	NA	NA
2918772_1	chr16	-	19	0	0	1	19	33963349	33963367	NA	NA
2918773_1	chr17	-	19	0	0	1	19	80213443	80213425	NA	NA
2918774_1	chr1	-	19	0	0	1	19	84971724	84971706	NA	NA
2918775_1	chr11	-	19	0	0	1	19	81034937	81034919	NA	NA
2918776_1	chr2	-	19	0	0	1	19	98281068	98281050	NA	NA
2918777_1	chr20	-	19	0	0	1	19	34142815	34142833	NA	NA
2918778_1	chr7	-	19	0	0	1	19	94292951	94292969	NA	NA
2918779_1	chr5	-	19	0	0	1	19	71146751	71146769	NA	NA
2918780_1	chr5	-	19	0	0	1	19	179703369	179703387	NA	NA
2918781_1	chr17	-	19	0	0	1	19	40556736	40556718	NA	NA
2918782_1	chr10	-	19	0	0	1	19	103871247	103871229	NA	NA
2918783_1	chr6	-	19	0	0	1	19	26104267	26104285	NA	NA
2918784_1	chr11	-	19	0	0	1	19	61091379	61091397	NA	NA
2918785_1	chr12	-	19	0	0	1	19	127707312	127707330	NA	NA
2918786_1	chr20	-	19	0	0	1	19	278730	278748	NA	NA
2918787_1	chrX	-	19	0	0	1	19	127422914	127422932	NA	NA
2918788_1	chr12	-	19	0	0	1	19	127650517	127650499	NA	NA
2918789_3	chr2	-	19	0	0	1	19	230045519	230045501	NA	NA
2918790_2	chr7	-	19	0	0	1	19	94293478	94293496	NA	NA
2918791_1	chr19	-	19	0	0	1	19	54648040	54648058	NA	NA
2918792_6	chr17	-	19	0	0	1	19	33478293	33478275	NA	NA
2918793_1	chrY	-	19	0	0	1	19	10036576	10036594	NA	NA
2918794_1	chr6	-	19	0	0	1	19	31657469	31657451	NA	NA
2918795_1	chr6	-	19	0	0	1	19	26225440	26225458	NA	NA
2918796_1	chr6	-	19	0	0	1	19	26225398	26225416	NA	NA
2918797_1	chr6	-	19	0	0	1	19	33232588	33232570	NA	NA
2918798_1	chr2	-	19	0	0	1	19	71565818	71565800	NA	NA
2918799_1	chr14	-	19	0	0	1	19	61485966	61485948	NA	NA
2918800_1	chr14	-	19	0	0	1	19	43769660	43769678	NA	NA
2918801_1	chr12	-	19	0	0	1	19	101790248	101790230	NA	NA
2918802_1	chr16	-	19	0	0	1	19	33963340	33963358	NA	NA
2918803_1	chr22	-	19	0	0	1	19	29682958	29682976	NA	NA
2918804_1	chr6	-	19	0	0	1	19	27858553	27858535	NA	NA
2918805_1	chr11	-	19	0	0	1	19	60670311	60670293	NA	NA
2918806_1	chr7	-	19	0	0	1	19	99047976	99047994	NA	NA
2918807_1	chr17	-	19	0	0	1	19	77752056	77752074	NA	NA
2918808_1	chr9	-	19	0	0	1	19	140135832	140135850	NA	NA
2918809_1	chr17	-	19	0	0	1	19	57768055	57768073	NA	NA
2918810_1	chr17	-	19	0	0	1	19	33478329	33478311	NA	NA
2918811_1	chr7	-	19	0	0	1	19	97361242	97361260	NA	NA
2918812_1	chr10	-	19	0	0	1	19	118330197	118330215	NA	NA
2918813_1	chr18	-	19	0	0	1	19	35677904	35677922	NA	NA
2918814_1	chr3	-	19	0	0	1	19	49138023	49138005	NA	NA
2918815_2	chrX	-	19	0	0	1	19	108297809	108297827	NA	NA
2918816_1	chr18	-	19	0	0	1	19	32202780	32202798	NA	NA
2918817_1	chr6	-	19	0	0	1	19	31630390	31630372	NA	NA
2918818_1	chr6	-	19	0	0	1	19	33214336	33214354	NA	NA
2918819_1	chr2	-	19	0	0	1	19	188419147	188419129	NA	NA
2918820_1	chr1	-	19	0	0	1	19	154525634	154525616	NA	NA
2918821_1	chr17	-	19	0	0	1	19	80040911	80040893	NA	NA
2918822_1	chr1	-	19	0	0	1	19	11969897	11969879	NA	NA
2918823_1	chr17	-	19	0	0	1	19	33478294	33478276	NA	NA
2918824_1	chr6	-	19	0	0	1	19	139695043	139695025	NA	NA
2918825_1	chr22	-	19	0	0	1	19	43023648	43023630	NA	NA
2918826_1	chr19	-	19	0	0	1	19	34868672	34868690	NA	NA
2918827_1	chr6	-	19	0	0	1	19	27778189	27778207	NA	NA
2918828_1	chr5	-	19	0	0	1	19	64064413	64064395	NA	NA
2918829_1	chr12	-	19	0	0	1	19	122729224	122729206	NA	NA
2918830_1	chr16	-	19	0	0	1	19	33965561	33965579	NA	NA
2918831_1	chrM	-	19	0	0	1	19	1884	1902	NA	NA
2918832_1	chr15	-	19	0	0	1	19	40510672	40510690	NA	NA
2918833_1	chr20	-	19	0	0	1	19	42087126	42087144	NA	NA
2918834_1	chr17	-	19	0	0	1	19	76795807	76795789	NA	NA
2918835_1	chr6	-	19	0	0	1	19	27833355	27833373	NA	NA
2918836_1	chr1	-	19	0	0	1	19	22817105	22817123	NA	NA
2918837_1	chr7	-	19	0	0	1	19	99720509	99720527	NA	NA
2918838_1	chr16	-	19	0	0	1	19	47538729	47538747	NA	NA
2918839_1	chr7	-	19	0	0	1	19	143079375	143079393	NA	NA
2918840_1	chr16	-	19	0	0	1	19	2048196	2048214	NA	NA
2918841_1	chr17	-	19	0	0	1	19	32903795	32903813	NA	NA
2918842_5	chr21	-	19	0	0	1	19	9827289	9827307	NA	NA
2918843_1	chr2	-	19	0	0	1	19	190044389	190044371	NA	NA
2918844_1	chr19	-	19	0	0	1	19	55898019	55898037	NA	NA
2918845_1	chr6	-	19	0	0	1	19	26156967	26156985	NA	NA
2918846_1	chr5	-	19	0	0	1	19	71146891	71146909	NA	NA
2918847_1	chr8	-	19	0	0	1	19	27463922	27463904	NA	NA
2918848_1	chr5	-	19	0	0	1	19	7711904	7711922	NA	NA
2918849_1	chr5	-	19	0	0	1	19	74294786	74294804	NA	NA
2918850_1	chr1	-	19	0	0	1	19	150551995	150551977	NA	NA
2918851_1	chr21	-	19	0	0	1	19	9827164	9827182	NA	NA
2918852_1	chr19	-	19	0	0	1	19	36066543	36066561	NA	NA
2918853_1	chr19	-	19	0	0	1	19	34925826	34925844	NA	NA
2918854_1	chr2	-	19	0	0	1	19	217055024	217055042	NA	NA
2918855_1	chr2	-	19	0	0	1	19	230045585	230045567	NA	NA
2918856_1	chr6	-	19	0	0	1	19	132271653	132271635	NA	NA
2918857_2	chr19	-	19	0	0	1	19	47124580	47124598	NA	NA
2918858_1	chr12	-	19	0	0	1	19	127650655	127650637	NA	NA
2918859_1	chr10	-	19	0	0	1	19	31719896	31719914	NA	NA
2918860_1	chr11	-	19	0	0	1	19	68363600	68363618	NA	NA
2918861_1	chrY	-	19	0	0	1	19	18635478	18635460	NA	NA
2918862_1	chr1	-	19	0	0	1	19	35247488	35247506	NA	NA
2918863_1	chr2	-	19	0	0	1	19	88634466	88634448	NA	NA
2918864_1	chr3	-	19	0	0	1	19	122419145	122419163	NA	NA
2918865_1	chr11	-	19	0	0	1	19	64851433	64851415	NA	NA
2918866_1	chr3	-	19	0	0	1	19	123550468	123550450	NA	NA
2918867_1	chr21	-	19	0	0	1	19	9827053	9827071	NA	NA
2918868_1	chr9	-	19	0	0	1	19	135545992	135546010	NA	NA
2918869_1	chr2	-	19	0	0	1	19	191847192	191847174	NA	NA
2918870_1	chr18	-	19	0	0	1	19	657924	657942	NA	NA
2918871_1	chr16	-	19	0	0	1	19	77594543	77594561	NA	NA
2918872_1	chr13	-	19	0	0	1	19	68555922	68555940	NA	NA
2918873_1	chr20	-	19	0	0	1	19	60962401	60962419	NA	NA
2918874_1	chr7	-	19	0	0	1	19	131781835	131781817	NA	NA
2918875_20	chr16	-	19	0	0	1	19	33965560	33965578	NA	NA
2918876_1	chr11	-	19	0	0	1	19	110167220	110167202	NA	NA
2918877_1	chr2	-	19	0	0	1	19	230045582	230045564	NA	NA
2918878_1	chr3	-	19	0	0	1	19	185414500	185414518	NA	NA
2918879_1	chr4	-	19	0	0	1	19	108614957	108614939	NA	NA
2918880_1	chr10	-	19	0	0	1	19	62463702	62463684	NA	NA
2918881_1	chr21	-	19	0	0	1	19	9827057	9827075	NA	NA
2918882_1	chr3	-	19	0	0	1	19	38578705	38578687	NA	NA
2918883_1	chr6	-	19	0	0	1	19	26104481	26104499	NA	NA
2918884_2	chr12	-	19	0	0	1	19	127650518	127650500	NA	NA
2918885_1	chr10	-	19	0	0	1	19	102114202	102114220	NA	NA
2918886_1	chrY	-	19	0	0	1	19	15841471	15841453	NA	NA
2918887_1	chr11	-	19	0	0	1	19	102208493	102208511	NA	NA
2918888_1	chr2	-	19	0	0	1	19	133038176	133038158	NA	NA
2918889_4	chr17	-	19	0	0	1	19	2296346	2296364	NA	NA
2918890_1	chr19	-	19	0	0	1	19	42364849	42364867	NA	NA
2918891_1	chr15	-	19	0	0	1	19	66586430	66586448	NA	NA
2918892_2	chr16	-	19	0	0	1	19	47538728	47538746	NA	NA
2918893_1	chr6	-	19	0	0	1	19	88881140	88881158	NA	NA
2918894_1	chr22	-	19	0	0	1	19	22277700	22277682	NA	NA
2918895_1	chr8	-	19	0	0	1	19	17104772	17104790	NA	NA
2918896_1	chr17	-	19	0	0	1	19	7404115	7404133	NA	NA
2918897_1	chr19	-	19	0	0	1	19	50194564	50194582	NA	NA
2918898_1	chr9	-	19	0	0	1	19	120756133	120756115	NA	NA
2918899_1	chr19	-	19	0	0	1	19	10791087	10791105	NA	NA
2918900_1	chr19	-	19	0	0	1	19	52723088	52723106	NA	NA
2918901_1	chrX	-	19	0	0	1	19	24766470	24766488	NA	NA
2918902_1	chr19	-	19	0	0	1	19	36066646	36066664	NA	NA
2918903_1	chr17	-	19	0	0	1	19	40057980	40057962	NA	NA
2918904_4	chr12	-	19	0	0	1	19	64208896	64208878	NA	NA
# blasting completed