531843_1	chr6	-	20	0	0	1	20	136596716	136596697	NA	NA
531844_1	chr13	-	20	0	0	1	20	110823004	110822985	NA	NA
531845_1	chr8	-	20	0	0	1	20	41906821	41906802	NA	NA
531846_1	chr5	-	20	0	0	1	20	179260688	179260707	NA	NA
531847_1	chr14	-	20	0	0	1	20	74179713	74179694	NA	NA
531848_1	chr14	-	20	0	0	1	20	88671013	88671032	NA	NA
531849_1	chr6	-	20	0	0	1	20	26216837	26216818	NA	NA
531850_1	chr5	-	20	0	0	1	20	177631981	177632000	NA	NA
531851_1	chr2	-	20	0	0	1	20	86075049	86075030	NA	NA
531852_1	chr8	-	20	0	0	1	20	35620616	35620635	NA	NA
531853_2	chr5	-	20	0	0	1	20	488387	488406	NA	NA
531854_1	chr1	-	20	0	0	1	20	110882532	110882551	NA	NA
531855_1	chr19	-	20	0	0	1	20	12831773	12831754	NA	NA
531856_1	chr17	-	20	0	0	1	20	62496047	62496028	NA	NA
531857_1	chr12	-	20	0	0	1	20	88560229	88560248	NA	NA
531858_1	chr13	-	20	0	0	1	20	99114149	99114130	NA	NA
531859_1	chr4	-	20	0	0	1	20	38665830	38665849	NA	NA
531860_1	chr22	-	20	0	0	1	20	30749039	30749020	NA	NA
531861_1	chr1	-	20	0	0	1	20	241857622	241857641	NA	NA
531862_1	chr9	-	20	0	0	1	20	99250997	99250978	NA	NA
531863_1	chr7	-	20	0	0	1	20	97487616	97487597	NA	NA
531864_1	chr1	-	20	0	0	1	20	65325821	65325802	NA	NA
531865_1	chr12	-	20	0	0	1	20	57493674	57493655	NA	NA
531866_1	chr7	-	20	0	0	1	20	94293968	94293987	NA	NA
531867_1	chr5	-	20	0	0	1	20	34915871	34915890	NA	NA
531868_2	chr2	-	20	0	0	1	20	133038794	133038775	NA	NA
531869_1	chr1	-	20	0	0	1	20	93965041	93965060	NA	NA
531870_1	chr6	-	20	0	0	1	20	129959629	129959610	NA	NA
531871_1	chrX	-	20	0	0	1	20	64949437	64949456	NA	NA
531872_1	chr1	-	20	0	0	1	20	53941514	53941533	NA	NA
531873_1	chr20	-	20	0	0	1	20	49626303	49626284	NA	NA
531874_1	chr16	-	20	0	0	1	20	74640624	74640605	NA	NA
531875_1	chr19	-	20	0	0	1	20	2046207	2046188	NA	NA
531876_1	chr19	-	20	0	0	1	20	33870141	33870160	NA	NA
531877_1	chr12	-	20	0	0	1	20	127650657	127650638	NA	NA
531878_1	chr7	-	20	0	0	1	20	100276369	100276388	NA	NA
531879_1	chr2	-	20	0	0	1	20	231326101	231326120	NA	NA
531880_1	chr5	-	20	0	0	1	20	131607881	131607900	NA	NA
531881_1	chr3	-	20	0	0	1	20	49210090	49210109	NA	NA
531882_3	chrX	-	20	0	0	1	20	108297808	108297827	NA	NA
531883_1	chr16	-	20	0	0	1	20	30380608	30380589	NA	NA
531884_2	chr11	-	20	0	0	1	20	62445027	62445008	NA	NA
531885_1	chr3	-	20	0	0	1	20	9932358	9932377	NA	NA
531886_1	chr2	-	20	0	0	1	20	45879410	45879429	NA	NA
531887_1	chr16	-	20	0	0	1	20	3026790	3026771	NA	NA
531888_1	chr7	-	20	0	0	1	20	100027457	100027476	NA	NA
531889_1	chr1	-	20	0	0	1	20	233890632	233890613	NA	NA
531890_1	chr14	-	20	0	0	1	20	45665590	45665609	NA	NA
531891_1	chr12	-	20	0	0	1	20	125398181	125398162	NA	NA
531892_1	chr2	-	20	0	0	1	20	73676091	73676110	NA	NA
531893_1	chr6	-	20	0	0	1	20	160184020	160184039	NA	NA
531894_1	chr7	-	20	0	0	1	20	33376078	33376097	NA	NA
531895_1	chr2	-	20	0	0	1	20	230045506	230045487	NA	NA
531896_1	chr14	-	20	0	0	1	20	95662859	95662840	NA	NA
531897_7	chr12	-	20	0	0	1	20	127650517	127650498	NA	NA
531898_1	chr8	-	20	0	0	1	20	26220215	26220234	NA	NA
531899_1	chr6	-	20	0	0	1	20	33679465	33679446	NA	NA
531900_1	chr10	-	20	0	0	1	20	111651579	111651560	NA	NA
531901_2	chr12	-	20	0	0	1	20	127650656	127650637	NA	NA
531902_1	chr8	-	20	0	0	1	20	22473285	22473304	NA	NA
531903_1	chr19	-	20	0	0	1	20	33183053	33183072	NA	NA
531904_178	chr21	-	20	0	0	1	20	9827210	9827229	NA	NA
531905_1	chr6	-	20	0	0	1	20	62896975	62896994	NA	NA
531906_1	chrX	-	20	0	0	1	20	153220664	153220645	NA	NA
531907_1	chr18	-	20	0	0	1	20	3607561	3607580	NA	NA
531908_1	chr11	-	20	0	0	1	20	6631220	6631239	NA	NA
531909_2	chr21	-	20	0	0	1	20	9827013	9827032	NA	NA
531910_2	chrX	-	20	0	0	1	20	108297811	108297830	NA	NA
531911_1	chr2	-	20	0	0	1	20	113342079	113342098	NA	NA
531912_2	chr16	-	20	0	0	1	20	33963344	33963363	NA	NA
531913_1	chr14	-	20	0	0	1	20	23946466	23946485	NA	NA
531914_1	chr7	-	20	0	0	1	20	106797456	106797475	NA	NA
531915_1	chr17	-	20	0	0	1	20	49337948	49337967	NA	NA
531916_1	chr6	-	20	0	0	1	20	170844483	170844464	NA	NA
531917_1	chr20	-	20	0	0	1	20	2819071	2819052	NA	NA
531918_1	chr8	-	20	0	0	1	20	144903852	144903833	NA	NA
531919_2	chr2	-	20	0	0	1	20	71565815	71565796	NA	NA
531920_1	chr4	-	20	0	0	1	20	75182101	75182120	NA	NA
531921_1	chr13	-	20	0	0	1	20	28519421	28519440	NA	NA
531922_1	chr15	-	20	0	0	1	20	65425450	65425431	NA	NA
531923_1	chr7	-	20	0	0	1	20	128494540	128494559	NA	NA
531924_1	chr20	-	20	0	0	1	20	8701702	8701683	NA	NA
531925_1	chr1	-	20	0	0	1	20	94313133	94313152	NA	NA
531926_1	chr14	-	20	0	0	1	20	49764428	49764447	NA	NA
531927_1	chr2	-	20	0	0	1	20	232320273	232320254	NA	NA
531928_1	chr2	-	20	0	0	1	20	189872303	189872322	NA	NA
531929_1	chr6	-	20	0	0	1	20	52930454	52930473	NA	NA
531930_1	chr17	-	20	0	0	1	20	1585549	1585530	NA	NA
531931_1	chr21	-	20	0	0	1	20	9827205	9827224	NA	NA
531932_1	chr11	-	20	0	0	1	20	24181086	24181067	NA	NA
531933_1	chr5	-	20	0	0	1	20	149682000	149682019	NA	NA
531934_1	chr6	-	20	0	0	1	20	36566656	36566675	NA	NA
531935_1	chr6	-	20	0	0	1	20	26250826	26250807	NA	NA
531936_1	chr17	-	20	0	0	1	20	19355699	19355718	NA	NA
531937_1	chrX	-	20	0	0	1	20	70316736	70316755	NA	NA
531938_1	chrY	-	20	0	0	1	20	10037768	10037787	NA	NA
531939_1	chr8	-	20	0	0	1	20	3065681	3065700	NA	NA
531940_2	chr6	-	20	0	0	1	20	26045642	26045661	NA	NA
531941_1	chr15	-	20	0	0	1	20	40498486	40498505	NA	NA
531942_1	chr21	-	20	0	0	1	20	9827290	9827309	NA	NA
531943_1	chr1	-	20	0	0	1	20	19503137	19503118	NA	NA
531944_1	chrX	-	20	0	0	1	20	153053033	153053014	NA	NA
531945_1	chr2	-	20	0	0	1	20	230045518	230045499	NA	NA
531946_1	chr17	-	20	0	0	1	20	4850090	4850071	NA	NA
531947_1	chr11	-	20	0	0	1	20	47652146	47652127	NA	NA
531948_1	chr1	-	20	0	0	1	20	33833001	33832982	NA	NA
531949_1	chr17	-	20	0	0	1	20	74733245	74733226	NA	NA
531950_1	chr19	-	20	0	0	1	20	994269	994288	NA	NA
531951_2	chr12	-	20	0	0	1	20	127650519	127650500	NA	NA
531952_1	chrE	-	20	0	0	1	20	6520	6539	NA	NA
531953_1	chr2	-	20	0	0	1	20	127834249	127834230	NA	NA
531954_1	chr19	-	20	0	0	1	20	2328444	2328425	NA	NA
531955_1	chr7	-	20	0	0	1	20	99689318	99689337	NA	NA
531956_1	chr7	-	20	0	0	1	20	100205693	100205712	NA	NA
531957_1	chr19	-	20	0	0	1	20	50270382	50270401	NA	NA
531958_1	chr10	-	20	0	0	1	20	17271554	17271573	NA	NA
531959_1	chr2	-	20	0	0	1	20	96962360	96962341	NA	NA
531960_1	chr7	-	20	0	0	1	20	92733476	92733457	NA	NA
531961_1	chr2	-	20	0	0	1	20	133039191	133039172	NA	NA
531962_1	chr7	-	20	0	0	1	20	94293562	94293581	NA	NA
531963_1	chr13	-	20	0	0	1	20	46070387	46070406	NA	NA
531964_1	chr19	-	20	0	0	1	20	45219172	45219191	NA	NA
531965_1	chr1	-	20	0	0	1	20	151372096	151372115	NA	NA
531966_1	chr19	-	20	0	0	1	20	11100080	11100099	NA	NA
531967_1	chr1	-	20	0	0	1	20	36642336	36642355	NA	NA
531968_1	chr16	-	20	0	0	1	20	30419375	30419394	NA	NA
531969_1	chr11	-	20	0	0	1	20	62288186	62288167	NA	NA
531970_1	chr12	-	20	0	0	1	20	74853180	74853161	NA	NA
531971_1	chr2	-	20	0	0	1	20	26101319	26101300	NA	NA
531972_1	chr8	-	20	0	0	1	20	89762865	89762884	NA	NA
531973_1	chr14	-	20	0	0	1	20	20792693	20792674	NA	NA
531974_1	chr14	-	20	0	0	1	20	50307529	50307510	NA	NA
531975_1	chr8	-	20	0	0	1	20	48695153	48695134	NA	NA
531976_8	chr16	-	20	0	0	1	20	47538728	47538747	NA	NA
531977_1	chrY	-	20	0	0	1	20	10036575	10036594	NA	NA
531978_1	chr19	-	20	0	0	1	20	48956205	48956224	NA	NA
531979_1	chr7	-	20	0	0	1	20	118363224	118363205	NA	NA
531980_1	chr6	-	20	0	0	1	20	25727352	25727371	NA	NA
531981_1	chr10	-	20	0	0	1	20	112361411	112361430	NA	NA
531982_1	chr5	-	20	0	0	1	20	153765940	153765959	NA	NA
531983_1	chrY	-	20	0	0	1	20	10037853	10037872	NA	NA
531984_1	chr17	-	20	0	0	1	20	33478266	33478247	NA	NA
531985_1	chr17	-	20	0	0	1	20	33478293	33478274	NA	NA
531986_1	chr17	-	20	0	0	1	20	2597811	2597792	NA	NA
531987_2	chr7	-	20	0	0	1	20	78431829	78431810	NA	NA
531988_1	chr6	-	20	0	0	1	20	37787645	37787664	NA	NA
531989_2	chr11	-	20	0	0	1	20	59165345	59165326	NA	NA
531990_1	chr2	-	20	0	0	1	20	224766033	224766014	NA	NA
531991_1	chr10	-	20	0	0	1	20	121612608	121612589	NA	NA
531992_1	chr8	-	20	0	0	1	20	94934671	94934690	NA	NA
531993_1	chr8	-	20	0	0	1	20	30450352	30450333	NA	NA
531994_1	chr22	-	20	0	0	1	20	43011326	43011345	NA	NA
531995_2	chr21	-	20	0	0	1	20	9827165	9827184	NA	NA
531996_1	chr7	-	20	0	0	1	20	99693658	99693639	NA	NA
531997_1	chr16	-	20	0	0	1	20	88643558	88643577	NA	NA
531998_1	chr9	-	20	0	0	1	20	124091562	124091581	NA	NA
531999_1	chr1	-	20	0	0	1	20	193050524	193050543	NA	NA
532000_1	chr9	-	20	0	0	1	20	34521827	34521808	NA	NA
532001_1	chr17	-	20	0	0	1	20	79633869	79633888	NA	NA
532002_1	chr3	-	20	0	0	1	20	134225980	134225999	NA	NA
532003_1	chr2	-	20	0	0	1	20	189839264	189839283	NA	NA
532004_1	chr21	-	20	0	0	1	20	9827464	9827483	NA	NA
532005_1	chr6	-	20	0	0	1	20	142732457	142732476	NA	NA
532006_1	chr12	-	20	0	0	1	20	3104013	3104032	NA	NA
532007_1	chr8	-	20	0	0	1	20	146017455	146017436	NA	NA
532008_1	chr6	-	20	0	0	1	20	39359511	39359492	NA	NA
532009_1	chr6	-	20	0	0	1	20	36562206	36562225	NA	NA
532010_1	chr1	-	20	0	0	1	20	100715384	100715365	NA	NA
532011_1	chr8	-	20	0	0	1	20	55435567	55435548	NA	NA
532012_1	chr11	-	20	0	0	1	20	33123741	33123722	NA	NA
532013_1	chr14	-	20	0	0	1	20	74179933	74179914	NA	NA
532014_14	chr1	-	20	0	0	1	20	10490519	10490538	NA	NA
532015_1	chr3	-	20	0	0	1	20	37845358	37845377	NA	NA
532016_1	chr1	-	20	0	0	1	20	34515785	34515766	NA	NA
532017_9	chr2	-	20	0	0	1	20	230045583	230045564	NA	NA
532018_6	chr11	-	20	0	0	1	20	78369102	78369121	NA	NA
532019_1	chr17	-	20	0	0	1	20	49059942	49059923	NA	NA
532020_1	chr19	-	20	0	0	1	20	12907901	12907882	NA	NA
532021_1	chr9	-	20	0	0	1	20	75775232	75775251	NA	NA
532022_3	chr12	-	20	0	0	1	20	127650659	127650640	NA	NA
532023_1	chr1	-	20	0	0	1	20	19505717	19505698	NA	NA
532024_1	chr2	-	20	0	0	1	20	44032302	44032321	NA	NA
532025_1	chr18	-	20	0	0	1	20	35987783	35987764	NA	NA
532026_1	chr19	-	20	0	0	1	20	3981372	3981353	NA	NA
532027_1	chr2	-	20	0	0	1	20	55277118	55277099	NA	NA
532028_1	chr6	-	20	0	0	1	20	27841247	27841228	NA	NA
532029_1	chr9	-	20	0	0	1	20	20332100	20332119	NA	NA
532030_1	chr20	-	20	0	0	1	20	48329696	48329677	NA	NA
532031_1	chrX	-	20	0	0	1	20	102923389	102923408	NA	NA
532032_1	chr8	-	20	0	0	1	20	109215231	109215212	NA	NA
532033_1	chr14	-	20	0	0	1	20	48629803	48629822	NA	NA
532034_1	chr11	-	20	0	0	1	20	134010574	134010593	NA	NA
532035_2	chr2	-	20	0	0	1	20	71565814	71565795	NA	NA
532036_1	chr19	-	20	0	0	1	20	42364892	42364911	NA	NA
532037_1	chr6	-	20	0	0	1	20	26217316	26217335	NA	NA
532038_1	chr1	-	20	0	0	1	20	45213112	45213131	NA	NA
532039_1	chr9	-	20	0	0	1	20	130331226	130331207	NA	NA
532040_1	chr17	-	20	0	0	1	20	48278890	48278871	NA	NA
532041_1	chr22	-	20	0	0	1	20	38201436	38201455	NA	NA
532042_1	chr13	-	20	0	0	1	20	113917824	113917843	NA	NA
532043_1	chr1	-	20	0	0	1	20	45980291	45980272	NA	NA
532044_1	chr16	-	20	0	0	1	20	11778095	11778076	NA	NA
532045_1	chr2	-	20	0	0	1	20	99398985	99399004	NA	NA
532046_1	chr8	-	20	0	0	1	20	56755216	56755197	NA	NA
532047_1	chr6	-	20	0	0	1	20	108535817	108535798	NA	NA
532048_1	chr11	-	20	0	0	1	20	119169130	119169149	NA	NA
532049_1	chr1	-	20	0	0	1	20	32800211	32800192	NA	NA
532050_1	chr9	-	20	0	0	1	20	140137706	140137725	NA	NA
532051_1	chr6	-	20	0	0	1	20	44081622	44081603	NA	NA
532052_1	chr11	-	20	0	0	1	20	763368	763387	NA	NA
532053_1	chr13	-	20	0	0	1	20	29012930	29012949	NA	NA
532054_1	chr8	-	20	0	0	1	20	109252206	109252187	NA	NA
532055_1	chr19	-	20	0	0	1	20	39338025	39338006	NA	NA
532056_1	chr17	-	20	0	0	1	20	77224634	77224615	NA	NA
532057_1	chr2	-	20	0	0	1	20	232653301	232653320	NA	NA
532058_1	chr4	-	20	0	0	1	20	83277744	83277725	NA	NA
532059_1	chr3	-	20	0	0	1	20	168396696	168396715	NA	NA
532060_1	chr1	-	20	0	0	1	20	206877591	206877610	NA	NA
532061_1	chr22	-	20	0	0	1	20	39917362	39917381	NA	NA
532062_1	chr8	-	20	0	0	1	20	97274341	97274360	NA	NA
532063_1	chr17	-	20	0	0	1	20	8109893	8109874	NA	NA
532064_1	chr12	-	20	0	0	1	20	69229407	69229426	NA	NA
532065_1	chr19	-	20	0	0	1	20	42410796	42410777	NA	NA
532066_1	chr1	-	20	0	0	1	20	84003428	84003409	NA	NA
532067_1	chr4	-	20	0	0	1	20	186195719	186195738	NA	NA
532068_1	chr15	-	20	0	0	1	20	80190860	80190879	NA	NA
532069_1	chr5	-	20	0	0	1	20	82786255	82786274	NA	NA
532070_1	chr2	-	20	0	0	1	20	232326600	232326581	NA	NA
532071_1	chrY	-	20	0	0	1	20	10037852	10037871	NA	NA
532072_1	chr2	-	20	0	0	1	20	133012865	133012846	NA	NA
532073_1	chr2	-	20	0	0	1	20	183800040	183800021	NA	NA
532074_1	chr11	-	20	0	0	1	20	62609218	62609199	NA	NA
532075_1	chr7	-	20	0	0	1	20	134855427	134855408	NA	NA
532076_1	chr11	-	20	0	0	1	20	11977627	11977646	NA	NA
532077_1	chr10	-	20	0	0	1	20	74100825	74100806	NA	NA
532078_1	chr2	-	20	0	0	1	20	217057365	217057384	NA	NA
532079_1	chr4	-	20	0	0	1	20	57181906	57181925	NA	NA
532080_1	chr2	-	20	0	0	1	20	217363995	217364014	NA	NA
532081_1	chr15	-	20	0	0	1	20	35083385	35083366	NA	NA
532082_1	chr12	-	20	0	0	1	20	110471706	110471725	NA	NA
532083_3	chr19	-	20	0	0	1	20	24185250	24185231	NA	NA
532084_1	chr1	-	20	0	0	1	20	12071605	12071624	NA	NA
532085_1	chr15	-	20	0	0	1	20	44131884	44131903	NA	NA
532086_1	chr6	-	20	0	0	1	20	144750816	144750835	NA	NA
532087_1	chr20	-	20	0	0	1	20	2821432	2821451	NA	NA
532088_1	chr3	-	20	0	0	1	20	49395701	49395682	NA	NA
532089_1	chr19	-	20	0	0	1	20	4861408	4861389	NA	NA
532090_1	chr12	-	20	0	0	1	20	58025005	58024986	NA	NA
532091_3	chrX	-	20	0	0	1	20	108297809	108297828	NA	NA
532092_1	chr2	-	20	0	0	1	20	96965154	96965135	NA	NA
532093_1	chr9	-	20	0	0	1	20	36258335	36258354	NA	NA
532094_1	chr1	-	20	0	0	1	20	156107504	156107523	NA	NA
532095_1	chr3	-	20	0	0	1	20	53911769	53911750	NA	NA
532096_1	chr19	-	20	0	0	1	20	18420612	18420593	NA	NA
532097_1	chr5	-	20	0	0	1	20	82808175	82808194	NA	NA
532098_1	chr4	-	20	0	0	1	20	70296636	70296617	NA	NA
532099_1	chr3	-	20	0	0	1	20	127327832	127327851	NA	NA
532100_1	chr7	-	20	0	0	1	20	94293177	94293196	NA	NA
532101_1	chr6	-	20	0	0	1	20	43128460	43128479	NA	NA
532102_1	chr5	-	20	0	0	1	20	71146747	71146766	NA	NA
532103_2	chr6	-	20	0	0	1	20	26199427	26199408	NA	NA
532104_1	chr6	-	20	0	0	1	20	26158359	26158378	NA	NA
532105_1	chr9	-	20	0	0	1	20	75703606	75703625	NA	NA
532106_1	chr9	-	20	0	0	1	20	91793476	91793457	NA	NA
532107_1	chr3	-	20	0	0	1	20	39448268	39448249	NA	NA
532108_1	chr3	-	20	0	0	1	20	127541954	127541935	NA	NA
532109_1	chr3	-	20	0	0	1	20	27462258	27462239	NA	NA
532110_1	chr1	-	20	0	0	1	20	32800387	32800368	NA	NA
532111_11	chr16	-	20	0	0	1	20	33963347	33963366	NA	NA
532112_1	chr2	-	20	0	0	1	20	86481845	86481826	NA	NA
532113_1	chr7	-	20	0	0	1	20	148716107	148716088	NA	NA
532114_6	chr9	-	20	0	0	1	20	79186850	79186869	NA	NA
532115_1	chr18	-	20	0	0	1	20	59072425	59072406	NA	NA
532116_1	chr19	-	20	0	0	1	20	5667062	5667081	NA	NA
532117_1	chr12	-	20	0	0	1	20	127650654	127650635	NA	NA
532118_1	chr16	-	20	0	0	1	20	33963346	33963365	NA	NA
532119_1	chr11	-	20	0	0	1	20	62609096	62609077	NA	NA
532120_1	chr9	-	20	0	0	1	20	79186851	79186870	NA	NA
532121_1	chr2	-	20	0	0	1	20	131674058	131674039	NA	NA
532122_1	chr11	-	20	0	0	1	20	69473142	69473161	NA	NA
532123_1	chr19	-	20	0	0	1	20	47349383	47349364	NA	NA
532124_1	chr1	-	20	0	0	1	20	145508987	145509006	NA	NA
532125_1	chr3	-	20	0	0	1	20	129034178	129034159	NA	NA
532126_1	chr17	-	20	0	0	1	20	48266895	48266876	NA	NA
532127_1	chr14	-	20	0	0	1	20	58730461	58730480	NA	NA
532128_1	chr19	-	20	0	0	1	20	2324160	2324141	NA	NA
532129_1	chr2	-	20	0	0	1	20	133036282	133036263	NA	NA
532130_1	chr7	-	20	0	0	1	20	44606072	44606053	NA	NA
532131_1	chr1	-	20	0	0	1	20	155165863	155165844	NA	NA
532132_1	chr17	-	20	0	0	1	20	41622372	41622353	NA	NA
532133_1	chr6	-	20	0	0	1	20	30168855	30168836	NA	NA
532134_2	chr5	-	20	0	0	1	20	71146890	71146909	NA	NA
532135_1	chrX	-	20	0	0	1	20	119580255	119580236	NA	NA
532136_1	chr5	-	20	0	0	1	20	108294987	108295006	NA	NA
532137_1	chr1	-	20	0	0	1	20	161070635	161070616	NA	NA
532138_1	chr12	-	20	0	0	1	20	21810729	21810710	NA	NA
532139_1	chrX	-	20	0	0	1	20	51639872	51639891	NA	NA
532140_2	chr15	-	20	0	0	1	20	67056743	67056762	NA	NA
532141_1	chr1	-	20	0	0	1	20	100533535	100533554	NA	NA
532142_1	chr7	-	20	0	0	1	20	150921039	150921020	NA	NA
532143_1	chr19	-	20	0	0	1	20	36213991	36214010	NA	NA
532144_13	chr17	-	20	0	0	1	20	33478294	33478275	NA	NA
532145_1	chr1	-	20	0	0	1	20	32504191	32504210	NA	NA
532146_1	chr15	-	20	0	0	1	20	37393222	37393203	NA	NA
532147_1	chr2	-	20	0	0	1	20	133012956	133012937	NA	NA
532148_1	chr20	-	20	0	0	1	20	57484221	57484240	NA	NA
532149_1	chr14	-	20	0	0	1	20	102550019	102550000	NA	NA
532150_1	chr19	-	20	0	0	1	20	19627074	19627093	NA	NA
532151_1	chr5	-	20	0	0	1	20	134039518	134039537	NA	NA
532152_1	chr7	-	20	0	0	1	20	26240303	26240284	NA	NA
532153_1	chr1	-	20	0	0	1	20	112233982	112234001	NA	NA
532154_1	chr17	-	20	0	0	1	20	80606258	80606239	NA	NA
532155_1	chr3	-	20	0	0	1	20	98518509	98518490	NA	NA
532156_1	chr7	-	20	0	0	1	20	5633363	5633382	NA	NA
532157_1	chr14	-	20	0	0	1	20	45356945	45356926	NA	NA
532158_2	chr15	-	20	0	0	1	20	59203717	59203736	NA	NA
532159_1	chr19	-	20	0	0	1	20	39109905	39109924	NA	NA
532160_1	chr22	-	20	0	0	1	20	24236976	24236995	NA	NA
532161_1	chr12	-	20	0	0	1	20	120907452	120907433	NA	NA
532162_1	chr14	-	20	0	0	1	20	96505777	96505796	NA	NA
532163_1	chr3	-	20	0	0	1	20	139840206	139840187	NA	NA
532164_1	chr3	-	20	0	0	1	20	120118761	120118742	NA	NA
532165_4	chr16	-	20	0	0	1	20	47538727	47538746	NA	NA
532166_1	chr19	-	20	0	0	1	20	35648343	35648362	NA	NA
532167_1	chr3	-	20	0	0	1	20	171851309	171851328	NA	NA
532168_1	chr2	-	20	0	0	1	20	177134328	177134347	NA	NA
532169_1	chr9	-	20	0	0	1	20	29961019	29961000	NA	NA
532170_6	chr12	-	20	0	0	1	20	33049885	33049904	NA	NA
532171_1	chr2	-	20	0	0	1	20	198257114	198257095	NA	NA
532172_1	chrX	-	20	0	0	1	20	108297767	108297786	NA	NA
532173_1	chr20	-	20	0	0	1	20	1433247	1433228	NA	NA
532174_1	chr6	-	20	0	0	1	20	26225398	26225417	NA	NA
532175_1	chr10	-	20	0	0	1	20	1090016	1089997	NA	NA
532176_3	chr21	-	20	0	0	1	20	9827298	9827317	NA	NA
532177_1	chr3	-	20	0	0	1	20	53326639	53326620	NA	NA
532178_1	chr16	-	20	0	0	1	20	28596999	28596980	NA	NA
532179_3	chr2	-	20	0	0	1	20	71565818	71565799	NA	NA
532180_2	chr9	-	20	0	0	1	20	79186676	79186695	NA	NA
532181_1	chr6	-	20	0	0	1	20	27100476	27100457	NA	NA
532182_1	chr10	-	20	0	0	1	20	104196419	104196400	NA	NA
532183_1	chr11	-	20	0	0	1	20	122940080	122940061	NA	NA
532184_2	chr9	-	20	0	0	1	20	139324205	139324186	NA	NA
532185_1	chr11	-	20	0	0	1	20	15136522	15136541	NA	NA
532186_1	chr3	-	20	0	0	1	20	49137463	49137444	NA	NA
532187_1	chr4	-	20	0	0	1	20	77036597	77036578	NA	NA
532188_1	chr20	-	20	0	0	1	20	57480491	57480510	NA	NA
532189_1	chr2	-	20	0	0	1	20	63824528	63824547	NA	NA
532190_1	chr17	-	20	0	0	1	20	81039661	81039642	NA	NA
532191_1	chr5	-	20	0	0	1	20	7202921	7202902	NA	NA
532192_1	chrE	-	20	0	0	1	20	6978	6997	NA	NA
532193_1	chr2	-	20	0	0	1	20	197763077	197763058	NA	NA
532194_1	chr1	-	20	0	0	1	20	51439691	51439710	NA	NA
532195_1	chr6	-	20	0	0	1	20	26104269	26104288	NA	NA
532196_1	chr1	-	20	0	0	1	20	54354622	54354603	NA	NA
532197_1	chr7	-	20	0	0	1	20	138832982	138833001	NA	NA
532198_1	chr2	-	20	0	0	1	20	233613753	233613772	NA	NA
532199_1	chr7	-	20	0	0	1	20	93555439	93555458	NA	NA
532200_1	chr20	-	20	0	0	1	20	34288786	34288805	NA	NA
532201_16	chr15	-	20	0	0	1	20	70877680	70877661	NA	NA
532202_1	chr2	-	20	0	0	1	20	86371913	86371894	NA	NA
532203_1	chr19	-	20	0	0	1	20	49994049	49994068	NA	NA
532204_1	chr9	-	20	0	0	1	20	99413751	99413732	NA	NA
532205_1	chr6	-	20	0	0	1	20	27782520	27782501	NA	NA
532206_1	chr9	-	20	0	0	1	20	106896737	106896756	NA	NA
532207_1	chr22	-	20	0	0	1	20	38270509	38270528	NA	NA
532208_1	chr14	-	20	0	0	1	20	39736631	39736650	NA	NA
532209_1	chr5	-	20	0	0	1	20	82868282	82868301	NA	NA
532210_1	chr7	-	20	0	0	1	20	45960429	45960410	NA	NA
532211_1	chr20	-	20	0	0	1	20	3739278	3739259	NA	NA
532212_1	chr2	-	20	0	0	1	20	28975015	28975034	NA	NA
532213_1	chr22	-	20	0	0	1	20	43004681	43004662	NA	NA
532214_1	chr6	-	20	0	0	1	20	26031957	26031938	NA	NA
532215_1	chr12	-	20	0	0	1	20	50043301	50043282	NA	NA
532216_3	chr21	-	20	0	0	1	20	9827209	9827228	NA	NA
532217_1	chr20	-	20	0	0	1	20	30445753	30445734	NA	NA
532218_1	chr1	-	20	0	0	1	20	91852839	91852820	NA	NA
532219_1	chr6	-	20	0	0	1	20	43112284	43112303	NA	NA
532220_1	chr17	-	20	0	0	1	20	40761784	40761803	NA	NA
532221_1	chr5	-	20	0	0	1	20	71146912	71146931	NA	NA
532222_1	chr19	-	20	0	0	1	20	2427518	2427499	NA	NA
532223_1	chr15	-	20	0	0	1	20	65588400	65588419	NA	NA
532224_1	chr2	-	20	0	0	1	20	71577112	71577131	NA	NA
532225_1	chr6	-	20	0	0	1	20	27860878	27860859	NA	NA
532226_1	chr20	-	20	0	0	1	20	54958080	54958061	NA	NA
532227_2	chr17	-	20	0	0	1	20	8649433	8649414	NA	NA
532228_1	chr1	-	20	0	0	1	20	245019806	245019787	NA	NA
532229_1	chr10	-	20	0	0	1	20	63760043	63760062	NA	NA
532230_1	chr19	-	20	0	0	1	20	24184972	24184953	NA	NA
532231_1	chr6	-	20	0	0	1	20	33287188	33287169	NA	NA
532232_1	chr19	-	20	0	0	1	20	18246633	18246652	NA	NA
532233_1	chr22	-	20	0	0	1	20	42377783	42377802	NA	NA
532234_4	chrM	-	20	0	0	1	20	752	771	NA	NA
532235_1	chr9	-	20	0	0	1	20	111754705	111754686	NA	NA
532236_2	chr1	-	20	0	0	1	20	150122367	150122348	NA	NA
532237_1	chr16	-	20	0	0	1	20	33965560	33965579	NA	NA
532238_1	chr1	-	20	0	0	1	20	40945034	40945053	NA	NA
532239_1	chr6	-	20	0	0	1	20	26184185	26184204	NA	NA
532240_1	chr14	-	20	0	0	1	20	69387826	69387807	NA	NA
532241_1	chr19	-	20	0	0	1	20	14677598	14677579	NA	NA
532242_1	chr2	-	20	0	0	1	20	133010743	133010724	NA	NA
532243_1	chr6	-	20	0	0	1	20	27777853	27777872	NA	NA
532244_1	chrX	-	20	0	0	1	20	16888200	16888181	NA	NA
532245_1	chr19	-	20	0	0	1	20	13051165	13051184	NA	NA
532246_1	chrX	-	20	0	0	1	20	11748330	11748349	NA	NA
532247_1	chr9	-	20	0	0	1	20	140150405	140150424	NA	NA
532248_1	chr19	-	20	0	0	1	20	39205105	39205124	NA	NA
532249_4	chr15	-	20	0	0	1	20	57178127	57178146	NA	NA
532250_1	chr3	-	20	0	0	1	20	183894799	183894818	NA	NA
532251_1	chr12	-	20	0	0	1	20	95010309	95010328	NA	NA
532252_1	chr12	-	20	0	0	1	20	53343116	53343135	NA	NA
532253_4	chr17	-	20	0	0	1	20	33478346	33478327	NA	NA
532254_1	chr19	-	20	0	0	1	20	3984272	3984253	NA	NA
532255_1	chr12	-	20	0	0	1	20	130970082	130970101	NA	NA
532256_1	chr5	-	20	0	0	1	20	137897324	137897305	NA	NA
532257_1	chr2	-	20	0	0	1	20	74684756	74684775	NA	NA
532258_1	chr19	-	20	0	0	1	20	5903675	5903656	NA	NA
532259_1	chr12	-	20	0	0	1	20	70208397	70208378	NA	NA
532260_1	chr5	-	20	0	0	1	20	115898250	115898269	NA	NA
532261_1	chrX	-	20	0	0	1	20	108297810	108297829	NA	NA
532262_1	chr5	-	20	0	0	1	20	177576759	177576740	NA	NA
532263_1	chr9	-	20	0	0	1	20	19379549	19379530	NA	NA
532264_1	chr17	-	20	0	0	1	20	2600189	2600170	NA	NA
532265_1	chr8	-	20	0	0	1	20	2823455	2823436	NA	NA
532266_1	chr1	-	20	0	0	1	20	28527844	28527825	NA	NA
532267_9	chr9	-	20	0	0	1	20	133962952	133962933	NA	NA
532268_1	chr5	-	20	0	0	1	20	137089012	137088993	NA	NA
532269_1	chr13	-	20	0	0	1	20	115091724	115091743	NA	NA
532270_1	chr19	-	20	0	0	1	20	1012052	1012033	NA	NA
532271_1	chr10	-	20	0	0	1	20	104001250	104001231	NA	NA
532272_1	chr7	-	20	0	0	1	20	90895748	90895767	NA	NA
532273_14	chr12	-	20	0	0	1	20	127650518	127650499	NA	NA
532274_1	chr1	-	20	0	0	1	20	246308270	246308251	NA	NA
# blasting completed