2965095_1	chr5	-	18	0	0	1	18	1801835	1801818	NA	NA
2965096_1	chr19	-	18	0	0	1	18	52469117	52469100	NA	NA
2965097_1	chr9	-	18	0	0	1	18	131873011	131873028	NA	NA
2965098_1	chr16	-	18	0	0	1	18	33963334	33963351	NA	NA
2965099_1	chr1	-	18	0	0	1	18	151512842	151512859	NA	NA
2965100_1	chr7	-	18	0	0	1	18	21553202	21553219	NA	NA
2965101_1	chr11	-	18	0	0	1	18	57102642	57102625	NA	NA
2965102_1	chr7	-	18	0	0	1	18	5632625	5632642	NA	NA
2965103_1	chr14	-	18	0	0	1	18	23072386	23072403	NA	NA
2965104_1	chr13	-	18	0	0	1	18	28519417	28519434	NA	NA
2965105_1	chr6	-	18	0	0	1	18	128211328	128211311	NA	NA
2965106_1	chr2	-	18	0	0	1	18	220094561	220094578	NA	NA
2965107_3	chr16	-	18	0	0	1	18	47538729	47538746	NA	NA
2965108_1	chrX	-	18	0	0	1	18	47062944	47062961	NA	NA
2965109_1	chr11	-	18	0	0	1	18	132484605	132484622	NA	NA
2965110_1	chr1	-	18	0	0	1	18	40041452	40041435	NA	NA
2965111_1	chr16	-	18	0	0	1	18	56865804	56865821	NA	NA
2965112_1	chr16	-	18	0	0	1	18	70286800	70286783	NA	NA
2965113_1	chr3	-	18	0	0	1	18	183855473	183855490	NA	NA
2965114_1	chr5	-	18	0	0	1	18	102611973	102611990	NA	NA
2965115_1	chr6	-	18	0	0	1	18	31701713	31701696	NA	NA
2965116_1	chr11	-	18	0	0	1	18	2153180	2153163	NA	NA
2965117_1	chr2	-	18	0	0	1	18	230045581	230045564	NA	NA
2965118_1	chr19	-	18	0	0	1	18	32844464	32844481	NA	NA
2965119_1	chr3	-	18	0	0	1	18	124281789	124281806	NA	NA
2965120_1	chr13	-	18	0	0	1	18	110959448	110959431	NA	NA
2965121_1	chr20	-	18	0	0	1	18	32879305	32879288	NA	NA
2965122_2	chr16	-	18	0	0	1	18	33963349	33963366	NA	NA
2965123_1	chr19	-	18	0	0	1	18	39926347	39926330	NA	NA
2965124_1	chr3	-	18	0	0	1	18	130613077	130613094	NA	NA
2965125_1	chr12	-	18	0	0	1	18	127707313	127707330	NA	NA
2965126_1	chr17	-	18	0	0	1	18	26794974	26794991	NA	NA
2965127_1	chr2	-	18	0	0	1	18	230786306	230786289	NA	NA
2965128_1	chr12	-	18	0	0	1	18	58121191	58121208	NA	NA
2965129_1	chr12	-	18	0	0	1	18	69229409	69229426	NA	NA
2965130_1	chr16	-	18	0	0	1	18	2284592	2284609	NA	NA
2965131_1	chr20	-	18	0	0	1	18	14553125	14553108	NA	NA
2965132_1	chrM	-	18	0	0	1	18	2522	2539	NA	NA
2965133_1	chr16	-	18	0	0	1	18	87280390	87280407	NA	NA
2965134_1	chr1	-	18	0	0	1	18	15373125	15373142	NA	NA
2965135_1	chr1	-	18	0	0	1	18	9910820	9910803	NA	NA
2965136_1	chr2	-	18	0	0	1	18	133012891	133012874	NA	NA
2965137_2	chr17	-	18	0	0	1	18	2296347	2296364	NA	NA
2965138_1	chr14	-	18	0	0	1	18	73572737	73572754	NA	NA
2965139_1	chr9	-	18	0	0	1	18	127174664	127174647	NA	NA
2965140_1	chr3	-	18	0	0	1	18	52263086	52263069	NA	NA
2965141_1	chr14	-	18	0	0	1	18	93673698	93673715	NA	NA
2965142_1	chr3	-	18	0	0	1	18	125176180	125176163	NA	NA
2965143_1	chr5	-	18	0	0	1	18	71146913	71146930	NA	NA
2965144_1	chr2	-	18	0	0	1	18	133012860	133012843	NA	NA
2965145_1	chr17	-	18	0	0	1	18	38297830	38297847	NA	NA
2965146_1	chr1	-	18	0	0	1	18	2813236	2813219	NA	NA
2965147_1	chr5	-	18	0	0	1	18	891801	891784	NA	NA
2965148_1	chr19	-	18	0	0	1	18	59056800	59056817	NA	NA
2965149_1	chr17	-	18	0	0	1	18	60705103	60705120	NA	NA
2965150_1	chr2	-	18	0	0	1	18	32856697	32856680	NA	NA
2965151_1	chr1	-	18	0	0	1	18	2813237	2813220	NA	NA
2965152_1	chr5	-	18	0	0	1	18	82808052	82808069	NA	NA
2965153_1	chr15	-	18	0	0	1	18	90645529	90645512	NA	NA
2965154_1	chr19	-	18	0	0	1	18	34514019	34514002	NA	NA
2965155_3	chr17	-	18	0	0	1	18	33478292	33478275	NA	NA
2965156_14	chr16	-	18	0	0	1	18	33965561	33965578	NA	NA
2965157_1	chr19	-	18	0	0	1	18	34890466	34890483	NA	NA
2965158_1	chr4	-	18	0	0	1	18	39915277	39915260	NA	NA
2965159_1	chr13	-	18	0	0	1	18	36720900	36720917	NA	NA
2965160_1	chr6	-	18	0	0	1	18	26217348	26217365	NA	NA
2965161_1	chr12	-	18	0	0	1	18	53295781	53295798	NA	NA
2965162_1	chr1	-	18	0	0	1	18	247532838	247532855	NA	NA
2965163_1	chrX	-	18	0	0	1	18	131803198	131803181	NA	NA
2965164_4	chr21	-	18	0	0	1	18	42540714	42540697	NA	NA
2965165_1	chr6	-	18	0	0	1	18	27858379	27858362	NA	NA
2965166_1	chr12	-	18	0	0	1	18	89745678	89745661	NA	NA
2965167_1	chr7	-	18	0	0	1	18	94293478	94293495	NA	NA
2965168_1	chr11	-	18	0	0	1	18	9400892	9400875	NA	NA
2965169_1	chr2	-	18	0	0	1	18	225122029	225122012	NA	NA
2965170_2	chr16	-	18	0	0	1	18	67926937	67926954	NA	NA
2965171_1	chr11	-	18	0	0	1	18	62398202	62398185	NA	NA
2965172_1	chr2	-	18	0	0	1	18	190340114	190340131	NA	NA
2965173_1	chr19	-	18	0	0	1	18	13192540	13192557	NA	NA
2965174_1	chr1	-	18	0	0	1	18	171966721	171966704	NA	NA
2965175_1	chr7	-	18	0	0	1	18	93609063	93609080	NA	NA
2965176_1	chr8	-	18	0	0	1	18	22479009	22478992	NA	NA
2965177_2	chr6	-	18	0	0	1	18	161438656	161438673	NA	NA
2965178_2	chr15	-	18	0	0	1	18	57178127	57178144	NA	NA
2965179_1	chr12	-	18	0	0	1	18	108867731	108867714	NA	NA
2965180_1	chr7	-	18	0	0	1	18	68818047	68818064	NA	NA
2965181_1	chr20	-	18	0	0	1	18	32660068	32660085	NA	NA
2965182_1	chr16	-	18	0	0	1	18	47538730	47538747	NA	NA
2965183_1	chr2	-	18	0	0	1	18	210867431	210867448	NA	NA
2965184_1	chr1	-	18	0	0	1	18	24104998	24105015	NA	NA
2965185_1	chr2	-	18	0	0	1	18	216986937	216986954	NA	NA
2965186_1	chr19	-	18	0	0	1	18	2427516	2427499	NA	NA
2965187_2	chr21	-	18	0	0	1	18	32283693	32283676	NA	NA
2965188_1	chr6	-	18	0	0	1	18	26575872	26575889	NA	NA
2965189_2	chrX	-	18	0	0	1	18	108297808	108297825	NA	NA
2965190_1	chr9	-	18	0	0	1	18	111853336	111853319	NA	NA
2965191_1	chr1	-	18	0	0	1	18	154193021	154193004	NA	NA
2965192_1	chr15	-	18	0	0	1	18	75660838	75660821	NA	NA
2965193_4	chrM	-	18	0	0	1	18	754	771	NA	NA
# blasting completed