532275_1	chr17	-	21	0	0	1	21	73843051	73843031	NA	NA
532276_1	chr2	-	21	0	0	1	21	25065222	25065202	NA	NA
532277_1	chr11	-	21	0	0	1	21	48047568	48047588	NA	NA
532278_1	chr17	-	21	0	0	1	21	57697429	57697449	NA	NA
532279_1	chr2	-	21	0	0	1	21	38525396	38525376	NA	NA
532280_1	chr3	-	21	0	0	1	21	129034454	129034434	NA	NA
532281_1	chr13	-	21	0	0	1	21	111164307	111164327	NA	NA
532282_2	chr11	-	21	0	0	1	21	102835529	102835549	NA	NA
532283_1	chr11	-	21	0	0	1	21	61205495	61205515	NA	NA
532284_1	chr2	-	21	0	0	1	21	48027920	48027940	NA	NA
532285_5	chr2	-	21	0	0	1	21	230045521	230045501	NA	NA
532286_1	chr9	-	21	0	0	1	21	131346568	131346588	NA	NA
532287_1	chrX	-	21	0	0	1	21	102508815	102508795	NA	NA
532288_1	chr7	-	21	0	0	1	21	74072370	74072390	NA	NA
532289_1	chr15	-	21	0	0	1	21	35274446	35274426	NA	NA
532290_1	chr2	-	21	0	0	1	21	189927762	189927742	NA	NA
532291_1	chr4	-	21	0	0	1	21	6411149	6411129	NA	NA
532292_1	chr11	-	21	0	0	1	21	46403959	46403979	NA	NA
532293_1	chr8	-	21	0	0	1	21	22473283	22473303	NA	NA
532294_1	chr17	-	21	0	0	1	21	49337947	49337967	NA	NA
532295_1	chr3	-	21	0	0	1	21	58708836	58708816	NA	NA
532296_1	chr15	-	21	0	0	1	21	65597094	65597114	NA	NA
532297_2	chr21	-	21	0	0	1	21	9827302	9827322	NA	NA
532298_1	chr16	-	21	0	0	1	21	33965453	33965473	NA	NA
532299_1	chr19	-	21	0	0	1	21	45629824	45629844	NA	NA
532300_1	chr4	-	21	0	0	1	21	42154233	42154213	NA	NA
532301_1	chr6	-	21	0	0	1	21	27777849	27777869	NA	NA
532302_1	chr12	-	21	0	0	1	21	48358059	48358079	NA	NA
532303_1	chr11	-	21	0	0	1	21	11660032	11660012	NA	NA
532304_1	chr9	-	21	0	0	1	21	133339253	133339233	NA	NA
532305_1	chr2	-	21	0	0	1	21	189921722	189921702	NA	NA
532306_1	chr14	-	21	0	0	1	21	90871052	90871072	NA	NA
532307_1	chr17	-	21	0	0	1	21	26960734	26960714	NA	NA
532308_1	chr1	-	21	0	0	1	21	54871935	54871915	NA	NA
532309_1	chr7	-	21	0	0	1	21	102940704	102940724	NA	NA
532310_1	chr9	-	21	0	0	1	21	119164208	119164188	NA	NA
532311_1	chrY	-	21	0	0	1	21	7124475	7124455	NA	NA
532312_1	chr2	-	21	0	0	1	21	224903944	224903924	NA	NA
532313_1	chr8	-	21	0	0	1	21	103862964	103862944	NA	NA
532314_1	chrM	-	21	0	0	1	21	8166	8186	NA	NA
532315_1	chr17	-	21	0	0	1	21	78078583	78078603	NA	NA
532316_1	chr15	-	21	0	0	1	21	40212432	40212412	NA	NA
532317_1	chr1	-	21	0	0	1	21	156193351	156193331	NA	NA
532318_1	chr19	-	21	0	0	1	21	1104462	1104482	NA	NA
532319_1	chr17	-	21	0	0	1	21	17158237	17158217	NA	NA
532320_1	chr7	-	21	0	0	1	21	83824302	83824282	NA	NA
532321_1	chr19	-	21	0	0	1	21	24183720	24183700	NA	NA
532322_1	chr6	-	21	0	0	1	21	26217207	26217227	NA	NA
532323_1	chr17	-	21	0	0	1	21	79007004	79006984	NA	NA
532324_1	chr7	-	21	0	0	1	21	42971760	42971740	NA	NA
532325_1	chr1	-	21	0	0	1	21	210502816	210502796	NA	NA
532326_1	chr6	-	21	0	0	1	21	25727170	25727190	NA	NA
532327_1	chr5	-	21	0	0	1	21	64079764	64079784	NA	NA
532328_1	chr10	-	21	0	0	1	21	131935137	131935157	NA	NA
532329_1	chr8	-	21	0	0	1	21	103335701	103335681	NA	NA
532330_1	chr4	-	21	0	0	1	21	24531330	24531310	NA	NA
532331_1	chr9	-	21	0	0	1	21	128003128	128003108	NA	NA
532332_1	chr1	-	21	0	0	1	21	153507802	153507782	NA	NA
532333_1	chr8	-	21	0	0	1	21	33354138	33354158	NA	NA
532334_1	chr1	-	21	0	0	1	21	85555438	85555418	NA	NA
532335_2	chr15	-	21	0	0	1	21	57178128	57178148	NA	NA
532336_1	chr20	-	21	0	0	1	21	45927515	45927495	NA	NA
532337_1	chr17	-	21	0	0	1	21	80763833	80763853	NA	NA
532338_1	chr6	-	21	0	0	1	21	42989476	42989496	NA	NA
532339_1	chr8	-	21	0	0	1	21	31498364	31498344	NA	NA
532340_1	chr1	-	21	0	0	1	21	16011002	16011022	NA	NA
532341_1	chr9	-	21	0	0	1	21	75775733	75775753	NA	NA
532342_1	chr4	-	21	0	0	1	21	185655189	185655169	NA	NA
532343_1	chr1	-	21	0	0	1	21	199552704	199552684	NA	NA
532344_1	chr9	-	21	0	0	1	21	34613826	34613806	NA	NA
532345_1	chr5	-	21	0	0	1	21	139905882	139905902	NA	NA
532346_1	chr17	-	21	0	0	1	21	41607285	41607265	NA	NA
532347_1	chr9	-	21	0	0	1	21	86571529	86571509	NA	NA
532348_1	chr8	-	21	0	0	1	21	48866417	48866397	NA	NA
532349_1	chr9	-	21	0	0	1	21	86586610	86586590	NA	NA
532350_1	chr19	-	21	0	0	1	21	40329767	40329747	NA	NA
532351_1	chr9	-	21	0	0	1	21	135150715	135150695	NA	NA
532352_1	chr8	-	21	0	0	1	21	48815273	48815253	NA	NA
532353_1	chr5	-	21	0	0	1	21	140885019	140885039	NA	NA
532354_1	chr6	-	21	0	0	1	21	38649806	38649786	NA	NA
532355_4	chr12	-	21	0	0	1	21	127650657	127650637	NA	NA
532356_1	chr22	-	21	0	0	1	21	20918884	20918904	NA	NA
532357_1	chr17	-	21	0	0	1	21	45177359	45177339	NA	NA
532358_1	chr3	-	21	0	0	1	21	126736309	126736329	NA	NA
532359_1	chr17	-	21	0	0	1	21	33478262	33478242	NA	NA
532360_1	chr5	-	21	0	0	1	21	10250524	10250544	NA	NA
532361_1	chr9	-	21	0	0	1	21	136293914	136293894	NA	NA
532362_1	chr1	-	21	0	0	1	21	36106992	36106972	NA	NA
532363_1	chr11	-	21	0	0	1	21	47498500	47498480	NA	NA
532364_2	chr12	-	21	0	0	1	21	122252445	122252465	NA	NA
532365_1	chr22	-	21	0	0	1	21	19808840	19808820	NA	NA
532366_2	chrM	-	21	0	0	1	21	1882	1902	NA	NA
532367_1	chr2	-	21	0	0	1	21	230045543	230045523	NA	NA
532368_1	chr20	-	21	0	0	1	21	36374892	36374912	NA	NA
532369_1	chr5	-	21	0	0	1	21	180670870	180670850	NA	NA
532370_1	chr14	-	21	0	0	1	21	102467383	102467403	NA	NA
532371_1	chr15	-	21	0	0	1	21	22940781	22940801	NA	NA
532372_1	chr8	-	21	0	0	1	21	141053046	141053026	NA	NA
532373_1	chr20	-	21	0	0	1	21	3321783	3321763	NA	NA
532374_1	chr1	-	21	0	0	1	21	154235615	154235635	NA	NA
532375_1	chr9	-	21	0	0	1	21	133282153	133282173	NA	NA
532376_1	chr22	-	21	0	0	1	21	38201435	38201455	NA	NA
532377_1	chr7	-	21	0	0	1	21	45142016	45141996	NA	NA
532378_1	chr2	-	21	0	0	1	21	85133179	85133199	NA	NA
532379_1	chr20	-	21	0	0	1	21	57480514	57480534	NA	NA
532380_1	chr22	-	21	0	0	1	21	22893274	22893254	NA	NA
532381_1	chr14	-	21	0	0	1	21	102548093	102548073	NA	NA
532382_1	chr5	-	21	0	0	1	21	150489362	150489342	NA	NA
532383_1	chr11	-	21	0	0	1	21	64893302	64893322	NA	NA
532384_1	chr17	-	21	0	0	1	21	46020739	46020759	NA	NA
532385_1	chr17	-	21	0	0	1	21	76164699	76164719	NA	NA
532386_1	chr19	-	21	0	0	1	21	7694693	7694713	NA	NA
532387_1	chr2	-	21	0	0	1	21	10262986	10263006	NA	NA
532388_1	chr18	-	21	0	0	1	21	45456772	45456752	NA	NA
532389_1	chr3	-	21	0	0	1	21	184428780	184428760	NA	NA
532390_1	chr12	-	21	0	0	1	21	104341124	104341144	NA	NA
532391_1	chr9	-	21	0	0	1	21	137701066	137701086	NA	NA
532392_1	chr22	-	21	0	0	1	21	50721246	50721226	NA	NA
532393_1	chr16	-	21	0	0	1	21	4410298	4410278	NA	NA
532394_1	chr7	-	21	0	0	1	21	133812132	133812152	NA	NA
532395_1	chr10	-	21	0	0	1	21	79742475	79742455	NA	NA
532396_2	chr4	-	21	0	0	1	21	111553637	111553657	NA	NA
532397_1	chr6	-	21	0	0	1	21	31920107	31920087	NA	NA
532398_1	chr6	-	21	0	0	1	21	160210539	160210519	NA	NA
532399_1	chr7	-	21	0	0	1	21	29980451	29980431	NA	NA
532400_2	chr12	-	21	0	0	1	21	127650517	127650497	NA	NA
532401_1	chr9	-	21	0	0	1	21	79186844	79186864	NA	NA
532402_1	chr8	-	21	0	0	1	21	145134904	145134924	NA	NA
532403_3	chr6	-	21	0	0	1	21	27271628	27271608	NA	NA
532404_1	chr2	-	21	0	0	1	21	133012335	133012315	NA	NA
532405_1	chr12	-	21	0	0	1	21	49525153	49525133	NA	NA
532406_2	chr17	-	21	0	0	1	21	76869947	76869927	NA	NA
532407_1	chr17	-	21	0	0	1	21	1586959	1586939	NA	NA
532408_1	chr12	-	21	0	0	1	21	127650656	127650636	NA	NA
532409_1	chr20	-	21	0	0	1	21	60718309	60718289	NA	NA
532410_1	chr11	-	21	0	0	1	21	809973	809993	NA	NA
532411_1	chr19	-	21	0	0	1	21	39138465	39138485	NA	NA
532412_1	chr10	-	21	0	0	1	21	62547193	62547173	NA	NA
532413_1	chr3	-	21	0	0	1	21	120315214	120315234	NA	NA
532414_1	chr11	-	21	0	0	1	21	65113763	65113783	NA	NA
532415_1	chr7	-	21	0	0	1	21	129028986	129029006	NA	NA
532416_1	chr6	-	21	0	0	1	21	26204940	26204960	NA	NA
532417_1	chr6	-	21	0	0	1	21	170855232	170855212	NA	NA
532418_1	chr12	-	21	0	0	1	21	120535148	120535128	NA	NA
532419_1	chr3	-	21	0	0	1	21	113464873	113464853	NA	NA
532420_1	chr10	-	21	0	0	1	21	81928981	81928961	NA	NA
532421_1	chr5	-	21	0	0	1	21	150502565	150502545	NA	NA
532422_1	chr19	-	21	0	0	1	21	36123883	36123903	NA	NA
532423_1	chr19	-	21	0	0	1	21	34706067	34706087	NA	NA
532424_1	chr3	-	21	0	0	1	21	129156596	129156576	NA	NA
532425_1	chr16	-	21	0	0	1	21	29871972	29871952	NA	NA
532426_1	chr19	-	21	0	0	1	21	56657688	56657708	NA	NA
532427_1	chr2	-	21	0	0	1	21	224866442	224866422	NA	NA
532428_1	chr12	-	21	0	0	1	21	58109544	58109564	NA	NA
532429_1	chr20	-	21	0	0	1	21	57466867	57466887	NA	NA
532430_1	chr11	-	21	0	0	1	21	107992353	107992373	NA	NA
532431_1	chr17	-	21	0	0	1	21	79827497	79827477	NA	NA
532432_2	chr5	-	21	0	0	1	21	71146889	71146909	NA	NA
532433_1	chr2	-	21	0	0	1	21	207024476	207024496	NA	NA
532434_1	chr19	-	21	0	0	1	21	10259592	10259572	NA	NA
532435_1	chr12	-	21	0	0	1	21	89744625	89744605	NA	NA
532436_1	chr17	-	21	0	0	1	21	61655931	61655951	NA	NA
532437_1	chr2	-	21	0	0	1	21	201967708	201967688	NA	NA
532438_1	chr2	-	21	0	0	1	21	217525436	217525456	NA	NA
532439_1	chr17	-	21	0	0	1	21	45351840	45351860	NA	NA
532440_1	chr16	-	21	0	0	1	21	33963344	33963364	NA	NA
532441_1	chr19	-	21	0	0	1	21	3062292	3062272	NA	NA
532442_1	chr2	-	21	0	0	1	21	109397745	109397765	NA	NA
532443_1	chr12	-	21	0	0	1	21	44124427	44124407	NA	NA
532444_1	chr16	-	21	0	0	1	21	14379796	14379816	NA	NA
532445_1	chr10	-	21	0	0	1	21	123970108	123970128	NA	NA
532446_1	chr3	-	21	0	0	1	21	32801033	32801053	NA	NA
532447_3	chr11	-	21	0	0	1	21	75946930	75946910	NA	NA
532448_1	chr2	-	21	0	0	1	21	96932073	96932093	NA	NA
532449_21	chr2	-	21	0	0	1	21	71565815	71565795	NA	NA
532450_1	chr19	-	21	0	0	1	21	581354	581374	NA	NA
532451_1	chr19	-	21	0	0	1	21	5641777	5641797	NA	NA
532452_1	chr9	-	21	0	0	1	21	133962952	133962932	NA	NA
532453_1	chr17	-	21	0	0	1	21	66511678	66511698	NA	NA
532454_1	chr6	-	21	0	0	1	21	26205171	26205191	NA	NA
532455_1	chr13	-	21	0	0	1	21	23915383	23915363	NA	NA
532456_1	chr5	-	21	0	0	1	21	71146911	71146931	NA	NA
532457_1	chr7	-	21	0	0	1	21	135265352	135265372	NA	NA
532458_7	chr5	-	21	0	0	1	21	71146856	71146876	NA	NA
532459_1	chr2	-	21	0	0	1	21	133037145	133037125	NA	NA
532460_1	chr5	-	21	0	0	1	21	159476579	159476599	NA	NA
532461_1	chr20	-	21	0	0	1	21	54978729	54978749	NA	NA
532462_1	chr6	-	21	0	0	1	21	26043879	26043859	NA	NA
532463_1	chr20	-	21	0	0	1	21	34287631	34287651	NA	NA
532464_1	chr14	-	21	0	0	1	21	73137953	73137933	NA	NA
532465_6	chr15	-	21	0	0	1	21	59203716	59203736	NA	NA
532466_1	chr3	-	21	0	0	1	21	9974569	9974589	NA	NA
532467_1	chrX	-	21	0	0	1	21	48434718	48434738	NA	NA
532468_1	chr14	-	21	0	0	1	21	69865452	69865472	NA	NA
532469_1	chr11	-	21	0	0	1	21	34073316	34073336	NA	NA
532470_1	chr19	-	21	0	0	1	21	4475534	4475554	NA	NA
532471_1	chrX	-	21	0	0	1	21	67794990	67794970	NA	NA
532472_2	chr19	-	21	0	0	1	21	24185250	24185230	NA	NA
532473_2	chr2	-	21	0	0	1	21	133010744	133010724	NA	NA
532474_1	chr21	-	21	0	0	1	21	24781451	24781431	NA	NA
532475_1	chr1	-	21	0	0	1	21	245018870	245018850	NA	NA
532476_1	chr4	-	21	0	0	1	21	122735063	122735083	NA	NA
532477_1	chr20	-	21	0	0	1	21	35860763	35860783	NA	NA
532478_1	chr16	-	21	0	0	1	21	3716023	3716003	NA	NA
532479_1	chr5	-	21	0	0	1	21	65310931	65310951	NA	NA
532480_1	chr12	-	21	0	0	1	21	46765031	46765011	NA	NA
532481_1	chr21	-	21	0	0	1	21	9827205	9827225	NA	NA
532482_1	chr2	-	21	0	0	1	21	111879191	111879171	NA	NA
532483_1	chr22	-	21	0	0	1	21	24133970	24133990	NA	NA
532484_1	chrX	-	21	0	0	1	21	100078348	100078368	NA	NA
532485_1	chr18	-	21	0	0	1	21	37198288	37198268	NA	NA
532486_1	chr2	-	21	0	0	1	21	133012866	133012846	NA	NA
532487_2	chr2	-	21	0	0	1	21	133012055	133012035	NA	NA
532488_1	chr6	-	21	0	0	1	21	26199440	26199420	NA	NA
532489_1	chr7	-	21	0	0	1	21	100799996	100800016	NA	NA
532490_10	chr9	-	21	0	0	1	21	79186849	79186869	NA	NA
532491_3	chr21	-	21	0	0	1	21	9827051	9827071	NA	NA
532492_1	chr4	-	21	0	0	1	21	120981437	120981417	NA	NA
532493_1	chr3	-	21	0	0	1	21	143182098	143182078	NA	NA
532494_1	chr2	-	21	0	0	1	21	120005307	120005327	NA	NA
532495_1	chr7	-	21	0	0	1	21	128049937	128049917	NA	NA
532496_1	chr1	-	21	0	0	1	21	146675242	146675222	NA	NA
532497_1	chr19	-	21	0	0	1	21	2427496	2427476	NA	NA
532498_1	chr21	-	21	0	0	1	21	9827293	9827313	NA	NA
532499_1	chr15	-	21	0	0	1	21	41961651	41961671	NA	NA
532500_1	chrX	-	21	0	0	1	21	108297730	108297750	NA	NA
532501_1	chr2	-	21	0	0	1	21	97297188	97297168	NA	NA
532502_1	chr8	-	21	0	0	1	21	145133739	145133759	NA	NA
532503_1	chr5	-	21	0	0	1	21	52418184	52418164	NA	NA
532504_1	chr19	-	21	0	0	1	21	47918034	47918014	NA	NA
532505_1	chr6	-	21	0	0	1	21	26250789	26250769	NA	NA
532506_1	chr12	-	21	0	0	1	21	127650525	127650505	NA	NA
532507_1	chr17	-	21	0	0	1	21	57763055	57763075	NA	NA
532508_1	chr10	-	21	0	0	1	21	17271490	17271510	NA	NA
532509_1	chr5	-	21	0	0	1	21	40747015	40746995	NA	NA
532510_1	chr5	-	21	0	0	1	21	179046376	179046356	NA	NA
532511_1	chr7	-	21	0	0	1	21	100274381	100274401	NA	NA
532512_1	chr20	-	21	0	0	1	21	36640361	36640341	NA	NA
532513_1	chr17	-	21	0	0	1	21	35445895	35445875	NA	NA
532514_1	chr21	-	21	0	0	1	21	9827054	9827074	NA	NA
532515_1	chr19	-	21	0	0	1	21	3644135	3644115	NA	NA
532516_1	chr6	-	21	0	0	1	21	31634607	31634627	NA	NA
532517_1	chr2	-	21	0	0	1	21	232328027	232328007	NA	NA
532518_1	chr7	-	21	0	0	1	21	18365539	18365519	NA	NA
532519_1	chr14	-	21	0	0	1	21	64520010	64520030	NA	NA
532520_1	chr12	-	21	0	0	1	21	6334614	6334634	NA	NA
532521_1	chr6	-	21	0	0	1	21	25992874	25992854	NA	NA
532522_1	chr16	-	21	0	0	1	21	31201593	31201613	NA	NA
532523_1	chr6	-	21	0	0	1	21	30166738	30166718	NA	NA
532524_1	chr6	-	21	0	0	1	21	26189084	26189064	NA	NA
532525_1	chr12	-	21	0	0	1	21	50513966	50513986	NA	NA
532526_1	chr6	-	21	0	0	1	21	160525804	160525824	NA	NA
532527_1	chr6	-	21	0	0	1	21	26273476	26273496	NA	NA
532528_1	chr1	-	21	0	0	1	21	159888618	159888598	NA	NA
532529_1	chr1	-	21	0	0	1	21	202302663	202302643	NA	NA
532530_1	chr17	-	21	0	0	1	21	7400766	7400786	NA	NA
532531_1	chr2	-	21	0	0	1	21	139485225	139485245	NA	NA
532532_1	chr14	-	21	0	0	1	21	99947764	99947784	NA	NA
532533_1	chr9	-	21	0	0	1	21	133346222	133346242	NA	NA
532534_1	chr12	-	21	0	0	1	21	95663913	95663933	NA	NA
532535_1	chrX	-	21	0	0	1	21	11780311	11780331	NA	NA
532536_1	chr12	-	21	0	0	1	21	57548037	57548057	NA	NA
532537_1	chr19	-	21	0	0	1	21	6416397	6416377	NA	NA
532538_1	chr12	-	21	0	0	1	21	53470931	53470911	NA	NA
532539_1	chr1	-	21	0	0	1	21	84961668	84961688	NA	NA
532540_1	chr5	-	21	0	0	1	21	180449958	180449978	NA	NA
532541_1	chr2	-	21	0	0	1	21	122519050	122519070	NA	NA
532542_1	chr1	-	21	0	0	1	21	156670355	156670335	NA	NA
532543_1	chr3	-	21	0	0	1	21	9833036	9833016	NA	NA
532544_1	chr7	-	21	0	0	1	21	92462886	92462866	NA	NA
532545_1	chr10	-	21	0	0	1	21	70482256	70482276	NA	NA
532546_1	chr2	-	21	0	0	1	21	133039191	133039171	NA	NA
532547_1	chr6	-	21	0	0	1	21	158540134	158540114	NA	NA
532548_1	chr5	-	21	0	0	1	21	126113359	126113379	NA	NA
532549_1	chr7	-	21	0	0	1	21	98257843	98257863	NA	NA
532550_1	chr11	-	21	0	0	1	21	86630147	86630127	NA	NA
532551_1	chr6	-	21	0	0	1	21	31856241	31856221	NA	NA
532552_1	chr12	-	21	0	0	1	21	3309757	3309777	NA	NA
532553_1	chr13	-	21	0	0	1	21	33112929	33112909	NA	NA
532554_1	chr19	-	21	0	0	1	21	39200919	39200939	NA	NA
532555_1	chr21	-	21	0	0	1	21	9827147	9827167	NA	NA
532556_1	chr1	-	21	0	0	1	21	151378354	151378334	NA	NA
532557_1	chr17	-	21	0	0	1	21	1248758	1248738	NA	NA
532558_1	chr11	-	21	0	0	1	21	1824966	1824946	NA	NA
532559_4	chrY	-	21	0	0	1	21	10036574	10036594	NA	NA
532560_1	chr7	-	21	0	0	1	21	27835730	27835750	NA	NA
532561_1	chr6	-	21	0	0	1	21	43484856	43484876	NA	NA
532562_1	chr5	-	21	0	0	1	21	58272299	58272279	NA	NA
532563_1	chr1	-	21	0	0	1	21	6711608	6711588	NA	NA
532564_1	chr16	-	21	0	0	1	21	47538728	47538748	NA	NA
532565_1	chr12	-	21	0	0	1	21	133466516	133466536	NA	NA
532566_1	chr3	-	21	0	0	1	21	47730912	47730892	NA	NA
532567_1	chr7	-	21	0	0	1	21	138768687	138768667	NA	NA
532568_1	chr7	-	21	0	0	1	21	899955	899975	NA	NA
532569_1	chr2	-	21	0	0	1	21	189875423	189875443	NA	NA
532570_1	chr2	-	21	0	0	1	21	189859448	189859468	NA	NA
532571_1	chr16	-	21	0	0	1	21	30364806	30364786	NA	NA
532572_1	chr9	-	21	0	0	1	21	133578513	133578533	NA	NA
532573_1	chr17	-	21	0	0	1	21	73132208	73132188	NA	NA
532574_1	chr17	-	21	0	0	1	21	7213058	7213078	NA	NA
532575_1	chr5	-	21	0	0	1	21	100222291	100222271	NA	NA
532576_1	chr11	-	21	0	0	1	21	58385074	58385094	NA	NA
532577_1	chr7	-	21	0	0	1	21	111980979	111980999	NA	NA
532578_1	chr8	-	21	0	0	1	21	21832227	21832247	NA	NA
532579_1	chr20	-	21	0	0	1	21	62153105	62153125	NA	NA
532580_1	chr12	-	21	0	0	1	21	57780220	57780200	NA	NA
532581_2	chr11	-	21	0	0	1	21	15136521	15136541	NA	NA
532582_1	chr1	-	21	0	0	1	21	77165916	77165936	NA	NA
532583_1	chr2	-	21	0	0	1	21	70315089	70315109	NA	NA
532584_1	chr2	-	21	0	0	1	21	136957933	136957913	NA	NA
532585_1	chr4	-	21	0	0	1	21	5811252	5811272	NA	NA
532586_1	chr6	-	21	0	0	1	21	27861261	27861281	NA	NA
532587_1	chr11	-	21	0	0	1	21	111941963	111941943	NA	NA
532588_1	chr19	-	21	0	0	1	21	4443930	4443950	NA	NA
532589_1	chr15	-	21	0	0	1	21	79184594	79184614	NA	NA
532590_1	chr19	-	21	0	0	1	21	40928879	40928859	NA	NA
532591_1	chr1	-	21	0	0	1	21	153516387	153516367	NA	NA
532592_1	chr14	-	21	0	0	1	21	60074031	60074011	NA	NA
532593_1	chrY	-	21	0	0	1	21	10036573	10036593	NA	NA
532594_1	chr19	-	21	0	0	1	21	3984275	3984255	NA	NA
532595_1	chr3	-	21	0	0	1	21	154377691	154377671	NA	NA
532596_1	chr9	-	21	0	0	1	21	35657775	35657755	NA	NA
532597_1	chr19	-	21	0	0	1	21	39207798	39207818	NA	NA
532598_2	chr1	-	21	0	0	1	21	32503471	32503491	NA	NA
532599_1	chr5	-	21	0	0	1	21	488386	488406	NA	NA
532600_1	chr12	-	21	0	0	1	21	6637861	6637881	NA	NA
532601_1	chr5	-	21	0	0	1	21	149900555	149900575	NA	NA
532602_1	chr15	-	21	0	0	1	21	91479596	91479616	NA	NA
532603_1	chr8	-	21	0	0	1	21	48719865	48719845	NA	NA
532604_1	chr2	-	21	0	0	1	21	189864275	189864295	NA	NA
532605_1	chr5	-	21	0	0	1	21	108704407	108704387	NA	NA
532606_1	chr9	-	21	0	0	1	21	75775176	75775196	NA	NA
532607_1	chr10	-	21	0	0	1	21	17275784	17275804	NA	NA
532608_2	chr20	-	21	0	0	1	21	1165824	1165844	NA	NA
532609_1	chr19	-	21	0	0	1	21	49422295	49422315	NA	NA
532610_1	chr6	-	21	0	0	1	21	26156944	26156964	NA	NA
532611_1	chr3	-	21	0	0	1	21	129034506	129034486	NA	NA
532612_1	chr9	-	21	0	0	1	21	130476477	130476457	NA	NA
532613_1	chr19	-	21	0	0	1	21	46191807	46191787	NA	NA
532614_1	chr1	-	21	0	0	1	21	110527603	110527623	NA	NA
532615_1	chr17	-	21	0	0	1	21	27948442	27948422	NA	NA
532616_1	chr19	-	21	0	0	1	21	15367957	15367937	NA	NA
532617_1	chr5	-	21	0	0	1	21	147040890	147040870	NA	NA
532618_1	chr8	-	21	0	0	1	21	30670295	30670275	NA	NA
532619_1	chr9	-	21	0	0	1	21	111882196	111882176	NA	NA
532620_6	chr16	-	21	0	0	1	21	47538729	47538749	NA	NA
532621_1	chr1	-	21	0	0	1	21	3574452	3574432	NA	NA
532622_1	chr6	-	21	0	0	1	21	26305736	26305716	NA	NA
532623_1	chr16	-	21	0	0	1	21	1252134	1252114	NA	NA
532624_1	chr15	-	21	0	0	1	21	79177347	79177367	NA	NA
532625_1	chr17	-	21	0	0	1	21	2628800	2628780	NA	NA
532626_1	chr22	-	21	0	0	1	21	46646837	46646857	NA	NA
532627_1	chr6	-	21	0	0	1	21	132272297	132272277	NA	NA
532628_1	chr17	-	21	0	0	1	21	61655873	61655893	NA	NA
532629_1	chr8	-	21	0	0	1	21	37991018	37991038	NA	NA
532630_1	chr9	-	21	0	0	1	21	35062342	35062322	NA	NA
532631_1	chr9	-	21	0	0	1	21	140137145	140137165	NA	NA
532632_1	chr6	-	21	0	0	1	21	26157253	26157273	NA	NA
532633_1	chr5	-	21	0	0	1	21	73931655	73931635	NA	NA
532634_1	chr11	-	21	0	0	1	21	63960733	63960753	NA	NA
532635_1	chr8	-	21	0	0	1	21	144602082	144602062	NA	NA
532636_1	chr1	-	21	0	0	1	21	100111428	100111448	NA	NA
532637_1	chr4	-	21	0	0	1	21	17513597	17513577	NA	NA
532638_2	chr5	-	21	0	0	1	21	71146891	71146911	NA	NA
532639_5	chr12	-	21	0	0	1	21	127650519	127650499	NA	NA
532640_1	chr10	-	21	0	0	1	21	117884826	117884806	NA	NA
532641_1	chr17	-	21	0	0	1	21	1384086	1384066	NA	NA
532642_1	chr5	-	21	0	0	1	21	118324187	118324167	NA	NA
532643_1	chr6	-	21	0	0	1	21	26043610	26043590	NA	NA
532644_1	chr1	-	21	0	0	1	21	19934595	19934615	NA	NA
532645_1	chr19	-	21	0	0	1	21	45873433	45873413	NA	NA
532646_1	chr14	-	21	0	0	1	21	53162115	53162095	NA	NA
532647_1	chr17	-	21	0	0	1	21	33478267	33478247	NA	NA
532648_1	chr2	-	21	0	0	1	21	175287647	175287667	NA	NA
532649_1	chr6	-	21	0	0	1	21	130841544	130841524	NA	NA
532650_1	chr22	-	21	0	0	1	21	32134704	32134684	NA	NA
532651_2	chr21	-	21	0	0	1	21	9827204	9827224	NA	NA
532652_1	chr1	-	21	0	0	1	21	54509129	54509109	NA	NA
532653_1	chr11	-	21	0	0	1	21	67119479	67119459	NA	NA
532654_1	chr7	-	21	0	0	1	21	73588731	73588751	NA	NA
532655_1	chr7	-	21	0	0	1	21	99690710	99690690	NA	NA
532656_1	chr2	-	21	0	0	1	21	237653131	237653151	NA	NA
532657_1	chr15	-	21	0	0	1	21	91029274	91029294	NA	NA
532658_1	chr2	-	21	0	0	1	21	47656902	47656922	NA	NA
532659_1	chr12	-	21	0	0	1	21	58111654	58111674	NA	NA
532660_1	chr15	-	21	0	0	1	21	78837997	78838017	NA	NA
532661_1	chr16	-	21	0	0	1	21	71482915	71482895	NA	NA
532662_1	chr1	-	21	0	0	1	21	24019123	24019143	NA	NA
532663_2	chrX	-	21	0	0	1	21	108297808	108297828	NA	NA
532664_1	chr14	-	21	0	0	1	21	21899995	21899975	NA	NA
532665_1	chr21	-	21	0	0	1	21	34914945	34914925	NA	NA
532666_1	chr15	-	21	0	0	1	21	45668926	45668906	NA	NA
532667_1	chr7	-	21	0	0	1	21	6068599	6068579	NA	NA
532668_1	chr22	-	21	0	0	1	21	43583047	43583027	NA	NA
532669_1	chr1	-	21	0	0	1	21	20980138	20980118	NA	NA
532670_1	chr3	-	21	0	0	1	21	54713723	54713703	NA	NA
532671_1	chr17	-	21	0	0	1	21	79654063	79654083	NA	NA
532672_1	chr10	-	21	0	0	1	21	34630696	34630676	NA	NA
532673_1	chr7	-	21	0	0	1	21	91746423	91746403	NA	NA
532674_1	chr5	-	21	0	0	1	21	71146757	71146777	NA	NA
532675_1	chr2	-	21	0	0	1	21	5136145	5136165	NA	NA
532676_1	chr19	-	21	0	0	1	21	24185498	24185478	NA	NA
532677_1	chr19	-	21	0	0	1	21	7747144	7747164	NA	NA
532678_1	chr2	-	21	0	0	1	21	190924941	190924921	NA	NA
532679_1	chr20	-	21	0	0	1	21	44049207	44049227	NA	NA
532680_1	chr8	-	21	0	0	1	21	43037291	43037311	NA	NA
532681_1	chr19	-	21	0	0	1	21	810806	810826	NA	NA
532682_6	chr2	-	21	0	0	1	21	230045584	230045564	NA	NA
532683_1	chr12	-	21	0	0	1	21	49522099	49522079	NA	NA
532684_1	chr6	-	21	0	0	1	21	26046041	26046061	NA	NA
532685_41	chr8	-	21	0	0	1	21	21455984	21456004	NA	NA
532686_1	chr6	-	21	0	0	1	21	170639573	170639593	NA	NA
532687_1	chr2	-	21	0	0	1	21	10929080	10929060	NA	NA
532688_1	chr20	-	21	0	0	1	21	32661637	32661657	NA	NA
532689_1	chr6	-	21	0	0	1	21	132191305	132191285	NA	NA
532690_1	chrX	-	21	0	0	1	21	129150055	129150075	NA	NA
532691_2	chr21	-	21	0	0	1	21	9827049	9827069	NA	NA
532692_1	chr9	-	21	0	0	1	21	79186853	79186873	NA	NA
532693_1	chr2	-	21	0	0	1	21	106432902	106432922	NA	NA
532694_1	chr1	-	21	0	0	1	21	154186980	154186960	NA	NA
532695_1	chr19	-	21	0	0	1	21	39936543	39936563	NA	NA
532696_1	chr19	-	21	0	0	1	21	14626947	14626927	NA	NA
532697_1	chr7	-	21	0	0	1	21	93516605	93516585	NA	NA
532698_1	chr2	-	21	0	0	1	21	189849500	189849520	NA	NA
532699_1	chr17	-	21	0	0	1	21	7401400	7401420	NA	NA
532700_1	chr12	-	21	0	0	1	21	127650655	127650635	NA	NA
532701_1	chr5	-	21	0	0	1	21	71146746	71146766	NA	NA
532702_1	chr2	-	21	0	0	1	21	203072002	203071982	NA	NA
532703_1	chr3	-	21	0	0	1	21	183901338	183901358	NA	NA
532704_1	chr2	-	21	0	0	1	21	232646504	232646524	NA	NA
532705_1	chr5	-	21	0	0	1	21	150483232	150483212	NA	NA
532706_1	chr11	-	21	0	0	1	21	47376941	47376921	NA	NA
532707_1	chr1	-	21	0	0	1	21	244945401	244945421	NA	NA
532708_1	chr2	-	21	0	0	1	21	69512900	69512880	NA	NA
532709_1	chr4	-	21	0	0	1	21	123977546	123977566	NA	NA
532710_1	chr17	-	21	0	0	1	21	45689927	45689947	NA	NA
532711_1	chr5	-	21	0	0	1	21	167915609	167915629	NA	NA
532712_1	chr8	-	21	0	0	1	21	32966998	32967018	NA	NA
532713_1	chr1	-	21	0	0	1	21	35658605	35658585	NA	NA
532714_1	chr7	-	21	0	0	1	21	5751415	5751395	NA	NA
532715_1	chr3	-	21	0	0	1	21	29322836	29322856	NA	NA
532716_1	chrX	-	21	0	0	1	21	102508862	102508842	NA	NA
532717_1	chr19	-	21	0	0	1	21	50432622	50432602	NA	NA
532718_11	chr10	-	21	0	0	1	21	101945727	101945707	NA	NA
532719_1	chr3	-	21	0	0	1	21	176767810	176767790	NA	NA
532720_1	chr6	-	21	0	0	1	21	163836220	163836240	NA	NA
532721_1	chr10	-	21	0	0	1	21	43292131	43292151	NA	NA
532722_1	chr14	-	21	0	0	1	21	69853714	69853694	NA	NA
532723_1	chr14	-	21	0	0	1	21	70855295	70855275	NA	NA
532724_1	chr2	-	21	0	0	1	21	70123573	70123593	NA	NA
532725_1	chr4	-	21	0	0	1	21	83350476	83350456	NA	NA
532726_1	chr4	-	21	0	0	1	21	76807602	76807622	NA	NA
532727_1	chr1	-	21	0	0	1	21	36075009	36074989	NA	NA
532728_1	chr1	-	21	0	0	1	21	202113665	202113645	NA	NA
532729_1	chr17	-	21	0	0	1	21	53499049	53499029	NA	NA
532730_1	chr1	-	21	0	0	1	21	109957918	109957898	NA	NA
532731_1	chr2	-	21	0	0	1	21	9770576	9770556	NA	NA
532732_1	chr1	-	21	0	0	1	21	120286654	120286674	NA	NA
532733_1	chr20	-	21	0	0	1	21	34136288	34136308	NA	NA
532734_1	chr7	-	21	0	0	1	21	56128539	56128559	NA	NA
532735_1	chr11	-	21	0	0	1	21	68125224	68125244	NA	NA
532736_1	chr6	-	21	0	0	1	21	26158618	26158638	NA	NA
532737_1	chr16	-	21	0	0	1	21	67902457	67902477	NA	NA
532738_1	chr8	-	21	0	0	1	21	80677860	80677840	NA	NA
532739_1	chr17	-	21	0	0	1	21	1782877	1782897	NA	NA
532740_1	chr2	-	21	0	0	1	21	242256910	242256930	NA	NA
532741_1	chr8	-	21	0	0	1	21	20072375	20072395	NA	NA
532742_1	chr2	-	21	0	0	1	21	97034780	97034800	NA	NA
532743_1	chr2	-	21	0	0	1	21	54891695	54891715	NA	NA
532744_1	chr6	-	21	0	0	1	21	26046039	26046059	NA	NA
532745_1	chr7	-	21	0	0	1	21	75931947	75931967	NA	NA
532746_1	chr1	-	21	0	0	1	21	202704655	202704635	NA	NA
532747_1	chr2	-	21	0	0	1	21	55255345	55255325	NA	NA
532748_1	chr6	-	21	0	0	1	21	37225695	37225715	NA	NA
532749_1	chr8	-	21	0	0	1	21	68139509	68139489	NA	NA
532750_1	chr2	-	21	0	0	1	21	167350647	167350627	NA	NA
532751_1	chr2	-	21	0	0	1	21	228195484	228195504	NA	NA
532752_1	chrX	-	21	0	0	1	21	153579366	153579346	NA	NA
532753_1	chr18	-	21	0	0	1	21	25562938	25562918	NA	NA
532754_1	chr17	-	21	0	0	1	21	26913503	26913483	NA	NA
532755_1	chr5	-	21	0	0	1	21	44345126	44345106	NA	NA
532756_1	chr10	-	21	0	0	1	21	130844622	130844602	NA	NA
532757_1	chr1	-	21	0	0	1	21	204378940	204378920	NA	NA
532758_1	chr2	-	21	0	0	1	21	216198154	216198174	NA	NA
532759_1	chr5	-	21	0	0	1	21	164412203	164412183	NA	NA
532760_1	chr4	-	21	0	0	1	21	160286974	160286994	NA	NA
532761_1	chr11	-	21	0	0	1	21	812803	812823	NA	NA
532762_1	chr16	-	21	0	0	1	21	8891735	8891755	NA	NA
532763_1	chr19	-	21	0	0	1	21	3762694	3762714	NA	NA
532764_1	chr18	-	21	0	0	1	21	59912086	59912106	NA	NA
532765_1	chr11	-	21	0	0	1	21	108002628	108002648	NA	NA
532766_1	chr7	-	21	0	0	1	21	100026564	100026584	NA	NA
532767_1	chr17	-	21	0	0	1	21	33478227	33478207	NA	NA
532768_1	chr16	-	21	0	0	1	21	10626865	10626845	NA	NA
532769_1	chr17	-	21	0	0	1	21	30555075	30555055	NA	NA
532770_1	chr22	-	21	0	0	1	21	32352770	32352790	NA	NA
532771_1	chr19	-	21	0	0	1	21	3762695	3762715	NA	NA
532772_1	chr17	-	21	0	0	1	21	46128409	46128429	NA	NA
532773_1	chr7	-	21	0	0	1	21	94293932	94293952	NA	NA
532774_2	chr19	-	21	0	0	1	21	50305108	50305128	NA	NA
532775_1	chrX	-	21	0	0	1	21	145238821	145238841	NA	NA
532776_5	chr2	-	21	0	0	1	21	230045520	230045500	NA	NA
532777_1	chr12	-	21	0	0	1	21	104335429	104335449	NA	NA
532778_1	chr1	-	21	0	0	1	21	52847388	52847368	NA	NA
532779_1	chr9	-	21	0	0	1	21	137332149	137332169	NA	NA
532780_11	chr21	-	21	0	0	1	21	9827208	9827228	NA	NA
532781_1	chr1	-	21	0	0	1	21	103381220	103381200	NA	NA
532782_1	chr11	-	21	0	0	1	21	60749704	60749684	NA	NA
532783_1	chr7	-	21	0	0	1	21	100860752	100860732	NA	NA
532784_1	chr14	-	21	0	0	1	21	64828868	64828888	NA	NA
532785_1	chr7	-	21	0	0	1	21	813711	813731	NA	NA
532786_29	chr1	-	21	0	0	1	21	10490518	10490538	NA	NA
532787_1	chr17	-	21	0	0	1	21	8379195	8379175	NA	NA
532788_1	chr1	-	21	0	0	1	21	46016776	46016796	NA	NA
532789_1	chr3	-	21	0	0	1	21	59098812	59098832	NA	NA
532790_1	chr12	-	21	0	0	1	21	118454641	118454661	NA	NA
532791_1	chr7	-	21	0	0	1	21	5567509	5567489	NA	NA
532792_1	chr12	-	21	0	0	1	21	69229407	69229427	NA	NA
532793_1	chr1	-	21	0	0	1	21	120465295	120465275	NA	NA
532794_1	chr5	-	21	0	0	1	21	102338785	102338805	NA	NA
532795_1	chr17	-	21	0	0	1	21	79633576	79633556	NA	NA
532796_1	chr1	-	21	0	0	1	21	16042745	16042765	NA	NA
532797_1	chr12	-	21	0	0	1	21	6054641	6054621	NA	NA
532798_1	chr7	-	21	0	0	1	21	116166565	116166585	NA	NA
532799_1	chr22	-	21	0	0	1	21	18218354	18218334	NA	NA
532800_1	chr8	-	21	0	0	1	21	91997495	91997515	NA	NA
532801_1	chr15	-	21	0	0	1	21	77224738	77224758	NA	NA
532802_1	chr7	-	21	0	0	1	21	94293079	94293099	NA	NA
532803_1	chr20	-	21	0	0	1	21	30310014	30309994	NA	NA
532804_1	chr17	-	21	0	0	1	21	78397351	78397371	NA	NA
532805_1	chr19	-	21	0	0	1	21	50990708	50990688	NA	NA
532806_1	chr6	-	21	0	0	1	21	30593346	30593366	NA	NA
532807_1	chr10	-	21	0	0	1	21	33211232	33211212	NA	NA
532808_1	chr12	-	21	0	0	1	21	6707568	6707548	NA	NA
532809_1	chr7	-	21	0	0	1	21	128493598	128493618	NA	NA
532810_1	chr6	-	21	0	0	1	21	26205036	26205056	NA	NA
532811_1	chr5	-	21	0	0	1	21	138160363	138160383	NA	NA
532812_1	chr6	-	21	0	0	1	21	33365812	33365832	NA	NA
532813_3	chr14	-	21	0	0	1	21	73547949	73547929	NA	NA
532814_1	chr1	-	21	0	0	1	21	86047629	86047649	NA	NA
532815_3	chr1	-	21	0	0	1	21	206877590	206877610	NA	NA
532816_1	chr2	-	21	0	0	1	21	100055749	100055729	NA	NA
532817_1	chr7	-	21	0	0	1	21	5463419	5463399	NA	NA
532818_1	chr19	-	21	0	0	1	21	23318819	23318839	NA	NA
532819_1	chr11	-	21	0	0	1	21	118965962	118965942	NA	NA
532820_1	chrY	-	21	0	0	1	21	10037852	10037872	NA	NA
532821_1	chr2	-	21	0	0	1	21	199887786	199887806	NA	NA
532822_1	chr5	-	21	0	0	1	21	171881733	171881713	NA	NA
532823_1	chr6	-	21	0	0	1	21	26156630	26156650	NA	NA
532824_1	chr21	-	21	0	0	1	21	9827015	9827035	NA	NA
532825_1	chr19	-	21	0	0	1	21	18548710	18548690	NA	NA
532826_1	chr2	-	21	0	0	1	21	62099417	62099397	NA	NA
532827_1	chr12	-	21	0	0	1	21	64825526	64825546	NA	NA
532828_1	chr7	-	21	0	0	1	21	94293639	94293659	NA	NA
532829_1	chr1	-	21	0	0	1	21	161072120	161072100	NA	NA
532830_1	chr21	-	21	0	0	1	21	9827291	9827311	NA	NA
532831_1	chr21	-	21	0	0	1	21	9827148	9827168	NA	NA
532832_1	chr1	-	21	0	0	1	21	23637204	23637184	NA	NA
532833_1	chr21	-	21	0	0	1	21	33032088	33032108	NA	NA
532834_1	chr11	-	21	0	0	1	21	62609218	62609198	NA	NA
532835_1	chrX	-	21	0	0	1	21	53572042	53572022	NA	NA
532836_30	chr5	-	21	0	0	1	21	488385	488405	NA	NA
532837_1	chr19	-	21	0	0	1	21	34856257	34856277	NA	NA
532838_1	chr6	-	21	0	0	1	21	76729171	76729191	NA	NA
532839_1	chr6	-	21	0	0	1	21	26032116	26032096	NA	NA
532840_1	chr19	-	21	0	0	1	21	46195188	46195168	NA	NA
532841_1	chr15	-	21	0	0	1	21	101792141	101792121	NA	NA
532842_2	chr16	-	21	0	0	1	21	33963343	33963363	NA	NA
532843_1	chr1	-	21	0	0	1	21	108319887	108319867	NA	NA
532844_1	chr2	-	21	0	0	1	21	70995289	70995269	NA	NA
532845_1	chr9	-	21	0	0	1	21	131339720	131339740	NA	NA
532846_1	chr7	-	21	0	0	1	21	5569216	5569196	NA	NA
532847_1	chrY	-	21	0	0	1	21	10036583	10036603	NA	NA
532848_1	chr17	-	21	0	0	1	21	73895643	73895623	NA	NA
532849_1	chrM	-	21	0	0	1	21	9783	9803	NA	NA
532850_1	chr17	-	21	0	0	1	21	1782657	1782677	NA	NA
532851_1	chr11	-	21	0	0	1	21	61077320	61077300	NA	NA
532852_1	chr13	-	21	0	0	1	21	77601243	77601223	NA	NA
532853_1	chr7	-	21	0	0	1	21	23509621	23509601	NA	NA
532854_1	chr1	-	21	0	0	1	21	31418213	31418193	NA	NA
532855_2	chr19	-	21	0	0	1	21	24184630	24184610	NA	NA
532856_1	chrX	-	21	0	0	1	21	18359420	18359440	NA	NA
532857_2	chrX	-	21	0	0	1	21	108297809	108297829	NA	NA
532858_1	chr11	-	21	0	0	1	21	62446050	62446030	NA	NA
532859_1	chr11	-	21	0	0	1	21	406456	406436	NA	NA
532860_1	chr14	-	21	0	0	1	21	45711446	45711426	NA	NA
532861_1	chr10	-	21	0	0	1	21	99424718	99424738	NA	NA
532862_1	chr10	-	21	0	0	1	21	129924436	129924416	NA	NA
532863_1	chr7	-	21	0	0	1	21	94292863	94292883	NA	NA
532864_1	chr6	-	21	0	0	1	21	160109210	160109190	NA	NA
532865_1	chr6	-	21	0	0	1	21	26204878	26204898	NA	NA
532866_1	chr2	-	21	0	0	1	21	74428506	74428526	NA	NA
532867_1	chr17	-	21	0	0	1	21	78313320	78313340	NA	NA
532868_1	chr19	-	21	0	0	1	21	581525	581545	NA	NA
532869_1	chr5	-	21	0	0	1	21	149535399	149535379	NA	NA
532870_1	chr3	-	21	0	0	1	21	33175678	33175698	NA	NA
532871_1	chr1	-	21	0	0	1	21	108113098	108113078	NA	NA
532872_1	chr2	-	21	0	0	1	21	217059657	217059677	NA	NA
532873_2	chr5	-	21	0	0	1	21	171140689	171140709	NA	NA
532874_1	chr1	-	21	0	0	1	21	200890615	200890595	NA	NA
532875_1	chr6	-	21	0	0	1	21	26104381	26104401	NA	NA
532876_1	chr21	-	21	0	0	1	21	9827158	9827178	NA	NA
532877_26	chr16	-	21	0	0	1	21	47538726	47538746	NA	NA
532878_1	chr17	-	21	0	0	1	21	45738525	45738545	NA	NA
532879_1	chr7	-	21	0	0	1	21	25164838	25164818	NA	NA
532880_1	chr2	-	21	0	0	1	21	21267601	21267621	NA	NA
532881_1	chrX	-	21	0	0	1	21	102631515	102631535	NA	NA
532882_1	chr11	-	21	0	0	1	21	65267908	65267928	NA	NA
532883_1	chr2	-	21	0	0	1	21	189859475	189859495	NA	NA
532884_1	chr21	-	21	0	0	1	21	9827503	9827523	NA	NA
532885_1	chr2	-	21	0	0	1	21	55489483	55489463	NA	NA
532886_1	chr14	-	21	0	0	1	21	68157882	68157862	NA	NA
532887_1	chr2	-	21	0	0	1	21	70520818	70520798	NA	NA
532888_1	chr12	-	21	0	0	1	21	76425139	76425119	NA	NA
532889_1	chr6	-	21	0	0	1	21	33176321	33176341	NA	NA
532890_1	chr8	-	21	0	0	1	21	23198655	23198635	NA	NA
532891_1	chr6	-	21	0	0	1	21	26199427	26199407	NA	NA
532892_1	chr1	-	21	0	0	1	21	45981410	45981390	NA	NA
532893_1	chr7	-	21	0	0	1	21	74119531	74119551	NA	NA
532894_1	chr14	-	21	0	0	1	21	96715500	96715480	NA	NA
532895_1	chr2	-	21	0	0	1	21	189860473	189860493	NA	NA
532896_1	chr16	-	21	0	0	1	21	3740890	3740870	NA	NA
532897_1	chr15	-	21	0	0	1	21	25321114	25321134	NA	NA
532898_2	chr17	-	21	0	0	1	21	66016074	66016054	NA	NA
532899_1	chr6	-	21	0	0	1	21	143780276	143780296	NA	NA
532900_1	chr1	-	21	0	0	1	21	182573443	182573423	NA	NA
532901_1	chr3	-	21	0	0	1	21	16306727	16306747	NA	NA
532902_1	chr1	-	21	0	0	1	21	45243395	45243415	NA	NA
532903_1	chr6	-	21	0	0	1	21	26225371	26225391	NA	NA
532904_1	chr2	-	21	0	0	1	21	96969040	96969020	NA	NA
532905_1	chr1	-	21	0	0	1	21	149859172	149859152	NA	NA
532906_1	chr5	-	21	0	0	1	21	72794516	72794536	NA	NA
532907_1	chr12	-	21	0	0	1	21	127650660	127650640	NA	NA
532908_1	chr10	-	21	0	0	1	21	132588139	132588159	NA	NA
532909_1	chrX	-	21	0	0	1	21	128703255	128703275	NA	NA
532910_1	chrM	-	21	0	0	1	21	917	937	NA	NA
532911_1	chr11	-	21	0	0	1	21	9435921	9435941	NA	NA
532912_1	chr11	-	21	0	0	1	21	3726567	3726547	NA	NA
532913_1	chr12	-	21	0	0	1	21	8866550	8866570	NA	NA
532914_1	chr10	-	21	0	0	1	21	70091949	70091969	NA	NA
532915_1	chr15	-	21	0	0	1	21	40331121	40331101	NA	NA
532916_1	chr11	-	21	0	0	1	21	66526514	66526534	NA	NA
532917_5	chr16	-	21	0	0	1	21	33963347	33963367	NA	NA
532918_1	chr12	-	21	0	0	1	21	6653231	6653211	NA	NA
532919_1	chr18	-	21	0	0	1	21	59072425	59072405	NA	NA
532920_2	chrX	-	21	0	0	1	21	9754592	9754572	NA	NA
532921_1	chr8	-	21	0	0	1	21	23807732	23807712	NA	NA
532922_1	chr16	-	21	0	0	1	21	2816720	2816740	NA	NA
532923_1	chr20	-	21	0	0	1	21	35856972	35856992	NA	NA
532924_4	chr16	-	21	0	0	1	21	33963346	33963366	NA	NA
532925_3	chr9	-	21	0	0	1	21	79186851	79186871	NA	NA
532926_1	chrX	-	21	0	0	1	21	70753088	70753108	NA	NA
532927_1	chr20	-	21	0	0	1	21	3180705	3180685	NA	NA
532928_1	chr6	-	21	0	0	1	21	30166916	30166896	NA	NA
532929_1	chr16	-	21	0	0	1	21	2011241	2011261	NA	NA
532930_1	chr12	-	21	0	0	1	21	133707257	133707277	NA	NA
532931_1	chr12	-	21	0	0	1	21	64798267	64798287	NA	NA
532932_1	chr6	-	21	0	0	1	21	31704087	31704067	NA	NA
532933_4	chrM	-	21	0	0	1	21	751	771	NA	NA
532934_1	chr8	-	21	0	0	1	21	144873475	144873455	NA	NA
532935_1	chr17	-	21	0	0	1	21	48474631	48474611	NA	NA
532936_1	chr6	-	21	0	0	1	21	27100853	27100873	NA	NA
532937_1	chr2	-	21	0	0	1	21	189929361	189929341	NA	NA
532938_1	chr17	-	21	0	0	1	21	75205448	75205468	NA	NA
532939_1	chr16	-	21	0	0	1	21	67968823	67968803	NA	NA
532940_1	chr20	-	21	0	0	1	21	47706234	47706254	NA	NA
532941_1	chr2	-	21	0	0	1	21	131813253	131813233	NA	NA
532942_1	chr2	-	21	0	0	1	21	230045515	230045495	NA	NA
532943_1	chr1	-	21	0	0	1	21	32647096	32647116	NA	NA
532944_35	chr19	-	21	0	0	1	21	24185475	24185455	NA	NA
532945_2	chr5	-	21	0	0	1	21	71146890	71146910	NA	NA
532946_1	chr2	-	21	0	0	1	21	230045507	230045487	NA	NA
532947_1	chr7	-	21	0	0	1	21	94293603	94293623	NA	NA
532948_1	chr17	-	21	0	0	1	21	1577965	1577945	NA	NA
532949_1	chr14	-	21	0	0	1	21	58927841	58927861	NA	NA
532950_1	chr7	-	21	0	0	1	21	95799386	95799366	NA	NA
532951_1	chr17	-	21	0	0	1	21	79479119	79479099	NA	NA
532952_1	chr12	-	21	0	0	1	21	2907947	2907967	NA	NA
532953_1	chr1	-	21	0	0	1	21	68153348	68153368	NA	NA
532954_1	chr2	-	21	0	0	1	21	216990681	216990701	NA	NA
532955_1	chr6	-	21	0	0	1	21	31636356	31636376	NA	NA
532956_1	chr19	-	21	0	0	1	21	2950666	2950686	NA	NA
532957_1	chr19	-	21	0	0	1	21	41074077	41074097	NA	NA
532958_1	chr6	-	21	0	0	1	21	150665237	150665257	NA	NA
532959_1	chr2	-	21	0	0	1	21	71503794	71503814	NA	NA
532960_1	chr21	-	21	0	0	1	21	9827150	9827170	NA	NA
532961_1	chr2	-	21	0	0	1	21	230045519	230045499	NA	NA
532962_1	chr20	-	21	0	0	1	21	57605398	57605378	NA	NA
532963_1	chr6	-	21	0	0	1	21	110429786	110429766	NA	NA
532964_1	chr1	-	21	0	0	1	21	86046617	86046637	NA	NA
532965_1	chr14	-	21	0	0	1	21	77228113	77228133	NA	NA
532966_1	chr6	-	21	0	0	1	21	26124457	26124477	NA	NA
532967_1	chr6	-	21	0	0	1	21	27775983	27776003	NA	NA
532968_1	chr10	-	21	0	0	1	21	17275899	17275919	NA	NA
532969_1	chr16	-	21	0	0	1	21	28844780	28844800	NA	NA
532970_1	chr9	-	21	0	0	1	21	124080940	124080960	NA	NA
532971_1	chr8	-	21	0	0	1	21	21455985	21456005	NA	NA
532972_1	chr12	-	21	0	0	1	21	56704785	56704765	NA	NA
532973_1	chr17	-	21	0	0	1	21	56160971	56160991	NA	NA
532974_1	chr5	-	21	0	0	1	21	179146729	179146749	NA	NA
532975_1	chrX	-	21	0	0	1	21	144927136	144927156	NA	NA
532976_1	chr1	-	21	0	0	1	21	10355731	10355751	NA	NA
532977_1	chr17	-	21	0	0	1	21	40807688	40807708	NA	NA
532978_1	chr1	-	21	0	0	1	21	224622170	224622190	NA	NA
532979_1	chr5	-	21	0	0	1	21	71146908	71146928	NA	NA
532980_1	chr9	-	21	0	0	1	21	119461230	119461250	NA	NA
532981_1	chr13	-	21	0	0	1	21	90013732	90013712	NA	NA
532982_1	chr18	-	21	0	0	1	21	43675063	43675043	NA	NA
532983_1	chr10	-	21	0	0	1	21	121632141	121632121	NA	NA
532984_1	chr6	-	21	0	0	1	21	41040711	41040731	NA	NA
532985_1	chr19	-	21	0	0	1	21	40953951	40953931	NA	NA
532986_1	chr19	-	21	0	0	1	21	1619815	1619795	NA	NA
532987_1	chr17	-	21	0	0	1	21	65343333	65343313	NA	NA
532988_1	chr3	-	21	0	0	1	21	122808103	122808123	NA	NA
532989_1	chr6	-	21	0	0	1	21	52133938	52133918	NA	NA
532990_1	chr16	-	21	0	0	1	21	11980701	11980681	NA	NA
532991_2	chrY	-	21	0	0	1	21	10037769	10037789	NA	NA
532992_1	chrX	-	21	0	0	1	21	131206302	131206322	NA	NA
532993_1	chr12	-	21	0	0	1	21	69229405	69229425	NA	NA
532994_1	chr11	-	21	0	0	1	21	60609782	60609802	NA	NA
532995_1	chr7	-	21	0	0	1	21	26233253	26233233	NA	NA
532996_1	chr10	-	21	0	0	1	21	7844257	7844277	NA	NA
532997_1	chr12	-	21	0	0	1	21	133402283	133402303	NA	NA
532998_1	chr7	-	21	0	0	1	21	100274356	100274376	NA	NA
532999_1	chr8	-	21	0	0	1	21	132885805	132885785	NA	NA
533000_1	chr1	-	21	0	0	1	21	166818404	166818424	NA	NA
533001_1	chr2	-	21	0	0	1	21	67632223	67632243	NA	NA
533002_1	chr18	-	21	0	0	1	21	2571632	2571652	NA	NA
533003_1	chr6	-	21	0	0	1	21	26285648	26285628	NA	NA
533004_1	chr1	-	21	0	0	1	21	150552009	150551989	NA	NA
533005_1	chr2	-	21	0	0	1	21	32733302	32733322	NA	NA
533006_1	chr3	-	21	0	0	1	21	160131261	160131281	NA	NA
533007_1	chr16	-	21	0	0	1	21	67912662	67912682	NA	NA
533008_1	chr4	-	21	0	0	1	21	156874893	156874873	NA	NA
533009_1	chr9	-	21	0	0	1	21	124091526	124091546	NA	NA
533010_1	chr17	-	21	0	0	1	21	79660704	79660724	NA	NA
533011_1	chr19	-	21	0	0	1	21	59060555	59060575	NA	NA
533012_1	chr1	-	21	0	0	1	21	1822405	1822385	NA	NA
533013_1	chrX	-	21	0	0	1	21	53430828	53430808	NA	NA
533014_1	chr1	-	21	0	0	1	21	28559463	28559443	NA	NA
533015_1	chr14	-	21	0	0	1	21	103802125	103802145	NA	NA
533016_1	chr3	-	21	0	0	1	21	160167236	160167256	NA	NA
533017_1	chr11	-	21	0	0	1	21	119185923	119185903	NA	NA
533018_1	chr12	-	21	0	0	1	21	92539542	92539522	NA	NA
533019_3	chr20	-	21	0	0	1	21	62421652	62421672	NA	NA
533020_1	chr2	-	21	0	0	1	21	232319981	232319961	NA	NA
533021_1	chr8	-	21	0	0	1	21	104384776	104384796	NA	NA
533022_1	chr17	-	21	0	0	1	21	57771196	57771216	NA	NA
533023_1	chr2	-	21	0	0	1	21	232602794	232602774	NA	NA
533024_2	chr21	-	21	0	0	1	21	9827053	9827073	NA	NA
533025_1	chr6	-	21	0	0	1	21	44121813	44121833	NA	NA
533026_1	chr11	-	21	0	0	1	21	64537791	64537771	NA	NA
533027_1	chr17	-	21	0	0	1	21	80013052	80013072	NA	NA
533028_1	chr19	-	21	0	0	1	21	1578413	1578393	NA	NA
533029_1	chr2	-	21	0	0	1	21	217525282	217525302	NA	NA
533030_1	chr2	-	21	0	0	1	21	105984146	105984126	NA	NA
533031_1	chr2	-	21	0	0	1	21	198362096	198362076	NA	NA
533032_1	chr2	-	21	0	0	1	21	55467268	55467248	NA	NA
533033_6	chr17	-	21	0	0	1	21	33478294	33478274	NA	NA
533034_8	chr2	-	21	0	0	1	21	71565816	71565796	NA	NA
533035_3	chr9	-	21	0	0	1	21	79186675	79186695	NA	NA
533036_1	chr3	-	21	0	0	1	21	128348941	128348921	NA	NA
533037_1	chr10	-	21	0	0	1	21	128593721	128593741	NA	NA
533038_1	chr8	-	21	0	0	1	21	29208125	29208105	NA	NA
533039_1	chr8	-	21	0	0	1	21	70602595	70602575	NA	NA
533040_1	chrX	-	21	0	0	1	21	99899214	99899234	NA	NA
533041_1	chr1	-	21	0	0	1	21	160260362	160260342	NA	NA
533042_1	chr7	-	21	0	0	1	21	75958991	75958971	NA	NA
533043_1	chr10	-	21	0	0	1	21	85904682	85904702	NA	NA
533044_1	chr19	-	21	0	0	1	21	19638524	19638544	NA	NA
533045_1	chr11	-	21	0	0	1	21	85195074	85195094	NA	NA
533046_1	chr8	-	21	0	0	1	21	15397926	15397946	NA	NA
533047_1	chr15	-	21	0	0	1	21	67056742	67056762	NA	NA
533048_1	chr1	-	21	0	0	1	21	40525766	40525786	NA	NA
533049_1	chr1	-	21	0	0	1	21	109486675	109486655	NA	NA
533050_1	chr16	-	21	0	0	1	21	14029108	14029128	NA	NA
533051_1	chr20	-	21	0	0	1	21	43572198	43572178	NA	NA
533052_1	chr3	-	21	0	0	1	21	113464922	113464902	NA	NA
533053_2	chr7	-	21	0	0	1	21	26240321	26240301	NA	NA
533054_1	chr18	-	21	0	0	1	21	66344177	66344157	NA	NA
533055_1	chr1	-	21	0	0	1	21	173455501	173455521	NA	NA
533056_1	chr21	-	21	0	0	1	21	9827172	9827192	NA	NA
533057_1	chr2	-	21	0	0	1	21	120438892	120438912	NA	NA
533058_2	chr5	-	21	0	0	1	21	43299034	43299014	NA	NA
533059_1	chr6	-	21	0	0	1	21	26217376	26217396	NA	NA
533060_1	chrX	-	21	0	0	1	21	47028864	47028884	NA	NA
533061_1	chr1	-	21	0	0	1	21	35658113	35658093	NA	NA
533062_1	chr17	-	21	0	0	1	21	74392269	74392249	NA	NA
533063_1	chr1	-	21	0	0	1	21	52082853	52082873	NA	NA
533064_1	chrE	-	21	0	0	1	21	1847	1867	NA	NA
533065_1	chr5	-	21	0	0	1	21	82786256	82786276	NA	NA
533066_1	chr17	-	21	0	0	1	21	80038615	80038595	NA	NA
533067_1	chr6	-	21	0	0	1	21	26157008	26157028	NA	NA
533068_1	chr5	-	21	0	0	1	21	141384603	141384583	NA	NA
533069_1	chr14	-	21	0	0	1	21	104381507	104381487	NA	NA
533070_1	chr3	-	21	0	0	1	21	47018153	47018133	NA	NA
533071_1	chr10	-	21	0	0	1	21	111878346	111878366	NA	NA
533072_1	chr5	-	21	0	0	1	21	52942086	52942106	NA	NA
533073_1	chr11	-	21	0	0	1	21	2991141	2991121	NA	NA
533074_1	chr7	-	21	0	0	1	21	42957180	42957160	NA	NA
533075_2	chr1	-	21	0	0	1	21	44482398	44482418	NA	NA
533076_1	chr6	-	21	0	0	1	21	160188191	160188211	NA	NA
533077_1	chr1	-	21	0	0	1	21	108047952	108047972	NA	NA
533078_1	chr12	-	21	0	0	1	21	51663666	51663646	NA	NA
533079_1	chr11	-	21	0	0	1	21	65480501	65480521	NA	NA
533080_1	chr4	-	21	0	0	1	21	141458659	141458679	NA	NA
533081_1	chr1	-	21	0	0	1	21	8930565	8930545	NA	NA
533082_1	chr7	-	21	0	0	1	21	94285726	94285746	NA	NA
533083_1	chr5	-	21	0	0	1	21	179044882	179044862	NA	NA
533084_55	chr17	-	21	0	0	1	21	33478295	33478275	NA	NA
533085_1	chr5	-	21	0	0	1	21	138642954	138642974	NA	NA
533086_1	chr8	-	21	0	0	1	21	48873622	48873642	NA	NA
533087_1	chr14	-	21	0	0	1	21	76662253	76662273	NA	NA
533088_1	chr17	-	21	0	0	1	21	62496810	62496790	NA	NA
533089_1	chrX	-	21	0	0	1	21	108297766	108297786	NA	NA
533090_1	chr12	-	21	0	0	1	21	98897324	98897344	NA	NA
533091_1	chr17	-	21	0	0	1	21	1577954	1577934	NA	NA
533092_1	chr9	-	21	0	0	1	21	106856918	106856938	NA	NA
533093_1	chr2	-	21	0	0	1	21	238672335	238672355	NA	NA
533094_1	chr5	-	21	0	0	1	21	64931806	64931826	NA	NA
533095_1	chr1	-	21	0	0	1	21	167691371	167691391	NA	NA
533096_1	chr17	-	21	0	0	1	21	38574405	38574385	NA	NA
533097_1	chr12	-	21	0	0	1	21	49525112	49525092	NA	NA
533098_1	chr5	-	21	0	0	1	21	122990814	122990834	NA	NA
533099_9	chr2	-	21	0	0	1	21	71565819	71565799	NA	NA
533100_1	chr11	-	21	0	0	1	21	64622271	64622251	NA	NA
533101_1	chrX	-	21	0	0	1	21	108297805	108297825	NA	NA
533102_1	chr12	-	21	0	0	1	21	89745787	89745767	NA	NA
533103_1	chr17	-	21	0	0	1	21	47696740	47696720	NA	NA
533104_1	chr3	-	21	0	0	1	21	158315930	158315950	NA	NA
533105_1	chr2	-	21	0	0	1	21	133039192	133039172	NA	NA
533106_1	chr17	-	21	0	0	1	21	65942092	65942112	NA	NA
533107_1	chr7	-	21	0	0	1	21	97841728	97841748	NA	NA
533108_1	chr14	-	21	0	0	1	21	100828168	100828148	NA	NA
533109_38	chr16	-	21	0	0	1	21	47538727	47538747	NA	NA
533110_1	chr3	-	21	0	0	1	21	105243325	105243345	NA	NA
533111_1	chr8	-	21	0	0	1	21	61429785	61429805	NA	NA
533112_1	chr8	-	21	0	0	1	21	48888380	48888400	NA	NA
533113_1	chr12	-	21	0	0	1	21	51118573	51118593	NA	NA
533114_1	chr7	-	21	0	0	1	21	127716551	127716531	NA	NA
533115_1	chrX	-	21	0	0	1	21	41379800	41379780	NA	NA
533116_1	chr12	-	21	0	0	1	21	121904449	121904469	NA	NA
533117_1	chr13	-	21	0	0	1	21	80911808	80911788	NA	NA
533118_1	chr19	-	21	0	0	1	21	2151279	2151259	NA	NA
533119_6	chr17	-	21	0	0	1	21	33478347	33478327	NA	NA
533120_1	chr11	-	21	0	0	1	21	107879774	107879794	NA	NA
533121_1	chr13	-	21	0	0	1	21	99890768	99890788	NA	NA
533122_1	chr17	-	21	0	0	1	21	19796807	19796787	NA	NA
533123_1	chr19	-	21	0	0	1	21	8520298	8520318	NA	NA
533124_1	chrX	-	21	0	0	1	21	108297729	108297749	NA	NA
533125_1	chr6	-	21	0	0	1	21	26463631	26463651	NA	NA
533126_4	chrY	-	21	0	0	1	21	10037851	10037871	NA	NA
533127_1	chr5	-	21	0	0	1	21	50081215	50081235	NA	NA
533128_2	chr17	-	21	0	0	1	21	62496811	62496791	NA	NA
533129_1	chr19	-	21	0	0	1	21	3979861	3979841	NA	NA
533130_1	chr2	-	21	0	0	1	21	120125779	120125799	NA	NA
533131_1	chr1	-	21	0	0	1	21	152119023	152119003	NA	NA
533132_1	chr2	-	21	0	0	1	21	27664431	27664451	NA	NA
533133_1	chr19	-	21	0	0	1	21	36120057	36120077	NA	NA
533134_4	chr21	-	21	0	0	1	21	9827298	9827318	NA	NA
533135_1	chr5	-	21	0	0	1	21	100238863	100238843	NA	NA
533136_1	chr15	-	21	0	0	1	21	43350582	43350562	NA	NA
533137_1	chr17	-	21	0	0	1	21	80045717	80045697	NA	NA
533138_1	chr1	-	21	0	0	1	21	10471587	10471607	NA	NA
533139_1	chr11	-	21	0	0	1	21	47198689	47198709	NA	NA
533140_2	chr16	-	21	0	0	1	21	28596999	28596979	NA	NA
533141_1	chr17	-	21	0	0	1	21	73874629	73874609	NA	NA
533142_1	chr2	-	21	0	0	1	21	71565818	71565798	NA	NA
533143_1	chr15	-	21	0	0	1	21	57178130	57178150	NA	NA
533144_1	chr10	-	21	0	0	1	21	5784181	5784201	NA	NA
533145_1	chr16	-	21	0	0	1	21	14342877	14342897	NA	NA
533146_10	chr9	-	21	0	0	1	21	79186676	79186696	NA	NA
533147_1	chr7	-	21	0	0	1	21	19738208	19738188	NA	NA
533148_1	chr6	-	21	0	0	1	21	44221291	44221311	NA	NA
533149_2	chrX	-	21	0	0	1	21	63425494	63425474	NA	NA
533150_1	chr10	-	21	0	0	1	21	101874923	101874903	NA	NA
533151_1	chr6	-	21	0	0	1	21	26271591	26271571	NA	NA
533152_1	chr2	-	21	0	0	1	21	55209746	55209726	NA	NA
533153_1	chr5	-	21	0	0	1	21	71146740	71146760	NA	NA
533154_1	chr6	-	21	0	0	1	21	85472444	85472424	NA	NA
533155_1	chr10	-	21	0	0	1	21	105677319	105677299	NA	NA
533156_1	chr9	-	21	0	0	1	21	111746710	111746690	NA	NA
533157_1	chr17	-	21	0	0	1	21	79176200	79176180	NA	NA
533158_1	chr20	-	21	0	0	1	21	2539674	2539694	NA	NA
533159_1	chr1	-	21	0	0	1	21	38059385	38059365	NA	NA
533160_13	chr21	-	21	0	0	1	21	9827300	9827320	NA	NA
533161_1	chr3	-	21	0	0	1	21	134090210	134090190	NA	NA
533162_2	chr6	-	21	0	0	1	21	26271590	26271570	NA	NA
533163_1	chr2	-	21	0	0	1	21	10262955	10262975	NA	NA
533164_1	chr20	-	21	0	0	1	21	34287562	34287582	NA	NA
533165_1	chr9	-	21	0	0	1	21	118784463	118784443	NA	NA
533166_1	chr19	-	21	0	0	1	21	507502	507522	NA	NA
533167_1	chr1	-	21	0	0	1	21	45984712	45984692	NA	NA
533168_1	chr1	-	21	0	0	1	21	152486369	152486389	NA	NA
533169_1	chr7	-	21	0	0	1	21	89982140	89982160	NA	NA
533170_1	chr7	-	21	0	0	1	21	120287798	120287778	NA	NA
533171_1	chr6	-	21	0	0	1	21	169649026	169649006	NA	NA
533172_1	chr16	-	21	0	0	1	21	89715780	89715760	NA	NA
533173_1	chr1	-	21	0	0	1	21	156647164	156647144	NA	NA
533174_1	chr1	-	21	0	0	1	21	45805971	45805991	NA	NA
533175_1	chr14	-	21	0	0	1	21	97847997	97848017	NA	NA
533176_1	chr1	-	21	0	0	1	21	160398279	160398299	NA	NA
533177_1	chr6	-	21	0	0	1	21	24830825	24830805	NA	NA
533178_2	chr6	-	21	0	0	1	21	26104268	26104288	NA	NA
533179_1	chr20	-	21	0	0	1	21	48330162	48330142	NA	NA
533180_1	chr11	-	21	0	0	1	21	125873860	125873840	NA	NA
533181_1	chr21	-	21	0	0	1	21	27425625	27425605	NA	NA
533182_1	chr1	-	21	0	0	1	21	27651959	27651979	NA	NA
533183_1	chr15	-	21	0	0	1	21	93426067	93426087	NA	NA
533184_1	chr11	-	21	0	0	1	21	4133159	4133179	NA	NA
533185_1	chr22	-	21	0	0	1	21	36697643	36697623	NA	NA
533186_1	chr2	-	21	0	0	1	21	47388988	47388968	NA	NA
533187_1	chr1	-	21	0	0	1	21	109860521	109860501	NA	NA
533188_1	chr16	-	21	0	0	1	21	68056594	68056574	NA	NA
533189_1	chr3	-	21	0	0	1	21	129034450	129034430	NA	NA
533190_1	chr4	-	21	0	0	1	21	871556	871536	NA	NA
533191_1	chr5	-	21	0	0	1	21	95114534	95114554	NA	NA
533192_1	chr6	-	21	0	0	1	21	27860849	27860829	NA	NA
533193_4	chrM	-	21	0	0	1	21	1883	1903	NA	NA
533194_19	chr12	-	21	0	0	1	21	33049884	33049904	NA	NA
533195_1	chr19	-	21	0	0	1	21	8924980	8925000	NA	NA
533196_1	chr15	-	21	0	0	1	21	57565250	57565270	NA	NA
533197_2	chr19	-	21	0	0	1	21	17858867	17858887	NA	NA
533198_1	chr7	-	21	0	0	1	21	75693676	75693696	NA	NA
533199_1	chr7	-	21	0	0	1	21	94293044	94293064	NA	NA
533200_1	chrY	-	21	0	0	1	21	10037863	10037883	NA	NA
533201_1	chr16	-	21	0	0	1	21	28900214	28900234	NA	NA
533202_1	chr19	-	21	0	0	1	21	9271194	9271214	NA	NA
533203_1	chr1	-	21	0	0	1	21	31418279	31418259	NA	NA
533204_1	chr1	-	21	0	0	1	21	19557876	19557856	NA	NA
533205_1	chr1	-	21	0	0	1	21	223939753	223939773	NA	NA
533206_4	chr2	-	21	0	0	1	21	71565820	71565800	NA	NA
533207_1	chr6	-	21	0	0	1	21	122792911	122792891	NA	NA
533208_1	chr12	-	21	0	0	1	21	46384257	46384237	NA	NA
533209_1	chr4	-	21	0	0	1	21	48608568	48608548	NA	NA
533210_4	chr5	-	21	0	0	1	21	149681999	149682019	NA	NA
533211_1	chr17	-	21	0	0	1	21	38137267	38137287	NA	NA
533212_1	chr7	-	21	0	0	1	21	94293227	94293247	NA	NA
533213_1	chr12	-	21	0	0	1	21	112237713	112237733	NA	NA
533214_1	chr1	-	21	0	0	1	21	44482397	44482417	NA	NA
533215_1	chr1	-	21	0	0	1	21	165859472	165859492	NA	NA
533216_1	chr2	-	21	0	0	1	21	70315288	70315308	NA	NA
533217_2	chr12	-	21	0	0	1	21	121904750	121904730	NA	NA
533218_2	chr2	-	21	0	0	1	21	133038794	133038774	NA	NA
533219_1	chr22	-	21	0	0	1	21	30116057	30116077	NA	NA
533220_1	chr5	-	21	0	0	1	21	176560555	176560535	NA	NA
533221_1	chr4	-	21	0	0	1	21	140299928	140299948	NA	NA
533222_1	chr1	-	21	0	0	1	21	223900365	223900385	NA	NA
533223_9	chr6	-	21	0	0	1	21	34664428	34664448	NA	NA
533224_1	chrE	-	21	0	0	1	21	2192	2212	NA	NA
533225_1	chr2	-	21	0	0	1	21	71576143	71576163	NA	NA
533226_1	chr8	-	21	0	0	1	21	78360513	78360533	NA	NA
533227_1	chr2	-	21	0	0	1	21	182346385	182346405	NA	NA
533228_1	chr11	-	21	0	0	1	21	122931955	122931935	NA	NA
533229_1	chrE	-	21	0	0	1	21	3141	3161	NA	NA
533230_1	chr2	-	21	0	0	1	21	197637738	197637718	NA	NA
533231_1	chr1	-	21	0	0	1	21	26230180	26230160	NA	NA
533232_35	chr21	-	21	0	0	1	21	9827210	9827230	NA	NA
533233_1	chr9	-	21	0	0	1	21	82335078	82335098	NA	NA
533234_1	chr9	-	21	0	0	1	21	136293913	136293893	NA	NA
533235_1	chr1	-	21	0	0	1	21	3599686	3599706	NA	NA
533236_500	chr21	-	21	0	0	1	21	9827209	9827229	NA	NA
533237_1	chr10	-	21	0	0	1	21	134563034	134563054	NA	NA
533238_1	chr20	-	21	0	0	1	21	43257779	43257759	NA	NA
533239_1	chr1	-	21	0	0	1	21	40535484	40535504	NA	NA
533240_1	chr19	-	21	0	0	1	21	11556243	11556263	NA	NA
533241_1	chr1	-	21	0	0	1	21	214822080	214822100	NA	NA
533242_1	chr7	-	21	0	0	1	21	148903807	148903827	NA	NA
533243_1	chr3	-	21	0	0	1	21	10028466	10028446	NA	NA
533244_2	chr1	-	21	0	0	1	21	35247486	35247506	NA	NA
533245_1	chr10	-	21	0	0	1	21	17272678	17272698	NA	NA
533246_1	chr10	-	21	0	0	1	21	17726868	17726888	NA	NA
533247_1	chr11	-	21	0	0	1	21	62444475	62444455	NA	NA
533248_1	chr22	-	21	0	0	1	21	28693835	28693815	NA	NA
533249_1	chr3	-	21	0	0	1	21	182583353	182583373	NA	NA
533250_1	chr11	-	21	0	0	1	21	6676938	6676918	NA	NA
533251_1	chr2	-	21	0	0	1	21	232320745	232320725	NA	NA
533252_1	chr2	-	21	0	0	1	21	189931215	189931195	NA	NA
533253_1	chr18	-	21	0	0	1	21	32321656	32321676	NA	NA
533254_1	chr9	-	21	0	0	1	21	131898842	131898862	NA	NA
533255_1	chr6	-	21	0	0	1	21	57310728	57310708	NA	NA
533256_1	chr17	-	21	0	0	1	21	16284468	16284488	NA	NA
533257_1	chr2	-	21	0	0	1	21	128903486	128903506	NA	NA
533258_1	chr11	-	21	0	0	1	21	15648447	15648427	NA	NA
533259_1	chr1	-	21	0	0	1	21	153933218	153933198	NA	NA
533260_1	chr17	-	21	0	0	1	21	80176597	80176577	NA	NA
533261_1	chr22	-	21	0	0	1	21	26062611	26062631	NA	NA
533262_1	chr21	-	21	0	0	1	21	34948786	34948806	NA	NA
533263_1	chr15	-	21	0	0	1	21	40661228	40661248	NA	NA
533264_1	chr2	-	21	0	0	1	21	98262605	98262625	NA	NA
533265_1	chr2	-	21	0	0	1	21	66014852	66014872	NA	NA
533266_1	chr7	-	21	0	0	1	21	99693488	99693468	NA	NA
533267_1	chr12	-	21	0	0	1	21	22796735	22796755	NA	NA
533268_1	chr6	-	21	0	0	1	21	27860878	27860858	NA	NA
533269_1	chr1	-	21	0	0	1	21	90180430	90180450	NA	NA
533270_1	chr1	-	21	0	0	1	21	38478456	38478476	NA	NA
533271_1	chr7	-	21	0	0	1	21	26236200	26236180	NA	NA
533272_1	chr2	-	21	0	0	1	21	220283548	220283568	NA	NA
533273_1	chr19	-	21	0	0	1	21	5917637	5917617	NA	NA
533274_3	chr17	-	21	0	0	1	21	2296344	2296364	NA	NA
533275_1	chr2	-	21	0	0	1	21	216292936	216292916	NA	NA
533276_1	chr6	-	21	0	0	1	21	114181670	114181690	NA	NA
533277_1	chr2	-	21	0	0	1	21	220089338	220089318	NA	NA
533278_1	chr5	-	21	0	0	1	21	45303919	45303939	NA	NA
533279_5	chr6	-	21	0	0	1	21	27271629	27271609	NA	NA
533280_1	chr2	-	21	0	0	1	21	74699512	74699492	NA	NA
533281_1	chr19	-	21	0	0	1	21	10262194	10262174	NA	NA
533282_1	chr2	-	21	0	0	1	21	114697615	114697635	NA	NA
533283_1	chr13	-	21	0	0	1	21	83977991	83978011	NA	NA
533284_1	chr22	-	21	0	0	1	21	22123587	22123567	NA	NA
533285_1	chr11	-	21	0	0	1	21	62559384	62559364	NA	NA
533286_1	chr17	-	21	0	0	1	21	7306709	7306689	NA	NA
533287_1	chr22	-	21	0	0	1	21	25580948	25580968	NA	NA
533288_1	chr5	-	21	0	0	1	21	130500853	130500833	NA	NA
533289_1	chr14	-	21	0	0	1	21	54996779	54996799	NA	NA
533290_1	chr2	-	21	0	0	1	21	176043081	176043061	NA	NA
533291_1	chr1	-	21	0	0	1	21	10479554	10479574	NA	NA
533292_1	chr17	-	21	0	0	1	21	19355697	19355717	NA	NA
533293_1	chr1	-	21	0	0	1	21	24376504	24376484	NA	NA
533294_1	chr21	-	21	0	0	1	21	9827173	9827193	NA	NA
533295_1	chr4	-	21	0	0	1	21	143029288	143029268	NA	NA
533296_1	chr10	-	21	0	0	1	21	25241658	25241638	NA	NA
533297_1	chr16	-	21	0	0	1	21	85838597	85838617	NA	NA
533298_4	chrX	-	21	0	0	1	21	108297807	108297827	NA	NA
533299_1	chr15	-	21	0	0	1	21	49048262	49048242	NA	NA
533300_1	chr9	-	21	0	0	1	21	100955065	100955045	NA	NA
533301_1	chr3	-	21	0	0	1	21	87602585	87602605	NA	NA
533302_1	chr6	-	21	0	0	1	21	31503167	31503147	NA	NA
533303_1	chr1	-	21	0	0	1	21	156202163	156202183	NA	NA
533304_1	chr7	-	21	0	0	1	21	27827135	27827155	NA	NA
533305_1	chr12	-	21	0	0	1	21	110897605	110897585	NA	NA
533306_1	chr5	-	21	0	0	1	21	71146748	71146768	NA	NA
533307_1	chr10	-	21	0	0	1	21	77161334	77161314	NA	NA
533308_1	chr22	-	21	0	0	1	21	24237018	24237038	NA	NA
533309_1	chr6	-	21	0	0	1	21	114267267	114267247	NA	NA
533310_1	chr16	-	21	0	0	1	21	8717843	8717863	NA	NA
533311_1	chr9	-	21	0	0	1	21	106874021	106874041	NA	NA
533312_1	chr10	-	21	0	0	1	21	127519146	127519166	NA	NA
533313_1	chr19	-	21	0	0	1	21	24184973	24184953	NA	NA
533314_1	chr22	-	21	0	0	1	21	24963960	24963980	NA	NA
533315_1	chr2	-	21	0	0	1	21	216299509	216299489	NA	NA
533316_5	chr9	-	21	0	0	1	21	79186854	79186874	NA	NA
533317_1	chr17	-	21	0	0	1	21	66039350	66039370	NA	NA
533318_1	chr6	-	21	0	0	1	21	26271608	26271588	NA	NA
533319_1	chr5	-	21	0	0	1	21	2538182	2538162	NA	NA
533320_1	chrY	-	21	0	0	1	21	10036118	10036138	NA	NA
533321_1	chr15	-	21	0	0	1	21	74744684	74744664	NA	NA
533322_1	chr17	-	21	0	0	1	21	66016075	66016055	NA	NA
533323_1	chr12	-	21	0	0	1	21	98926817	98926837	NA	NA
533324_1	chr9	-	21	0	0	1	21	19378482	19378462	NA	NA
533325_1	chr8	-	21	0	0	1	21	117875423	117875403	NA	NA
533326_1	chr1	-	21	0	0	1	21	228285101	228285121	NA	NA
533327_1	chr5	-	21	0	0	1	21	5800853	5800873	NA	NA
533328_1	chr15	-	21	0	0	1	21	89169731	89169751	NA	NA
533329_1	chr6	-	21	0	0	1	21	26043557	26043537	NA	NA
533330_1	chr3	-	21	0	0	1	21	32571809	32571789	NA	NA
533331_1	chr2	-	21	0	0	1	21	234750647	234750627	NA	NA
533332_1	chr9	-	21	0	0	1	21	22008936	22008916	NA	NA
533333_1	chr16	-	21	0	0	1	21	58148785	58148765	NA	NA
533334_1	chr2	-	21	0	0	1	21	85133155	85133175	NA	NA
533335_1	chr14	-	21	0	0	1	21	90863514	90863534	NA	NA
533336_1	chr2	-	21	0	0	1	21	209192914	209192934	NA	NA
533337_1	chr7	-	21	0	0	1	21	2279103	2279083	NA	NA
533338_1	chr7	-	21	0	0	1	21	140916761	140916781	NA	NA
533339_1	chr1	-	21	0	0	1	21	220193490	220193470	NA	NA
533340_1	chr6	-	21	0	0	1	21	26197475	26197455	NA	NA
533341_1	chr2	-	21	0	0	1	21	188332642	188332622	NA	NA
533342_1	chr17	-	21	0	0	1	21	7132766	7132746	NA	NA
533343_1	chr8	-	21	0	0	1	21	22424585	22424605	NA	NA
533344_1	chr16	-	21	0	0	1	21	72122977	72122957	NA	NA
533345_1	chr17	-	21	0	0	1	21	79801905	79801885	NA	NA
533346_1	chr12	-	21	0	0	1	21	57038703	57038683	NA	NA
533347_1	chr2	-	21	0	0	1	21	216248161	216248141	NA	NA
533348_1	chr17	-	21	0	0	1	21	67782475	67782455	NA	NA
533349_1	chr8	-	21	0	0	1	21	67971625	67971605	NA	NA
533350_1	chr7	-	21	0	0	1	21	47342914	47342894	NA	NA
533351_1	chr14	-	21	0	0	1	21	100728779	100728799	NA	NA
533352_1	chr20	-	21	0	0	1	21	32891211	32891231	NA	NA
533353_3	chr15	-	21	0	0	1	21	57178127	57178147	NA	NA
533354_1	chr6	-	21	0	0	1	21	84061808	84061788	NA	NA
533355_2	chr5	-	21	0	0	1	21	30690954	30690974	NA	NA
533356_1	chr16	-	21	0	0	1	21	68118781	68118801	NA	NA
533357_1	chr6	-	21	0	0	1	21	30692147	30692167	NA	NA
533358_5	chr17	-	21	0	0	1	21	33478346	33478326	NA	NA
533359_1	chr7	-	21	0	0	1	21	128484734	128484754	NA	NA
533360_1	chr6	-	21	0	0	1	21	111696494	111696474	NA	NA
533361_1	chr7	-	21	0	0	1	21	121773694	121773674	NA	NA
533362_1	chr5	-	21	0	0	1	21	81573668	81573648	NA	NA
533363_1	chr13	-	21	0	0	1	21	24823948	24823968	NA	NA
533364_4	chr2	-	21	0	0	1	21	189872302	189872322	NA	NA
533365_1	chr6	-	21	0	0	1	21	26199228	26199208	NA	NA
533366_1	chr8	-	21	0	0	1	21	22256727	22256747	NA	NA
533367_1	chr2	-	21	0	0	1	21	127834281	127834261	NA	NA
533368_1	chr12	-	21	0	0	1	21	104341138	104341158	NA	NA
533369_1	chr2	-	21	0	0	1	21	182396482	182396502	NA	NA
533370_1	chr3	-	21	0	0	1	21	178866351	178866371	NA	NA
533371_1	chr10	-	21	0	0	1	21	129216659	129216679	NA	NA
533372_1	chr10	-	21	0	0	1	21	131334540	131334560	NA	NA
533373_1	chr7	-	21	0	0	1	21	99091451	99091431	NA	NA
533374_1	chr11	-	21	0	0	1	21	8739315	8739295	NA	NA
533375_1	chr5	-	21	0	0	1	21	107006861	107006841	NA	NA
533376_1	chr3	-	21	0	0	1	21	121554203	121554223	NA	NA
533377_1	chr1	-	21	0	0	1	21	31840302	31840282	NA	NA
533378_1	chr22	-	21	0	0	1	21	50678708	50678688	NA	NA
533379_1	chr2	-	21	0	0	1	21	84676835	84676815	NA	NA
533380_1	chr6	-	21	0	0	1	21	152534875	152534855	NA	NA
533381_1	chr20	-	21	0	0	1	21	35838509	35838529	NA	NA
533382_1	chr14	-	21	0	0	1	21	90341507	90341487	NA	NA
533383_1	chr11	-	21	0	0	1	21	47469522	47469502	NA	NA
533384_1	chr20	-	21	0	0	1	21	57485806	57485826	NA	NA
533385_1	chrM	-	21	0	0	1	21	6227	6247	NA	NA
533386_1	chr10	-	21	0	0	1	21	12288212	12288232	NA	NA
533387_1	chr19	-	21	0	0	1	21	4055227	4055207	NA	NA
533388_2	chr21	-	21	0	0	1	21	27228123	27228143	NA	NA
533389_1	chr21	-	21	0	0	1	21	43373759	43373779	NA	NA
533390_1	chr22	-	21	0	0	1	21	38266247	38266267	NA	NA
533391_1	chr11	-	21	0	0	1	21	44117283	44117303	NA	NA
533392_1	chrX	-	21	0	0	1	21	153195586	153195566	NA	NA
533393_1	chrY	-	21	0	0	1	21	10035893	10035913	NA	NA
533394_1	chr6	-	21	0	0	1	21	26197282	26197262	NA	NA
533395_1	chrX	-	21	0	0	1	21	108297572	108297592	NA	NA
533396_1	chr17	-	21	0	0	1	21	74097910	74097890	NA	NA
533397_1	chr6	-	21	0	0	1	21	44219288	44219308	NA	NA
533398_1	chr1	-	21	0	0	1	21	186296714	186296694	NA	NA
533399_5	chr17	-	21	0	0	1	21	33478331	33478311	NA	NA
533400_1	chr1	-	21	0	0	1	21	89319006	89318986	NA	NA
533401_1	chr10	-	21	0	0	1	21	127512128	127512148	NA	NA
533402_1	chr16	-	21	0	0	1	21	33965663	33965683	NA	NA
533403_1	chr3	-	21	0	0	1	21	9974570	9974590	NA	NA
533404_1	chr2	-	21	0	0	1	21	110372280	110372300	NA	NA
533405_1	chr15	-	21	0	0	1	21	75688771	75688751	NA	NA
533406_56	chr12	-	21	0	0	1	21	127650518	127650498	NA	NA
533407_1	chr8	-	21	0	0	1	21	144904019	144903999	NA	NA
# blasting completed