414088_12	chrY	-	20	0	0	1	20	10037852	10037871	NA	NA
414089_1	chr2	-	20	0	0	1	20	152423859	152423840	NA	NA
414090_1	chr3	-	20	0	0	1	20	62189539	62189558	NA	NA
414091_1	chr14	-	20	0	0	1	20	102549461	102549442	NA	NA
414092_1	chr7	-	20	0	0	1	20	43335149	43335130	NA	NA
414093_1	chr20	-	20	0	0	1	20	35545160	35545141	NA	NA
414094_2	chr21	-	20	0	0	1	20	9827298	9827317	NA	NA
414095_1	chr3	-	20	0	0	1	20	134387420	134387439	NA	NA
414096_1	chr7	-	20	0	0	1	20	99751549	99751568	NA	NA
414097_13	chr16	-	20	0	0	1	20	47538727	47538746	NA	NA
414098_1	chr19	-	20	0	0	1	20	17622672	17622691	NA	NA
414099_1	chr2	-	20	0	0	1	20	232329097	232329078	NA	NA
414100_2	chr17	-	20	0	0	1	20	79847106	79847087	NA	NA
414101_1	chr16	-	20	0	0	1	20	8952314	8952295	NA	NA
414102_1	chr1	-	20	0	0	1	20	5948571	5948552	NA	NA
414103_1	chr21	-	20	0	0	1	20	9827415	9827434	NA	NA
414104_1	chr2	-	20	0	0	1	20	230045521	230045502	NA	NA
414105_1	chr21	-	20	0	0	1	20	9827148	9827167	NA	NA
414106_1	chr8	-	20	0	0	1	20	11710189	11710170	NA	NA
414107_1	chr20	-	20	0	0	1	20	34328441	34328422	NA	NA
414108_1	chr16	-	20	0	0	1	20	85715227	85715208	NA	NA
414109_1	chr6	-	20	0	0	1	20	27236010	27236029	NA	NA
414110_2	chr19	-	20	0	0	1	20	48894697	48894678	NA	NA
414111_1	chr20	-	20	0	0	1	20	34287576	34287595	NA	NA
414112_1	chr17	-	20	0	0	1	20	71205822	71205803	NA	NA
414113_1	chr19	-	20	0	0	1	20	24185496	24185477	NA	NA
414114_1	chr17	-	20	0	0	1	20	79096458	79096439	NA	NA
414115_1	chr21	-	20	0	0	1	20	38064307	38064326	NA	NA
414116_1	chr20	-	20	0	0	1	20	60697735	60697754	NA	NA
414117_1	chr17	-	20	0	0	1	20	33478269	33478250	NA	NA
414118_1	chr16	-	20	0	0	1	20	56485102	56485083	NA	NA
414119_1	chr4	-	20	0	0	1	20	6411149	6411130	NA	NA
414120_1	chr9	-	20	0	0	1	20	131898773	131898792	NA	NA
414121_1	chr2	-	20	0	0	1	20	85133563	85133582	NA	NA
414122_1	chr12	-	20	0	0	1	20	50570892	50570873	NA	NA
414123_1	chr2	-	20	0	0	1	20	233103306	233103325	NA	NA
414124_1	chr17	-	20	0	0	1	20	45748112	45748131	NA	NA
414125_1	chr2	-	20	0	0	1	20	216479867	216479886	NA	NA
414126_25	chr5	-	20	0	0	1	20	488387	488406	NA	NA
414127_1	chr1	-	20	0	0	1	20	46598410	46598391	NA	NA
414128_1	chr16	-	20	0	0	1	20	47538730	47538749	NA	NA
414129_1	chr17	-	20	0	0	1	20	37009342	37009323	NA	NA
414130_1	chr3	-	20	0	0	1	20	120315284	120315303	NA	NA
414131_1	chr17	-	20	0	0	1	20	61869812	61869831	NA	NA
414132_1	chr20	-	20	0	0	1	20	11903504	11903523	NA	NA
414133_1	chr7	-	20	0	0	1	20	65579866	65579885	NA	NA
414134_1	chr1	-	20	0	0	1	20	59142679	59142660	NA	NA
414135_1	chr2	-	20	0	0	1	20	24306001	24305982	NA	NA
414136_1	chr2	-	20	0	0	1	20	133012964	133012945	NA	NA
414137_1	chr5	-	20	0	0	1	20	5422865	5422884	NA	NA
414138_1	chr6	-	20	0	0	1	20	86203641	86203660	NA	NA
414139_1	chr1	-	20	0	0	1	20	1447661	1447680	NA	NA
414140_1	chr14	-	20	0	0	1	20	67850086	67850105	NA	NA
414141_1	chr16	-	20	0	0	1	20	781664	781645	NA	NA
414142_1	chr7	-	20	0	0	1	20	100303848	100303867	NA	NA
414143_1	chr7	-	20	0	0	1	20	6655434	6655415	NA	NA
414144_1	chr16	-	20	0	0	1	20	74502912	74502893	NA	NA
414145_1	chr2	-	20	0	0	1	20	85133179	85133198	NA	NA
414146_1	chr5	-	20	0	0	1	20	176560554	176560535	NA	NA
414147_1	chr2	-	20	0	0	1	20	98392456	98392437	NA	NA
414148_1	chr9	-	20	0	0	1	20	139740756	139740775	NA	NA
414149_1	chr2	-	20	0	0	1	20	216284066	216284047	NA	NA
414150_1	chrX	-	20	0	0	1	20	100884324	100884343	NA	NA
414151_1	chr17	-	20	0	0	1	20	72368140	72368159	NA	NA
414152_1	chr7	-	20	0	0	1	20	83113520	83113539	NA	NA
414153_25	chrX	-	20	0	0	1	20	108297809	108297828	NA	NA
414154_1	chr7	-	20	0	0	1	20	90225899	90225918	NA	NA
414155_1	chr6	-	20	0	0	1	20	52441703	52441684	NA	NA
414156_1	chr19	-	20	0	0	1	20	56165875	56165894	NA	NA
414157_1	chr1	-	20	0	0	1	20	33815318	33815299	NA	NA
414158_1	chr16	-	20	0	0	1	20	66780875	66780894	NA	NA
414159_1	chr6	-	20	0	0	1	20	26124404	26124423	NA	NA
414160_1	chr2	-	20	0	0	1	20	96874361	96874342	NA	NA
414161_1	chr6	-	20	0	0	1	20	43738504	43738523	NA	NA
414162_1	chr20	-	20	0	0	1	20	34288714	34288733	NA	NA
414163_1	chr11	-	20	0	0	1	20	16760345	16760364	NA	NA
414164_1	chrX	-	20	0	0	1	20	38664212	38664231	NA	NA
414165_1	chr13	-	20	0	0	1	20	98645239	98645258	NA	NA
414166_1	chr1	-	20	0	0	1	20	46049814	46049833	NA	NA
414167_1	chr7	-	20	0	0	1	20	100485105	100485124	NA	NA
414168_1	chr2	-	20	0	0	1	20	172411123	172411142	NA	NA
414169_1	chr17	-	20	0	0	1	20	33478293	33478274	NA	NA
414170_1	chr9	-	20	0	0	1	20	36258335	36258354	NA	NA
414171_18	chr2	-	20	0	0	1	20	230045520	230045501	NA	NA
414172_1	chr6	-	20	0	0	1	20	26045644	26045663	NA	NA
414173_1	chrM	-	20	0	0	1	20	2520	2539	NA	NA
414174_1	chr16	-	20	0	0	1	20	3221021	3221002	NA	NA
414175_1	chr19	-	20	0	0	1	20	50270405	50270424	NA	NA
414176_1	chr15	-	20	0	0	1	20	43817048	43817067	NA	NA
414177_1	chr5	-	20	0	0	1	20	137906672	137906653	NA	NA
414178_1	chr8	-	20	0	0	1	20	56755052	56755033	NA	NA
414179_1	chr1	-	20	0	0	1	20	150991125	150991144	NA	NA
414180_1	chr9	-	20	0	0	1	20	113018731	113018712	NA	NA
414181_1	chr3	-	20	0	0	1	20	153994617	153994598	NA	NA
414182_1	chr7	-	20	0	0	1	20	140402784	140402803	NA	NA
414183_4	chr12	-	20	0	0	1	20	127650656	127650637	NA	NA
414184_1	chr16	-	20	0	0	1	20	30712075	30712094	NA	NA
414185_1	chr2	-	20	0	0	1	20	48033653	48033672	NA	NA
414186_1	chr1	-	20	0	0	1	20	22967396	22967377	NA	NA
414187_1	chr6	-	20	0	0	1	20	27100522	27100503	NA	NA
414188_1	chr12	-	20	0	0	1	20	127650660	127650641	NA	NA
414189_1	chr15	-	20	0	0	1	20	64455171	64455152	NA	NA
414190_1	chr12	-	20	0	0	1	20	131357145	131357164	NA	NA
414191_13	chrX	-	20	0	0	1	20	108297807	108297826	NA	NA
414192_1	chr17	-	20	0	0	1	20	44849201	44849182	NA	NA
414193_1	chr11	-	20	0	0	1	20	65826454	65826473	NA	NA
414194_1	chr12	-	20	0	0	1	20	127650551	127650532	NA	NA
414195_1	chr1	-	20	0	0	1	20	159890276	159890257	NA	NA
414196_1	chr4	-	20	0	0	1	20	30725651	30725670	NA	NA
414197_1	chr20	-	20	0	0	1	20	60962391	60962410	NA	NA
414198_1	chr7	-	20	0	0	1	20	148396100	148396119	NA	NA
414199_2	chr20	-	20	0	0	1	20	48329696	48329677	NA	NA
414200_1	chr8	-	20	0	0	1	20	20072383	20072402	NA	NA
414201_1	chr6	-	20	0	0	1	20	26021978	26021997	NA	NA
414202_1	chr11	-	20	0	0	1	20	71716379	71716360	NA	NA
414203_1	chr2	-	20	0	0	1	20	98458302	98458283	NA	NA
414204_1	chr17	-	20	0	0	1	20	61833901	61833882	NA	NA
414205_1	chr14	-	20	0	0	1	20	102661335	102661354	NA	NA
414206_1	chr21	-	20	0	0	1	20	9827500	9827519	NA	NA
414207_1	chr1	-	20	0	0	1	20	108113098	108113079	NA	NA
414208_1	chr1	-	20	0	0	1	20	200992773	200992754	NA	NA
414209_1	chr17	-	20	0	0	1	20	43303037	43303056	NA	NA
414210_1	chr11	-	20	0	0	1	20	119692992	119692973	NA	NA
414211_1	chr22	-	20	0	0	1	20	24129430	24129449	NA	NA
414212_1	chr1	-	20	0	0	1	20	108742706	108742687	NA	NA
414213_1	chr14	-	20	0	0	1	20	90083510	90083491	NA	NA
414214_1	chr18	-	20	0	0	1	20	662200	662219	NA	NA
414215_1	chr19	-	20	0	0	1	20	18690564	18690583	NA	NA
414216_1	chrX	-	20	0	0	1	20	47426481	47426500	NA	NA
414217_1	chr19	-	20	0	0	1	20	10795127	10795146	NA	NA
414218_1	chr21	-	20	0	0	1	20	47545188	47545207	NA	NA
414219_1	chr20	-	20	0	0	1	20	46912464	46912445	NA	NA
414220_1	chr4	-	20	0	0	1	20	135966927	135966946	NA	NA
414221_1	chr12	-	20	0	0	1	20	127650657	127650638	NA	NA
414222_1	chr7	-	20	0	0	1	20	154586097	154586116	NA	NA
414223_1	chr17	-	20	0	0	1	20	46687927	46687908	NA	NA
414224_1	chr4	-	20	0	0	1	20	103790250	103790269	NA	NA
414225_1	chr21	-	20	0	0	1	20	47546046	47546065	NA	NA
414226_1	chr2	-	20	0	0	1	20	128631590	128631571	NA	NA
414227_1	chr1	-	20	0	0	1	20	245026023	245026004	NA	NA
414228_1	chr2	-	20	0	0	1	20	32145908	32145889	NA	NA
414229_4	chr8	-	20	0	0	1	20	21771090	21771109	NA	NA
414230_1	chr22	-	20	0	0	1	20	45912269	45912288	NA	NA
414231_1	chr19	-	20	0	0	1	20	55648582	55648563	NA	NA
414232_1	chrM	-	20	0	0	1	20	12880	12899	NA	NA
414233_1	chr16	-	20	0	0	1	20	30913514	30913533	NA	NA
414234_1	chr1	-	20	0	0	1	20	54417877	54417896	NA	NA
414235_1	chr11	-	20	0	0	1	20	61079550	61079531	NA	NA
414236_2	chr1	-	20	0	0	1	20	35247487	35247506	NA	NA
414237_1	chr1	-	20	0	0	1	20	91486580	91486561	NA	NA
414238_1	chr1	-	20	0	0	1	20	44440657	44440676	NA	NA
414239_1	chr19	-	20	0	0	1	20	59059217	59059236	NA	NA
414240_1	chr10	-	20	0	0	1	20	17279246	17279265	NA	NA
414241_1	chr3	-	20	0	0	1	20	128846551	128846532	NA	NA
414242_1	chr22	-	20	0	0	1	20	41751559	41751540	NA	NA
414243_4	chr16	-	20	0	0	1	20	33963340	33963359	NA	NA
414244_1	chr6	-	20	0	0	1	20	27114580	27114561	NA	NA
414245_1	chr1	-	20	0	0	1	20	29474995	29474976	NA	NA
414246_1	chr1	-	20	0	0	1	20	151373732	151373751	NA	NA
414247_1	chr2	-	20	0	0	1	20	230045522	230045503	NA	NA
414248_1	chr14	-	20	0	0	1	20	20811296	20811277	NA	NA
414249_1	chr12	-	20	0	0	1	20	34372647	34372628	NA	NA
414250_1	chr17	-	20	0	0	1	20	79682023	79682042	NA	NA
414251_1	chr19	-	20	0	0	1	20	41903159	41903140	NA	NA
414252_2	chr16	-	20	0	0	1	20	67926935	67926954	NA	NA
414253_1	chr18	-	20	0	0	1	20	55274737	55274718	NA	NA
414254_1	chr5	-	20	0	0	1	20	102201530	102201549	NA	NA
414255_3	chr12	-	20	0	0	1	20	114241619	114241638	NA	NA
414256_1	chrE	-	20	0	0	1	20	4949	4968	NA	NA
414257_1	chr12	-	20	0	0	1	20	57849428	57849447	NA	NA
414258_2	chr9	-	20	0	0	1	20	111754705	111754686	NA	NA
414259_1	chr7	-	20	0	0	1	20	26236457	26236438	NA	NA
414260_1	chr1	-	20	0	0	1	20	47737906	47737887	NA	NA
414261_51	chr16	-	20	0	0	1	20	33963347	33963366	NA	NA
414262_1	chr9	-	20	0	0	1	20	132627612	132627631	NA	NA
414263_1	chr1	-	20	0	0	1	20	228555835	228555816	NA	NA
414264_1	chr2	-	20	0	0	1	20	55277425	55277406	NA	NA
414265_1	chr17	-	20	0	0	1	20	76384509	76384528	NA	NA
414266_1	chr5	-	20	0	0	1	20	108713943	108713924	NA	NA
414267_1	chr10	-	20	0	0	1	20	120833334	120833315	NA	NA
414268_1	chrX	-	20	0	0	1	20	94755003	94755022	NA	NA
414269_1	chr1	-	20	0	0	1	20	27895053	27895072	NA	NA
414270_1	chr9	-	20	0	0	1	20	130829559	130829540	NA	NA
414271_1	chr6	-	20	0	0	1	20	26285482	26285463	NA	NA
414272_1	chr12	-	20	0	0	1	20	127650654	127650635	NA	NA
414273_1	chr10	-	20	0	0	1	20	29822017	29821998	NA	NA
414274_1	chr6	-	20	0	0	1	20	26056571	26056552	NA	NA
414275_4	chr16	-	20	0	0	1	20	33963346	33963365	NA	NA
414276_1	chr16	-	20	0	0	1	20	89598885	89598904	NA	NA
414277_1	chr6	-	20	0	0	1	20	26216659	26216640	NA	NA
414278_1	chr17	-	20	0	0	1	20	59300391	59300372	NA	NA
414279_3	chr9	-	20	0	0	1	20	79186851	79186870	NA	NA
414280_1	chr19	-	20	0	0	1	20	3983143	3983124	NA	NA
414281_1	chr17	-	20	0	0	1	20	79804323	79804304	NA	NA
414282_9	chr12	-	20	0	0	1	20	127650517	127650498	NA	NA
414283_1	chr7	-	20	0	0	1	20	42972007	42972026	NA	NA
414284_1	chr2	-	20	0	0	1	20	128284262	128284243	NA	NA
414285_1	chr15	-	20	0	0	1	20	64448985	64448966	NA	NA
414286_1	chr1	-	20	0	0	1	20	235505732	235505751	NA	NA
414287_1	chr3	-	20	0	0	1	20	120123745	120123726	NA	NA
414288_4	chr2	-	20	0	0	1	20	133012335	133012316	NA	NA
414289_1	chr10	-	20	0	0	1	20	17271497	17271516	NA	NA
414290_24	chr2	-	20	0	0	1	20	71565815	71565796	NA	NA
414291_2	chr14	-	20	0	0	1	20	77492545	77492526	NA	NA
414292_1	chr2	-	20	0	0	1	20	230045517	230045498	NA	NA
414293_1	chr6	-	20	0	0	1	20	26157059	26157078	NA	NA
414294_1	chr3	-	20	0	0	1	20	100020985	100021004	NA	NA
414295_1	chr7	-	20	0	0	1	20	94294701	94294720	NA	NA
414296_1	chr6	-	20	0	0	1	20	44219515	44219534	NA	NA
414297_1	chr21	-	20	0	0	1	20	29828410	29828391	NA	NA
414298_1	chr19	-	20	0	0	1	20	6042130	6042111	NA	NA
414299_1	chr18	-	20	0	0	1	20	21047414	21047433	NA	NA
414300_1	chr9	-	20	0	0	1	20	35697801	35697782	NA	NA
414301_1	chr21	-	20	0	0	1	20	9827157	9827176	NA	NA
414302_1	chr1	-	20	0	0	1	20	149858192	149858173	NA	NA
414303_1	chr1	-	20	0	0	1	20	26228007	26227988	NA	NA
414304_1	chr8	-	20	0	0	1	20	91992629	91992610	NA	NA
414305_1	chr11	-	20	0	0	1	20	85195212	85195231	NA	NA
414306_1	chr1	-	20	0	0	1	20	45478582	45478601	NA	NA
414307_1	chr8	-	20	0	0	1	20	144102772	144102791	NA	NA
414308_1	chr19	-	20	0	0	1	20	39867130	39867149	NA	NA
414309_3	chr19	-	20	0	0	1	20	24185475	24185456	NA	NA
414310_1	chr17	-	20	0	0	1	20	37025560	37025541	NA	NA
414311_1	chr1	-	20	0	0	1	20	91852896	91852877	NA	NA
414312_1	chr19	-	20	0	0	1	20	810809	810828	NA	NA
414313_1	chr13	-	20	0	0	1	20	47367557	47367538	NA	NA
414314_1	chr7	-	20	0	0	1	20	136374769	136374788	NA	NA
414315_2	chr16	-	20	0	0	1	20	33965559	33965578	NA	NA
414316_1	chr16	-	20	0	0	1	20	2025914	2025933	NA	NA
414317_1	chr1	-	20	0	0	1	20	161144994	161144975	NA	NA
414318_1	chr3	-	20	0	0	1	20	48229808	48229789	NA	NA
414319_1	chr8	-	20	0	0	1	20	1946020	1946039	NA	NA
414320_1	chr7	-	20	0	0	1	20	75932323	75932342	NA	NA
414321_1	chr19	-	20	0	0	1	20	50361826	50361845	NA	NA
414322_1	chr20	-	20	0	0	1	20	5919245	5919226	NA	NA
414323_1	chr17	-	20	0	0	1	20	79988525	79988544	NA	NA
414324_1	chr7	-	20	0	0	1	20	75684144	75684163	NA	NA
414325_1	chr22	-	20	0	0	1	20	43312542	43312561	NA	NA
414326_1	chr5	-	20	0	0	1	20	176778277	176778258	NA	NA
414327_1	chr19	-	20	0	0	1	20	50139981	50139962	NA	NA
414328_1	chr17	-	20	0	0	1	20	40170511	40170492	NA	NA
414329_6	chr2	-	20	0	0	1	20	230045519	230045500	NA	NA
414330_1	chrY	-	20	0	0	1	20	10037862	10037881	NA	NA
414331_1	chr21	-	20	0	0	1	20	33266186	33266205	NA	NA
414332_1	chr5	-	20	0	0	1	20	77081504	77081523	NA	NA
414333_1	chr5	-	20	0	0	1	20	71146889	71146908	NA	NA
414334_1	chr18	-	20	0	0	1	20	77772856	77772875	NA	NA
414335_1	chrX	-	20	0	0	1	20	9754590	9754571	NA	NA
414336_1	chr21	-	20	0	0	1	20	9827013	9827032	NA	NA
414337_4	chrX	-	20	0	0	1	20	108297811	108297830	NA	NA
414338_1	chr5	-	20	0	0	1	20	71146893	71146912	NA	NA
414339_1	chr7	-	20	0	0	1	20	75686742	75686761	NA	NA
414340_1	chr22	-	20	0	0	1	20	31533967	31533948	NA	NA
414341_1	chr11	-	20	0	0	1	20	32615445	32615464	NA	NA
414342_1	chr2	-	20	0	0	1	20	85132812	85132831	NA	NA
414343_1	chr2	-	20	0	0	1	20	43451471	43451452	NA	NA
414344_1	chr12	-	20	0	0	1	20	57037242	57037223	NA	NA
414345_1	chr1	-	20	0	0	1	20	174992495	174992476	NA	NA
414346_1	chr19	-	20	0	0	1	20	38655380	38655399	NA	NA
414347_1	chr21	-	20	0	0	1	20	9827012	9827031	NA	NA
414348_26	chr17	-	20	0	0	1	20	33478294	33478275	NA	NA
414349_1	chr2	-	20	0	0	1	20	133308387	133308368	NA	NA
414350_1	chr2	-	20	0	0	1	20	2496827	2496808	NA	NA
414351_29	chr8	-	20	0	0	1	20	21455985	21456004	NA	NA
414352_1	chr6	-	20	0	0	1	20	26156691	26156710	NA	NA
414353_3	chr16	-	20	0	0	1	20	33963344	33963363	NA	NA
414354_1	chr7	-	20	0	0	1	20	98985703	98985722	NA	NA
414355_2	chr12	-	20	0	0	1	20	30823968	30823949	NA	NA
414356_1	chr1	-	20	0	0	1	20	87170337	87170356	NA	NA
414357_1	chr3	-	20	0	0	1	20	48594189	48594170	NA	NA
414358_1	chr2	-	20	0	0	1	20	71565816	71565797	NA	NA
414359_1	chr8	-	20	0	0	1	20	11627783	11627802	NA	NA
414360_1	chrY	-	20	0	0	1	20	10035222	10035241	NA	NA
414361_25	chr11	-	20	0	0	1	20	78369102	78369121	NA	NA
414362_1	chr9	-	20	0	0	1	20	100431871	100431890	NA	NA
414363_1	chr2	-	20	0	0	1	20	133012861	133012842	NA	NA
414364_1	chr1	-	20	0	0	1	20	173833361	173833342	NA	NA
414365_1	chr2	-	20	0	0	1	20	176032837	176032818	NA	NA
414366_1	chr7	-	20	0	0	1	20	94294820	94294839	NA	NA
414367_1	chr10	-	20	0	0	1	20	88471123	88471104	NA	NA
414368_1	chr8	-	20	0	0	1	20	49178171	49178152	NA	NA
414369_1	chr1	-	20	0	0	1	20	206877591	206877610	NA	NA
414370_1	chr3	-	20	0	0	1	20	160472583	160472564	NA	NA
414371_2	chr1	-	20	0	0	1	20	17303268	17303249	NA	NA
414372_1	chr19	-	20	0	0	1	20	47112124	47112143	NA	NA
414373_1	chr9	-	20	0	0	1	20	139612121	139612140	NA	NA
414374_1	chr22	-	20	0	0	1	20	31807022	31807041	NA	NA
414375_1	chr7	-	20	0	0	1	20	73097973	73097992	NA	NA
414376_1	chr1	-	20	0	0	1	20	155145099	155145080	NA	NA
414377_1	chr6	-	20	0	0	1	20	26104359	26104378	NA	NA
414378_1	chr1	-	20	0	0	1	20	47776000	47775981	NA	NA
414379_2	chr16	-	20	0	0	1	20	33963348	33963367	NA	NA
414380_1	chr1	-	20	0	0	1	20	62914277	62914296	NA	NA
414381_19	chr19	-	20	0	0	1	20	24185474	24185455	NA	NA
414382_1	chr19	-	20	0	0	1	20	4793873	4793892	NA	NA
414383_1	chr15	-	20	0	0	1	20	102190301	102190282	NA	NA
414384_1	chr15	-	20	0	0	1	20	69076792	69076773	NA	NA
414385_1	chr1	-	20	0	0	1	20	150483386	150483405	NA	NA
414386_1	chr21	-	20	0	0	1	20	9827278	9827297	NA	NA
414387_1	chr15	-	20	0	0	1	20	67056743	67056762	NA	NA
414388_1	chr6	-	20	0	0	1	20	28911480	28911461	NA	NA
414389_1	chr19	-	20	0	0	1	20	41186902	41186883	NA	NA
414390_1	chr10	-	20	0	0	1	20	17686324	17686343	NA	NA
414391_1	chr11	-	20	0	0	1	20	14540561	14540542	NA	NA
414392_1	chr3	-	20	0	0	1	20	131441420	131441401	NA	NA
414393_1	chr2	-	20	0	0	1	20	219528867	219528848	NA	NA
414394_1	chr4	-	20	0	0	1	20	56915306	56915325	NA	NA
414395_1	chr19	-	20	0	0	1	20	47109545	47109526	NA	NA
414396_1	chrX	-	20	0	0	1	20	108297771	108297790	NA	NA
414397_4	chr5	-	20	0	0	1	20	71146911	71146930	NA	NA
414398_1	chr3	-	20	0	0	1	20	50383174	50383155	NA	NA
414399_1	chr11	-	20	0	0	1	20	85195253	85195272	NA	NA
414400_1	chr15	-	20	0	0	1	20	40661829	40661810	NA	NA
414401_1	chr10	-	20	0	0	1	20	27434494	27434475	NA	NA
414402_2	chr18	-	20	0	0	1	20	71621025	71621044	NA	NA
414403_1	chr3	-	20	0	0	1	20	169890429	169890410	NA	NA
414404_1	chr8	-	20	0	0	1	20	22064467	22064486	NA	NA
414405_1	chr19	-	20	0	0	1	20	47773667	47773686	NA	NA
414406_1	chr7	-	20	0	0	1	20	75958990	75958971	NA	NA
414407_1	chr10	-	20	0	0	1	20	11308580	11308599	NA	NA
414408_1	chr18	-	20	0	0	1	20	78005309	78005290	NA	NA
414409_1	chr1	-	20	0	0	1	20	113201646	113201665	NA	NA
414410_1	chr2	-	20	0	0	1	20	86406587	86406568	NA	NA
414411_1	chr2	-	20	0	0	1	20	48025813	48025832	NA	NA
414412_1	chr6	-	20	0	0	1	20	13622680	13622661	NA	NA
414413_6	chr19	-	20	0	0	1	20	24185250	24185231	NA	NA
414414_1	chr1	-	20	0	0	1	20	40756562	40756581	NA	NA
414415_1	chr5	-	20	0	0	1	20	612495	612514	NA	NA
414416_1	chr21	-	20	0	0	1	20	28212788	28212769	NA	NA
414417_1	chr19	-	20	0	0	1	20	58904513	58904532	NA	NA
414418_1	chr6	-	20	0	0	1	20	26021972	26021991	NA	NA
414419_1	chr16	-	20	0	0	1	20	28596999	28596980	NA	NA
414420_1	chr19	-	20	0	0	1	20	24185249	24185230	NA	NA
414421_1	chr20	-	20	0	0	1	20	22924822	22924841	NA	NA
414422_1	chr21	-	20	0	0	1	20	9827053	9827072	NA	NA
414423_2	chr21	-	20	0	0	1	20	9827205	9827224	NA	NA
414424_1	chr1	-	20	0	0	1	20	149858183	149858164	NA	NA
414425_1	chr8	-	20	0	0	1	20	29924383	29924364	NA	NA
414426_1	chr4	-	20	0	0	1	20	187628394	187628375	NA	NA
414427_1	chr14	-	20	0	0	1	20	77678284	77678303	NA	NA
414428_1	chr8	-	20	0	0	1	20	98288926	98288907	NA	NA
414429_1	chr2	-	20	0	0	1	20	170374787	170374806	NA	NA
414430_1	chr16	-	20	0	0	1	20	88458925	88458906	NA	NA
414431_1	chr19	-	20	0	0	1	20	34857292	34857311	NA	NA
414432_1	chr6	-	20	0	0	1	20	26217379	26217398	NA	NA
414433_1	chr8	-	20	0	0	1	20	50115483	50115502	NA	NA
414434_1	chr4	-	20	0	0	1	20	25157721	25157702	NA	NA
414435_1	chr16	-	20	0	0	1	20	2564104	2564123	NA	NA
414436_1	chr12	-	20	0	0	1	20	110783873	110783892	NA	NA
414437_1	chr12	-	20	0	0	1	20	2162981	2162962	NA	NA
414438_1	chr1	-	20	0	0	1	20	152921731	152921750	NA	NA
414439_1	chr17	-	20	0	0	1	20	80041194	80041175	NA	NA
414440_5	chr9	-	20	0	0	1	20	133962952	133962933	NA	NA
414441_1	chr20	-	20	0	0	1	20	62560757	62560776	NA	NA
414442_1	chr9	-	20	0	0	1	20	96305550	96305569	NA	NA
414443_2	chr11	-	20	0	0	1	20	82905087	82905068	NA	NA
414444_1	chr2	-	20	0	0	1	20	216273129	216273110	NA	NA
414445_1	chr19	-	20	0	0	1	20	24185984	24185965	NA	NA
414446_1	chr7	-	20	0	0	1	20	99698958	99698939	NA	NA
414447_1	chr4	-	20	0	0	1	20	1698006	1697987	NA	NA
414448_1	chr19	-	20	0	0	1	20	49983711	49983730	NA	NA
414449_1	chr10	-	20	0	0	1	20	104141941	104141960	NA	NA
414450_1	chr19	-	20	0	0	1	20	10257128	10257109	NA	NA
414451_1	chr2	-	20	0	0	1	20	193218345	193218326	NA	NA
414452_1	chr10	-	20	0	0	1	20	24762561	24762580	NA	NA
414453_1	chr16	-	20	0	0	1	20	49599353	49599372	NA	NA
414454_1	chr13	-	20	0	0	1	20	50070138	50070157	NA	NA
414455_1	chr4	-	20	0	0	1	20	83350458	83350439	NA	NA
414456_1	chrY	-	20	0	0	1	20	10037768	10037787	NA	NA
414457_1	chr6	-	20	0	0	1	20	31752472	31752453	NA	NA
414458_1	chr7	-	20	0	0	1	20	94294215	94294234	NA	NA
414459_1	chr10	-	20	0	0	1	20	102746864	102746845	NA	NA
414460_1	chr2	-	20	0	0	1	20	167600137	167600156	NA	NA
414461_1	chr3	-	20	0	0	1	20	129034650	129034631	NA	NA
414462_1	chr8	-	20	0	0	1	20	54682282	54682263	NA	NA
414463_1	chr6	-	20	0	0	1	20	9106236	9106255	NA	NA
414464_1	chr9	-	20	0	0	1	20	74623003	74622984	NA	NA
414465_1	chr12	-	20	0	0	1	20	20704399	20704418	NA	NA
414466_1	chr17	-	20	0	0	1	20	53844754	53844773	NA	NA
414467_1	chr19	-	20	0	0	1	20	40883753	40883772	NA	NA
414468_1	chr1	-	20	0	0	1	20	33841054	33841035	NA	NA
414469_1	chr22	-	20	0	0	1	20	30730650	30730631	NA	NA
414470_1	chr7	-	20	0	0	1	20	45139963	45139944	NA	NA
414471_1	chr7	-	20	0	0	1	20	2584613	2584594	NA	NA
414472_1	chr10	-	20	0	0	1	20	128593722	128593741	NA	NA
414473_1	chr9	-	20	0	0	1	20	139423940	139423921	NA	NA
414474_1	chr11	-	20	0	0	1	20	65822742	65822761	NA	NA
414475_1	chr19	-	20	0	0	1	20	7125405	7125386	NA	NA
414476_1	chr8	-	20	0	0	1	20	16935334	16935353	NA	NA
414477_1	chr2	-	20	0	0	1	20	133012766	133012747	NA	NA
414478_1	chr6	-	20	0	0	1	20	27248069	27248050	NA	NA
414479_1	chr6	-	20	0	0	1	20	26216836	26216817	NA	NA
414480_1	chr14	-	20	0	0	1	20	82000107	82000088	NA	NA
414481_1	chr12	-	20	0	0	1	20	56374573	56374554	NA	NA
414482_1	chr22	-	20	0	0	1	20	21997183	21997202	NA	NA
414483_1	chr17	-	20	0	0	1	20	7760441	7760422	NA	NA
414484_1	chr11	-	20	0	0	1	20	14532443	14532424	NA	NA
414485_1	chr5	-	20	0	0	1	20	179045276	179045257	NA	NA
414486_1	chr14	-	20	0	0	1	20	101925408	101925427	NA	NA
414487_1	chr16	-	20	0	0	1	20	18800396	18800377	NA	NA
414488_1	chr9	-	20	0	0	1	20	124111597	124111578	NA	NA
414489_1	chr1	-	20	0	0	1	20	94354610	94354591	NA	NA
414490_1	chr9	-	20	0	0	1	20	124043764	124043783	NA	NA
414491_1	chr6	-	20	0	0	1	20	114265508	114265489	NA	NA
414492_1	chr2	-	20	0	0	1	20	240003915	240003896	NA	NA
414493_1	chr7	-	20	0	0	1	20	73657528	73657509	NA	NA
414494_1	chr8	-	20	0	0	1	20	144662374	144662355	NA	NA
414495_1	chr3	-	20	0	0	1	20	54660290	54660271	NA	NA
414496_1	chrX	-	20	0	0	1	20	75556255	75556236	NA	NA
414497_1	chr5	-	20	0	0	1	20	140208103	140208122	NA	NA
414498_1	chr5	-	20	0	0	1	20	123991592	123991573	NA	NA
414499_1	chr20	-	20	0	0	1	20	60714188	60714169	NA	NA
414500_5	chr21	-	20	0	0	1	20	9827297	9827316	NA	NA
414501_4	chr11	-	20	0	0	1	20	59165345	59165326	NA	NA
414502_1	chr16	-	20	0	0	1	20	57513604	57513585	NA	NA
414503_1	chr19	-	20	0	0	1	20	12954380	12954399	NA	NA
414504_1	chr2	-	20	0	0	1	20	78019933	78019952	NA	NA
414505_1	chr19	-	20	0	0	1	20	40872327	40872346	NA	NA
414506_1	chr15	-	20	0	0	1	20	90437156	90437137	NA	NA
414507_1	chr2	-	20	0	0	1	20	73679522	73679541	NA	NA
414508_1	chr5	-	20	0	0	1	20	149681995	149682014	NA	NA
414509_4	chr20	-	20	0	0	1	20	30445753	30445734	NA	NA
414510_1	chr2	-	20	0	0	1	20	198273231	198273212	NA	NA
414511_1	chr6	-	20	0	0	1	20	42034261	42034280	NA	NA
414512_1	chr11	-	20	0	0	1	20	122929393	122929374	NA	NA
414513_1	chr19	-	20	0	0	1	20	55770109	55770090	NA	NA
414514_10	chr16	-	20	0	0	1	20	47538729	47538748	NA	NA
414515_1	chr11	-	20	0	0	1	20	62529323	62529342	NA	NA
414516_1	chr11	-	20	0	0	1	20	405957	405938	NA	NA
414517_1	chr5	-	20	0	0	1	20	174541770	174541751	NA	NA
414518_1	chr6	-	20	0	0	1	20	105736753	105736734	NA	NA
414519_2	chr6	-	20	0	0	1	20	27782866	27782885	NA	NA
414520_1	chr6	-	20	0	0	1	20	52843392	52843373	NA	NA
414521_1	chr5	-	20	0	0	1	20	70938593	70938574	NA	NA
414522_2	chr19	-	20	0	0	1	20	1625420	1625439	NA	NA
414523_1	chrM	-	20	0	0	1	20	3239	3258	NA	NA
414524_1	chr1	-	20	0	0	1	20	6688606	6688625	NA	NA
414525_1	chr12	-	20	0	0	1	20	999627	999646	NA	NA
414526_1	chrX	-	20	0	0	1	20	112104495	112104476	NA	NA
414527_1	chr2	-	20	0	0	1	20	131813258	131813239	NA	NA
414528_1	chr2	-	20	0	0	1	20	133012330	133012311	NA	NA
414529_1	chr10	-	20	0	0	1	20	122999553	122999572	NA	NA
414530_1	chr11	-	20	0	0	1	20	4128698	4128717	NA	NA
414531_1	chr10	-	20	0	0	1	20	123992586	123992605	NA	NA
414532_1	chr12	-	20	0	0	1	20	66219056	66219075	NA	NA
414533_1	chrY	-	20	0	0	1	20	10036574	10036593	NA	NA
414534_1	chr16	-	20	0	0	1	20	30005000	30004981	NA	NA
414535_1	chr9	-	20	0	0	1	20	79186680	79186699	NA	NA
414536_10	chr12	-	20	0	0	1	20	127650915	127650896	NA	NA
414537_1	chr6	-	20	0	0	1	20	17585963	17585944	NA	NA
414538_1	chr8	-	20	0	0	1	20	56755051	56755032	NA	NA
414539_1	chr10	-	20	0	0	1	20	102116366	102116385	NA	NA
414540_7	chr2	-	20	0	0	1	20	71565819	71565800	NA	NA
414541_1	chr21	-	20	0	0	1	20	9827482	9827501	NA	NA
414542_1	chr6	-	20	0	0	1	20	89871544	89871563	NA	NA
414543_1	chr1	-	20	0	0	1	20	110134795	110134814	NA	NA
414544_1	chr4	-	20	0	0	1	20	67755	67774	NA	NA
414545_1	chr7	-	20	0	0	1	20	130791101	130791120	NA	NA
414546_1	chr11	-	20	0	0	1	20	34979113	34979132	NA	NA
414547_1	chr8	-	20	0	0	1	20	43405158	43405177	NA	NA
414548_4	chr2	-	20	0	0	1	20	133039191	133039172	NA	NA
414549_1	chr16	-	20	0	0	1	20	33963898	33963917	NA	NA
414550_2	chr21	-	20	0	0	1	20	9827056	9827075	NA	NA
414551_1	chr7	-	20	0	0	1	20	94919462	94919481	NA	NA
414552_1	chr1	-	20	0	0	1	20	118482115	118482134	NA	NA
414553_1	chr16	-	20	0	0	1	20	71929437	71929456	NA	NA
414554_1	chr7	-	20	0	0	1	20	102574256	102574275	NA	NA
414555_1	chr7	-	20	0	0	1	20	47492698	47492679	NA	NA
414556_1	chr14	-	20	0	0	1	20	100803520	100803501	NA	NA
414557_1	chr10	-	20	0	0	1	20	16673548	16673529	NA	NA
414558_1	chr6	-	20	0	0	1	20	26197481	26197462	NA	NA
414559_1	chr7	-	20	0	0	1	20	101957800	101957819	NA	NA
414560_1	chr11	-	20	0	0	1	20	48047571	48047590	NA	NA
414561_1	chr5	-	20	0	0	1	20	179132787	179132806	NA	NA
414562_2	chr18	-	20	0	0	1	20	8819230	8819249	NA	NA
414563_1	chr4	-	20	0	0	1	20	142142204	142142223	NA	NA
414564_1	chr17	-	20	0	0	1	20	79826940	79826921	NA	NA
414565_1	chr1	-	20	0	0	1	20	180471385	180471366	NA	NA
414566_1	chr6	-	20	0	0	1	20	26285633	26285614	NA	NA
414567_1	chr21	-	20	0	0	1	20	9827295	9827314	NA	NA
414568_1	chr7	-	20	0	0	1	20	9059177	9059196	NA	NA
414569_1	chr8	-	20	0	0	1	20	56755215	56755196	NA	NA
414570_40	chr16	-	20	0	0	1	20	47538728	47538747	NA	NA
414571_1	chr17	-	20	0	0	1	20	2296345	2296364	NA	NA
414572_1	chrX	-	20	0	0	1	20	58397368	58397349	NA	NA
414573_1	chr7	-	20	0	0	1	20	99696943	99696924	NA	NA
414574_1	chr11	-	20	0	0	1	20	127497442	127497461	NA	NA
414575_1	chr20	-	20	0	0	1	20	2448288	2448269	NA	NA
414576_3	chrY	-	20	0	0	1	20	10036575	10036594	NA	NA
414577_1	chr15	-	20	0	0	1	20	81605636	81605617	NA	NA
414578_1	chrM	-	20	0	0	1	20	3150	3169	NA	NA
414579_1	chr22	-	20	0	0	1	20	42264716	42264735	NA	NA
414580_1	chrY	-	20	0	0	1	20	10037851	10037870	NA	NA
414581_1	chr2	-	20	0	0	1	20	70315562	70315581	NA	NA
414582_1	chr17	-	20	0	0	1	20	48625778	48625797	NA	NA
414583_1	chr3	-	20	0	0	1	20	160148879	160148898	NA	NA
414584_3	chr21	-	20	0	0	1	20	9827299	9827318	NA	NA
414585_38	chr12	-	20	0	0	1	20	33049885	33049904	NA	NA
414586_1	chr17	-	20	0	0	1	20	79803827	79803808	NA	NA
414587_1	chr3	-	20	0	0	1	20	132797909	132797890	NA	NA
414588_1	chr6	-	20	0	0	1	20	26189011	26188992	NA	NA
414589_1	chr18	-	20	0	0	1	20	55713465	55713484	NA	NA
414590_1	chr13	-	20	0	0	1	20	110959450	110959431	NA	NA
414591_1	chr1	-	20	0	0	1	20	1342586	1342567	NA	NA
414592_1	chr6	-	20	0	0	1	20	26225398	26225417	NA	NA
414593_1	chr17	-	20	0	0	1	20	41154919	41154938	NA	NA
414594_1	chrY	-	20	0	0	1	20	10037853	10037872	NA	NA
414595_3	chr17	-	20	0	0	1	20	33478266	33478247	NA	NA
414596_1	chr14	-	20	0	0	1	20	23341136	23341155	NA	NA
414597_3	chr17	-	20	0	0	1	20	33478261	33478242	NA	NA
414598_1	chr10	-	20	0	0	1	20	81928814	81928795	NA	NA
414599_2	chr5	-	20	0	0	1	20	71146753	71146772	NA	NA
414600_1	chr1	-	20	0	0	1	20	33123141	33123160	NA	NA
414601_1	chr1	-	20	0	0	1	20	204943819	204943838	NA	NA
414602_1	chr5	-	20	0	0	1	20	180670810	180670791	NA	NA
414603_17	chr2	-	20	0	0	1	20	71565818	71565799	NA	NA
414604_1	chr9	-	20	0	0	1	20	79186676	79186695	NA	NA
414605_1	chr21	-	20	0	0	1	20	47531451	47531470	NA	NA
414606_1	chr3	-	20	0	0	1	20	49568425	49568444	NA	NA
414607_1	chr22	-	20	0	0	1	20	22890980	22890961	NA	NA
414608_1	chr16	-	20	0	0	1	20	52126455	52126436	NA	NA
414609_1	chr6	-	20	0	0	1	20	24781718	24781737	NA	NA
414610_1	chr22	-	20	0	0	1	20	19165540	19165521	NA	NA
414611_1	chr5	-	20	0	0	1	20	150489353	150489334	NA	NA
414612_1	chr21	-	20	0	0	1	20	9827392	9827411	NA	NA
414613_1	chr21	-	20	0	0	1	20	45483576	45483595	NA	NA
414614_1	chr13	-	20	0	0	1	20	64418449	64418430	NA	NA
414615_2	chrX	-	20	0	0	1	20	20130614	20130633	NA	NA
414616_1	chr18	-	20	0	0	1	20	662191	662210	NA	NA
414617_1	chr21	-	20	0	0	1	20	9827289	9827308	NA	NA
414618_1	chr7	-	20	0	0	1	20	5569197	5569178	NA	NA
414619_1	chrX	-	20	0	0	1	20	47444691	47444710	NA	NA
414620_1	chr11	-	20	0	0	1	20	46665869	46665888	NA	NA
414621_1	chr21	-	20	0	0	1	20	46784704	46784723	NA	NA
414622_2	chr7	-	20	0	0	1	20	78431829	78431810	NA	NA
414623_1	chr12	-	20	0	0	1	20	6626080	6626099	NA	NA
414624_1	chr2	-	20	0	0	1	20	202899397	202899378	NA	NA
414625_1	chr3	-	20	0	0	1	20	184022111	184022130	NA	NA
414626_5	chr11	-	20	0	0	1	20	15136522	15136541	NA	NA
414627_1	chr5	-	20	0	0	1	20	1136135	1136116	NA	NA
414628_1	chr12	-	20	0	0	1	20	46765137	46765118	NA	NA
414629_1	chr21	-	20	0	0	1	20	9827300	9827319	NA	NA
414630_1	chr4	-	20	0	0	1	20	140285459	140285478	NA	NA
414631_1	chr3	-	20	0	0	1	20	100119708	100119689	NA	NA
414632_1	chrY	-	20	0	0	1	20	10036553	10036572	NA	NA
414633_1	chr1	-	20	0	0	1	20	26759465	26759484	NA	NA
414634_1	chr12	-	20	0	0	1	20	127650655	127650636	NA	NA
414635_1	chr2	-	20	0	0	1	20	189944720	189944701	NA	NA
414636_1	chr12	-	20	0	0	1	20	98987798	98987817	NA	NA
414637_1	chrM	-	20	0	0	1	20	1881	1900	NA	NA
414638_1	chr17	-	20	0	0	1	20	77751992	77752011	NA	NA
414639_1	chr5	-	20	0	0	1	20	112321623	112321642	NA	NA
414640_1	chr2	-	20	0	0	1	20	29022145	29022164	NA	NA
414641_1	chr2	-	20	0	0	1	20	10560097	10560116	NA	NA
414642_1	chr2	-	20	0	0	1	20	73340075	73340056	NA	NA
414643_2	chrX	-	20	0	0	1	20	48435439	48435458	NA	NA
414644_1	chr6	-	20	0	0	1	20	39895102	39895083	NA	NA
414645_1	chr1	-	20	0	0	1	20	68603504	68603485	NA	NA
414646_1	chr10	-	20	0	0	1	20	74183095	74183076	NA	NA
414647_1	chr1	-	20	0	0	1	20	8925406	8925387	NA	NA
414648_1	chr2	-	20	0	0	1	20	189849589	189849608	NA	NA
414649_1	chr1	-	20	0	0	1	20	156304702	156304683	NA	NA
414650_1	chr11	-	20	0	0	1	20	60689296	60689315	NA	NA
414651_1	chr4	-	20	0	0	1	20	858953	858934	NA	NA
414652_1	chr9	-	20	0	0	1	20	757710	757729	NA	NA
414653_1	chr16	-	20	0	0	1	20	33963350	33963369	NA	NA
414654_1	chr1	-	20	0	0	1	20	228285634	228285653	NA	NA
414655_1	chr12	-	20	0	0	1	20	49984932	49984951	NA	NA
414656_1	chr2	-	20	0	0	1	20	230045544	230045525	NA	NA
414657_1	chr11	-	20	0	0	1	20	118900072	118900053	NA	NA
414658_1	chr16	-	20	0	0	1	20	66461592	66461611	NA	NA
414659_1	chr17	-	20	0	0	1	20	4701041	4701060	NA	NA
414660_1	chr11	-	20	0	0	1	20	48047569	48047588	NA	NA
414661_1	chr16	-	20	0	0	1	20	67926934	67926953	NA	NA
414662_1	chr1	-	20	0	0	1	20	94939328	94939347	NA	NA
414663_1	chr2	-	20	0	0	1	20	133012321	133012302	NA	NA
414664_10	chr2	-	20	0	0	1	20	71565814	71565795	NA	NA
414665_1	chr19	-	20	0	0	1	20	15230838	15230819	NA	NA
414666_1	chr5	-	20	0	0	1	20	159679948	159679929	NA	NA
414667_2	chr22	-	20	0	0	1	20	43011326	43011345	NA	NA
414668_1	chr17	-	20	0	0	1	20	40042556	40042537	NA	NA
414669_1	chr21	-	20	0	0	1	20	9827165	9827184	NA	NA
414670_1	chr6	-	20	0	0	1	20	44221296	44221315	NA	NA
414671_1	chr9	-	20	0	0	1	20	140353731	140353712	NA	NA
414672_1	chr6	-	20	0	0	1	20	170819850	170819831	NA	NA
414673_1	chr5	-	20	0	0	1	20	138677626	138677645	NA	NA
414674_1	chr22	-	20	0	0	1	20	38074542	38074561	NA	NA
414675_1	chr1	-	20	0	0	1	20	23703776	23703795	NA	NA
414676_1	chr7	-	20	0	0	1	20	102573832	102573851	NA	NA
414677_1	chr1	-	20	0	0	1	20	91852934	91852915	NA	NA
414678_1	chr17	-	20	0	0	1	20	56083241	56083222	NA	NA
414679_1	chr19	-	20	0	0	1	20	50373289	50373270	NA	NA
414680_1	chrM	-	20	0	0	1	20	13807	13826	NA	NA
414681_1	chr21	-	20	0	0	1	20	9827166	9827185	NA	NA
414682_1	chr1	-	20	0	0	1	20	202302455	202302436	NA	NA
414683_1	chr12	-	20	0	0	1	20	59271496	59271477	NA	NA
414684_1	chr12	-	20	0	0	1	20	127650519	127650500	NA	NA
414685_1	chr19	-	20	0	0	1	20	1785536	1785555	NA	NA
414686_1	chr16	-	20	0	0	1	20	47538731	47538750	NA	NA
414687_1	chr18	-	20	0	0	1	20	22804912	22804893	NA	NA
414688_1	chr5	-	20	0	0	1	20	135468051	135468032	NA	NA
414689_1	chr11	-	20	0	0	1	20	747511	747530	NA	NA
414690_1	chr7	-	20	0	0	1	20	75958919	75958900	NA	NA
414691_1	chr11	-	20	0	0	1	20	61580797	61580778	NA	NA
414692_1	chr17	-	20	0	0	1	20	644780	644799	NA	NA
414693_1	chr15	-	20	0	0	1	20	33411479	33411460	NA	NA
414694_1	chr21	-	20	0	0	1	20	9827114	9827133	NA	NA
414695_15	chr15	-	20	0	0	1	20	70877680	70877661	NA	NA
414696_1	chrM	-	20	0	0	1	20	2519	2538	NA	NA
414697_1	chr9	-	20	0	0	1	20	92858562	92858543	NA	NA
414698_1	chrY	-	20	0	0	1	20	10037863	10037882	NA	NA
414699_1	chr21	-	20	0	0	1	20	9827164	9827183	NA	NA
414700_1	chr12	-	20	0	0	1	20	48398098	48398079	NA	NA
414701_1	chr12	-	20	0	0	1	20	27888436	27888455	NA	NA
414702_1	chr11	-	20	0	0	1	20	59318521	59318502	NA	NA
414703_1	chr1	-	20	0	0	1	20	179198754	179198735	NA	NA
414704_1	chr6	-	20	0	0	1	20	43013069	43013050	NA	NA
414705_1	chr16	-	20	0	0	1	20	70288601	70288582	NA	NA
414706_1	chr19	-	20	0	0	1	20	5785776	5785757	NA	NA
414707_1	chr16	-	20	0	0	1	20	47538733	47538752	NA	NA
414708_1	chr2	-	20	0	0	1	20	98612203	98612184	NA	NA
414709_1	chr7	-	20	0	0	1	20	96339150	96339131	NA	NA
414710_1	chr7	-	20	0	0	1	20	75959091	75959072	NA	NA
414711_1	chr2	-	20	0	0	1	20	152684906	152684887	NA	NA
414712_1	chr7	-	20	0	0	1	20	99705723	99705704	NA	NA
414713_1	chr1	-	20	0	0	1	20	228346049	228346030	NA	NA
414714_1	chr16	-	20	0	0	1	20	56966170	56966189	NA	NA
414715_1	chr14	-	20	0	0	1	20	73753925	73753906	NA	NA
414716_1	chr17	-	20	0	0	1	20	78965727	78965746	NA	NA
414717_1	chr17	-	20	0	0	1	20	62499372	62499353	NA	NA
414718_1	chr16	-	20	0	0	1	20	33963345	33963364	NA	NA
414719_1	chr17	-	20	0	0	1	20	61909278	61909297	NA	NA
414720_1	chr9	-	20	0	0	1	20	140135825	140135844	NA	NA
414721_1	chr20	-	20	0	0	1	20	35173287	35173306	NA	NA
414722_1	chr12	-	20	0	0	1	20	19538282	19538263	NA	NA
414723_1	chr12	-	20	0	0	1	20	96661316	96661335	NA	NA
414724_1	chr2	-	20	0	0	1	20	85788423	85788404	NA	NA
414725_1	chr7	-	20	0	0	1	20	2415075	2415094	NA	NA
414726_1	chr17	-	20	0	0	1	20	66031861	66031880	NA	NA
414727_1	chr1	-	20	0	0	1	20	27618782	27618801	NA	NA
414728_1	chr22	-	20	0	0	1	20	22210630	22210649	NA	NA
414729_1	chr3	-	20	0	0	1	20	135974763	135974782	NA	NA
414730_1	chr10	-	20	0	0	1	20	120931963	120931944	NA	NA
414731_1	chr1	-	20	0	0	1	20	154387461	154387442	NA	NA
414732_1	chr11	-	20	0	0	1	20	2417132	2417151	NA	NA
414733_1	chr12	-	20	0	0	1	20	58111654	58111673	NA	NA
414734_1	chr1	-	20	0	0	1	20	182571174	182571155	NA	NA
414735_1	chr1	-	20	0	0	1	20	36107019	36107000	NA	NA
414736_1	chr12	-	20	0	0	1	20	20704448	20704467	NA	NA
414737_1	chr7	-	20	0	0	1	20	25164840	25164821	NA	NA
414738_1	chr14	-	20	0	0	1	20	96343097	96343078	NA	NA
414739_3	chr10	-	20	0	0	1	20	102045861	102045842	NA	NA
414740_1	chr6	-	20	0	0	1	20	27100321	27100302	NA	NA
414741_22	chrX	-	20	0	0	1	20	108297808	108297827	NA	NA
414742_1	chr2	-	20	0	0	1	20	133012154	133012135	NA	NA
414743_1	chr22	-	20	0	0	1	20	43004681	43004662	NA	NA
414744_1	chr5	-	20	0	0	1	20	1801837	1801818	NA	NA
414745_48	chr12	-	20	0	0	1	20	70208397	70208378	NA	NA
414746_1	chr7	-	20	0	0	1	20	91746421	91746402	NA	NA
414747_1	chr16	-	20	0	0	1	20	19528504	19528485	NA	NA
414748_1	chr15	-	20	0	0	1	20	39876301	39876320	NA	NA
414749_1	chr1	-	20	0	0	1	20	47834251	47834270	NA	NA
414750_1	chr5	-	20	0	0	1	20	157403811	157403792	NA	NA
414751_1	chr10	-	20	0	0	1	20	5512520	5512539	NA	NA
414752_1	chrX	-	20	0	0	1	20	153061921	153061940	NA	NA
414753_91	chr21	-	20	0	0	1	20	9827210	9827229	NA	NA
414754_1	chr17	-	20	0	0	1	20	7388099	7388118	NA	NA
414755_1	chr8	-	20	0	0	1	20	21456077	21456096	NA	NA
414756_1	chr1	-	20	0	0	1	20	240307471	240307452	NA	NA
414757_1	chr19	-	20	0	0	1	20	45912010	45912029	NA	NA
414758_1	chr6	-	20	0	0	1	20	43018947	43018928	NA	NA
414759_1	chr17	-	20	0	0	1	20	48183296	48183315	NA	NA
414760_1	chr17	-	20	0	0	1	20	48474607	48474588	NA	NA
414761_5	chr1	-	20	0	0	1	20	35247486	35247505	NA	NA
414762_1	chr2	-	20	0	0	1	20	127864537	127864518	NA	NA
414763_1	chr10	-	20	0	0	1	20	96936529	96936510	NA	NA
414764_1	chr1	-	20	0	0	1	20	53153398	53153379	NA	NA
414765_1	chr1	-	20	0	0	1	20	149298577	149298558	NA	NA
414766_1	chr1	-	20	0	0	1	20	156294846	156294827	NA	NA
414767_1	chr7	-	20	0	0	1	20	94285754	94285773	NA	NA
414768_1	chr2	-	20	0	0	1	20	133038166	133038147	NA	NA
414769_1	chr8	-	20	0	0	1	20	17924743	17924724	NA	NA
414770_5	chr5	-	20	0	0	1	20	71146857	71146876	NA	NA
414771_1	chr1	-	20	0	0	1	20	110883915	110883934	NA	NA
414772_1	chr15	-	20	0	0	1	20	83226036	83226017	NA	NA
414773_1	chr2	-	20	0	0	1	20	55277367	55277348	NA	NA
414774_1	chr12	-	20	0	0	1	20	120574429	120574410	NA	NA
414775_1	chr5	-	20	0	0	1	20	173043317	173043298	NA	NA
414776_1	chr9	-	20	0	0	1	20	100767300	100767319	NA	NA
414777_1	chrM	-	20	0	0	1	20	3102	3121	NA	NA
414778_1	chr2	-	20	0	0	1	20	130948079	130948098	NA	NA
414779_1	chr10	-	20	0	0	1	20	34820378	34820359	NA	NA
414780_11	chr21	-	20	0	0	1	20	9827163	9827182	NA	NA
414781_1	chr6	-	20	0	0	1	20	114178705	114178724	NA	NA
414782_3	chr12	-	20	0	0	1	20	127650659	127650640	NA	NA
414783_1	chr21	-	20	0	0	1	20	45352353	45352372	NA	NA
414784_2	chr21	-	20	0	0	1	20	9827162	9827181	NA	NA
414785_1	chr19	-	20	0	0	1	20	3978147	3978128	NA	NA
414786_1	chr4	-	20	0	0	1	20	1989674	1989655	NA	NA
414787_1	chr12	-	20	0	0	1	20	57926807	57926788	NA	NA
414788_1	chr2	-	20	0	0	1	20	38974251	38974232	NA	NA
414789_1	chr3	-	20	0	0	1	20	47752236	47752217	NA	NA
414790_1	chr4	-	20	0	0	1	20	185646167	185646148	NA	NA
414791_1	chr5	-	20	0	0	1	20	71146752	71146771	NA	NA
414792_1	chr2	-	20	0	0	1	20	220071730	220071749	NA	NA
414793_2	chr5	-	20	0	0	1	20	71146744	71146763	NA	NA
414794_13	chr9	-	20	0	0	1	20	79186850	79186869	NA	NA
414795_1	chr16	-	20	0	0	1	20	67876890	67876909	NA	NA
414796_1	chr17	-	20	0	0	1	20	77785050	77785031	NA	NA
414797_1	chr17	-	20	0	0	1	20	47579442	47579461	NA	NA
414798_1	chr6	-	20	0	0	1	20	27839903	27839884	NA	NA
414799_1	chr1	-	20	0	0	1	20	150483644	150483663	NA	NA
414800_1	chr15	-	20	0	0	1	20	40710368	40710387	NA	NA
414801_1	chrY	-	20	0	0	1	20	10037860	10037879	NA	NA
414802_1	chr1	-	20	0	0	1	20	32800226	32800207	NA	NA
414803_1	chr9	-	20	0	0	1	20	79186853	79186872	NA	NA
414804_1	chr2	-	20	0	0	1	20	189929346	189929327	NA	NA
414805_1	chr17	-	20	0	0	1	20	58366005	58365986	NA	NA
414806_1	chr5	-	20	0	0	1	20	150503888	150503869	NA	NA
414807_1	chr7	-	20	0	0	1	20	45104121	45104140	NA	NA
414808_1	chr2	-	20	0	0	1	20	62099440	62099421	NA	NA
414809_1	chr3	-	20	0	0	1	20	63849702	63849683	NA	NA
414810_1	chr8	-	20	0	0	1	20	30501286	30501305	NA	NA
414811_1	chr13	-	20	0	0	1	20	111980019	111980038	NA	NA
414812_1	chr16	-	20	0	0	1	20	68894028	68894047	NA	NA
414813_1	chr7	-	20	0	0	1	20	20421394	20421413	NA	NA
414814_2	chr17	-	20	0	0	1	20	8649433	8649414	NA	NA
414815_1	chr6	-	20	0	0	1	20	27861613	27861632	NA	NA
414816_1	chr9	-	20	0	0	1	20	95480219	95480200	NA	NA
414817_1	chr5	-	20	0	0	1	20	43307894	43307875	NA	NA
414818_1	chr10	-	20	0	0	1	20	117884840	117884821	NA	NA
414819_1	chr16	-	20	0	0	1	20	67478481	67478462	NA	NA
414820_1	chr1	-	20	0	0	1	20	186302409	186302390	NA	NA
414821_1	chr5	-	20	0	0	1	20	1483559	1483540	NA	NA
414822_1	chr2	-	20	0	0	1	20	70314886	70314905	NA	NA
414823_1	chr10	-	20	0	0	1	20	32310045	32310026	NA	NA
414824_1	chr14	-	20	0	0	1	20	94526605	94526586	NA	NA
414825_1	chr14	-	20	0	0	1	20	81969148	81969129	NA	NA
414826_1	chr6	-	20	0	0	1	20	26225131	26225150	NA	NA
414827_3	chr22	-	20	0	0	1	20	49923453	49923472	NA	NA
414828_1	chr2	-	20	0	0	1	20	236791051	236791032	NA	NA
414829_1	chr13	-	20	0	0	1	20	68464189	68464170	NA	NA
414830_1	chr19	-	20	0	0	1	20	24186172	24186153	NA	NA
414831_1	chr6	-	20	0	0	1	20	27782144	27782125	NA	NA
414832_2	chr2	-	20	0	0	1	20	133038794	133038775	NA	NA
414833_1	chr2	-	20	0	0	1	20	242187683	242187664	NA	NA
414834_1	chr12	-	20	0	0	1	20	132262798	132262817	NA	NA
414835_1	chr5	-	20	0	0	1	20	180670814	180670795	NA	NA
414836_1	chr8	-	20	0	0	1	20	19675158	19675177	NA	NA
414837_1	chr17	-	20	0	0	1	20	46688245	46688226	NA	NA
414838_1	chr12	-	20	0	0	1	20	6387641	6387660	NA	NA
414839_1	chr19	-	20	0	0	1	20	10283830	10283811	NA	NA
414840_1	chr1	-	20	0	0	1	20	151747638	151747619	NA	NA
414841_1	chr9	-	20	0	0	1	20	130294024	130294005	NA	NA
414842_1	chr2	-	20	0	0	1	20	21584497	21584478	NA	NA
414843_1	chr11	-	20	0	0	1	20	64977531	64977550	NA	NA
414844_1	chr11	-	20	0	0	1	20	9771499	9771518	NA	NA
414845_1	chr12	-	20	0	0	1	20	20704396	20704415	NA	NA
414846_2	chr14	-	20	0	0	1	20	68141099	68141080	NA	NA
414847_1	chr17	-	20	0	0	1	20	19554931	19554950	NA	NA
414848_1	chr2	-	20	0	0	1	20	189872790	189872809	NA	NA
414849_1	chr1	-	20	0	0	1	20	45980291	45980272	NA	NA
414850_6	chrM	-	20	0	0	1	20	752	771	NA	NA
414851_1	chr4	-	20	0	0	1	20	169753826	169753807	NA	NA
414852_1	chr2	-	20	0	0	1	20	189898801	189898782	NA	NA
414853_1	chrX	-	20	0	0	1	20	71495444	71495425	NA	NA
414854_1	chr19	-	20	0	0	1	20	17837017	17837036	NA	NA
414855_1	chr9	-	20	0	0	1	20	76462939	76462920	NA	NA
414856_1	chr20	-	20	0	0	1	20	46912463	46912444	NA	NA
414857_1	chr9	-	20	0	0	1	20	140136175	140136194	NA	NA
414858_1	chr9	-	20	0	0	1	20	37249501	37249520	NA	NA
414859_1	chr9	-	20	0	0	1	20	79186852	79186871	NA	NA
414860_1	chr1	-	20	0	0	1	20	169100754	169100773	NA	NA
414861_1	chr17	-	20	0	0	1	20	80684816	80684835	NA	NA
414862_1	chr22	-	20	0	0	1	20	22893350	22893331	NA	NA
414863_1	chr16	-	20	0	0	1	20	29706461	29706480	NA	NA
414864_1	chr19	-	20	0	0	1	20	16296260	16296279	NA	NA
414865_1	chr12	-	20	0	0	1	20	111893830	111893811	NA	NA
414866_1	chr16	-	20	0	0	1	20	33965560	33965579	NA	NA
414867_1	chr17	-	20	0	0	1	20	45376669	45376688	NA	NA
414868_1	chr6	-	20	0	0	1	20	27860902	27860883	NA	NA
414869_1	chr2	-	20	0	0	1	20	69408927	69408946	NA	NA
414870_1	chr10	-	20	0	0	1	20	120820306	120820287	NA	NA
414871_1	chr22	-	20	0	0	1	20	38270384	38270403	NA	NA
414872_1	chr19	-	20	0	0	1	20	52716334	52716353	NA	NA
414873_1	chr1	-	20	0	0	1	20	147388265	147388246	NA	NA
414874_1	chr10	-	20	0	0	1	20	33623532	33623513	NA	NA
414875_1	chr10	-	20	0	0	1	20	52025517	52025536	NA	NA
414876_1	chrM	-	20	0	0	1	20	8016	8035	NA	NA
414877_1	chr17	-	20	0	0	1	20	66016074	66016055	NA	NA
414878_1	chrX	-	20	0	0	1	20	73290279	73290298	NA	NA
414879_1	chr17	-	20	0	0	1	20	2295878	2295859	NA	NA
414880_1	chr20	-	20	0	0	1	20	57485773	57485792	NA	NA
414881_1	chr7	-	20	0	0	1	20	5642896	5642915	NA	NA
414882_2	chr12	-	20	0	0	1	20	127650916	127650897	NA	NA
414883_1	chr7	-	20	0	0	1	20	94292865	94292884	NA	NA
414884_1	chr7	-	20	0	0	1	20	151329122	151329103	NA	NA
414885_1	chr3	-	20	0	0	1	20	127336880	127336899	NA	NA
414886_2	chr1	-	20	0	0	1	20	21737506	21737525	NA	NA
414887_1	chr10	-	20	0	0	1	20	88649447	88649466	NA	NA
414888_1	chr6	-	20	0	0	1	20	26199782	26199801	NA	NA
414889_1	chr8	-	20	0	0	1	20	48762003	48761984	NA	NA
414890_1	chr4	-	20	0	0	1	20	83295060	83295041	NA	NA
414891_4	chr2	-	20	0	0	1	20	230045583	230045564	NA	NA
414892_2	chr19	-	20	0	0	1	20	24184972	24184953	NA	NA
414893_1	chr2	-	20	0	0	1	20	96814125	96814144	NA	NA
414894_1	chr14	-	20	0	0	1	20	90341461	90341442	NA	NA
414895_1	chr1	-	20	0	0	1	20	43637778	43637759	NA	NA
414896_1	chr1	-	20	0	0	1	20	229677384	229677365	NA	NA
414897_1	chr12	-	20	0	0	1	20	57038703	57038684	NA	NA
414898_1	chr11	-	20	0	0	1	20	14539517	14539498	NA	NA
414899_1	chr3	-	20	0	0	1	20	128991086	128991105	NA	NA
414900_1	chr20	-	20	0	0	1	20	62612498	62612517	NA	NA
414901_1	chr8	-	20	0	0	1	20	70984436	70984417	NA	NA
414902_1	chr17	-	20	0	0	1	20	36955642	36955623	NA	NA
414903_2	chrY	-	20	0	0	1	20	10037855	10037874	NA	NA
414904_1	chr3	-	20	0	0	1	20	192835111	192835130	NA	NA
414905_3	chr15	-	20	0	0	1	20	59203717	59203736	NA	NA
414906_1	chr8	-	20	0	0	1	20	145151120	145151139	NA	NA
414907_1	chr10	-	20	0	0	1	20	129906104	129906085	NA	NA
414908_1	chr13	-	20	0	0	1	20	80911886	80911867	NA	NA
414909_1	chr8	-	20	0	0	1	20	11696080	11696099	NA	NA
414910_1	chr1	-	20	0	0	1	20	163325217	163325236	NA	NA
414911_1	chr22	-	20	0	0	1	20	43312544	43312563	NA	NA
414912_1	chr5	-	20	0	0	1	20	157233004	157232985	NA	NA
414913_3	chr17	-	20	0	0	1	20	33478346	33478327	NA	NA
414914_1	chr19	-	20	0	0	1	20	36726580	36726599	NA	NA
414915_1	chr21	-	20	0	0	1	20	47546120	47546139	NA	NA
414916_1	chr16	-	20	0	0	1	20	31519551	31519532	NA	NA
414917_1	chr19	-	20	0	0	1	20	18420699	18420718	NA	NA
414918_1	chr16	-	20	0	0	1	20	1717939	1717958	NA	NA
414919_1	chr2	-	20	0	0	1	20	73479917	73479936	NA	NA
414920_1	chr19	-	20	0	0	1	20	46020924	46020943	NA	NA
414921_1	chrM	-	20	0	0	1	20	918	937	NA	NA
414922_1	chr17	-	20	0	0	1	20	44117208	44117189	NA	NA
414923_1	chr22	-	20	0	0	1	20	28378660	28378641	NA	NA
414924_1	chr5	-	20	0	0	1	20	71146750	71146769	NA	NA
414925_1	chr16	-	20	0	0	1	20	56839443	56839462	NA	NA
414926_1	chr5	-	20	0	0	1	20	145863141	145863160	NA	NA
414927_1	chr20	-	20	0	0	1	20	2639118	2639099	NA	NA
414928_1	chr1	-	20	0	0	1	20	11159876	11159857	NA	NA
414929_1	chr16	-	20	0	0	1	20	4905458	4905439	NA	NA
414930_1	chr1	-	20	0	0	1	20	152006178	152006159	NA	NA
414931_1	chr17	-	20	0	0	1	20	76181245	76181226	NA	NA
414932_1	chr18	-	20	0	0	1	20	76752426	76752407	NA	NA
414933_1	chr17	-	20	0	0	1	20	61514733	61514714	NA	NA
414934_1	chr11	-	20	0	0	1	20	10825594	10825575	NA	NA
414935_4	chrX	-	20	0	0	1	20	108297810	108297829	NA	NA
414936_1	chr19	-	20	0	0	1	20	16940249	16940268	NA	NA
414937_1	chr7	-	20	0	0	1	20	128488621	128488640	NA	NA
414938_1	chr13	-	20	0	0	1	20	20577132	20577151	NA	NA
414939_1	chr19	-	20	0	0	1	20	16318835	16318854	NA	NA
414940_1	chr1	-	20	0	0	1	20	113471967	113471948	NA	NA
414941_1	chr4	-	20	0	0	1	20	120158591	120158610	NA	NA
414942_1	chr9	-	20	0	0	1	20	133342148	133342167	NA	NA
414943_2	chrM	-	20	0	0	1	20	9759	9778	NA	NA
414944_1	chr7	-	20	0	0	1	20	139025497	139025516	NA	NA
414945_1	chr13	-	20	0	0	1	20	111061012	111061031	NA	NA
414946_1	chr12	-	20	0	0	1	20	56120503	56120484	NA	NA
414947_1	chr19	-	20	0	0	1	20	23258469	23258488	NA	NA
414948_5	chr9	-	20	0	0	1	20	79186854	79186873	NA	NA
414949_4	chr12	-	20	0	0	1	20	44229887	44229906	NA	NA
414950_1	chr13	-	20	0	0	1	20	110833668	110833649	NA	NA
414951_1	chr6	-	20	0	0	1	20	144693266	144693285	NA	NA
414952_1	chr18	-	20	0	0	1	20	2578957	2578976	NA	NA
414953_1	chr5	-	20	0	0	1	20	180591634	180591615	NA	NA
414954_1	chr18	-	20	0	0	1	20	3272905	3272924	NA	NA
414955_1	chr13	-	20	0	0	1	20	77901147	77901128	NA	NA
414956_1	chr4	-	20	0	0	1	20	76714950	76714969	NA	NA
414957_3	chr21	-	20	0	0	1	20	9827209	9827228	NA	NA
414958_1	chr14	-	20	0	0	1	20	50089304	50089323	NA	NA
414959_1	chr2	-	20	0	0	1	20	69555431	69555412	NA	NA
414960_1	chrX	-	20	0	0	1	20	153216440	153216421	NA	NA
414961_1	chr14	-	20	0	0	1	20	74387721	74387740	NA	NA
414962_1	chr13	-	20	0	0	1	20	49761262	49761281	NA	NA
414963_1	chr1	-	20	0	0	1	20	91852810	91852791	NA	NA
414964_1	chr15	-	20	0	0	1	20	45473823	45473804	NA	NA
414965_1	chr1	-	20	0	0	1	20	228594236	228594217	NA	NA
414966_1	chr19	-	20	0	0	1	20	3964814	3964795	NA	NA
414967_1	chr19	-	20	0	0	1	20	436372	436353	NA	NA
414968_1	chr7	-	20	0	0	1	20	94285721	94285740	NA	NA
414969_1	chr1	-	20	0	0	1	20	103540274	103540255	NA	NA
414970_1	chr18	-	20	0	0	1	20	61060779	61060760	NA	NA
414971_39	chr12	-	20	0	0	1	20	127650518	127650499	NA	NA
414972_5	chr1	-	20	0	0	1	20	84003428	84003409	NA	NA
414973_1	chrM	-	20	0	0	1	20	12275	12294	NA	NA
414974_1	chr18	-	20	0	0	1	20	67156138	67156157	NA	NA
414975_1	chr13	-	20	0	0	1	20	115047255	115047274	NA	NA
414976_1	chr6	-	20	0	0	1	20	161557591	161557572	NA	NA
414977_1	chr19	-	20	0	0	1	20	24185806	24185787	NA	NA
414978_1	chr17	-	20	0	0	1	20	5322786	5322767	NA	NA
414979_1	chr3	-	20	0	0	1	20	107150455	107150436	NA	NA
414980_1	chr19	-	20	0	0	1	20	11559081	11559100	NA	NA
414981_1	chr3	-	20	0	0	1	20	128890599	128890580	NA	NA
414982_1	chr5	-	20	0	0	1	20	137903165	137903146	NA	NA
414983_2	chr17	-	20	0	0	1	20	33478330	33478311	NA	NA
414984_2	chr2	-	20	0	0	1	20	133039192	133039173	NA	NA
414985_1	chr1	-	20	0	0	1	20	38167440	38167459	NA	NA
414986_1	chr8	-	20	0	0	1	20	47329404	47329385	NA	NA
414987_1	chr6	-	20	0	0	1	20	26032285	26032266	NA	NA
414988_1	chr7	-	20	0	0	1	20	83591033	83591014	NA	NA
414989_1	chr16	-	20	0	0	1	20	56782243	56782262	NA	NA
414990_1	chrX	-	20	0	0	1	20	49049872	49049853	NA	NA
414991_18	chr1	-	20	0	0	1	20	10490519	10490538	NA	NA
414992_1	chr11	-	20	0	0	1	20	64948948	64948929	NA	NA
414993_1	chr6	-	20	0	0	1	20	125621717	125621698	NA	NA
414994_1	chrX	-	20	0	0	1	20	47086259	47086278	NA	NA
414995_1	chr13	-	20	0	0	1	20	111077089	111077108	NA	NA
414996_1	chr19	-	20	0	0	1	20	47111493	47111512	NA	NA
414997_2	chr19	-	20	0	0	1	20	14628774	14628793	NA	NA
414998_1	chr12	-	20	0	0	1	20	19282341	19282322	NA	NA
414999_1	chr2	-	20	0	0	1	20	153483097	153483116	NA	NA
415000_3	chr9	-	20	0	0	1	20	79186677	79186696	NA	NA
415001_1	chr1	-	20	0	0	1	20	156182902	156182921	NA	NA
415002_1	chr1	-	20	0	0	1	20	150122367	150122348	NA	NA
415003_1	chr9	-	20	0	0	1	20	133747554	133747573	NA	NA
415004_1	chr6	-	20	0	0	1	20	27860602	27860583	NA	NA
415005_1	chr21	-	20	0	0	1	20	9827296	9827315	NA	NA
415006_1	chr20	-	20	0	0	1	20	60737963	60737982	NA	NA
# blasting completed