2524291_1	chr22	-	18	0	0	1	18	42383267	42383284	NA	NA
2524292_1	chr2	-	18	0	0	1	18	47134976	47134959	NA	NA
2524293_1	chr9	-	18	0	0	1	18	140157590	140157607	NA	NA
2524294_1	chr2	-	18	0	0	1	18	71565817	71565800	NA	NA
2524295_1	chr9	-	18	0	0	1	18	135785982	135785965	NA	NA
2524296_1	chr21	-	18	0	0	1	18	35147328	35147345	NA	NA
2524297_1	chr21	-	18	0	0	1	18	46276252	46276235	NA	NA
2524298_1	chr10	-	18	0	0	1	18	115439765	115439748	NA	NA
2524299_1	chr11	-	18	0	0	1	18	77784128	77784111	NA	NA
2524300_1	chr11	-	18	0	0	1	18	47470623	47470606	NA	NA
2524301_1	chr19	-	18	0	0	1	18	13226121	13226104	NA	NA
2524302_1	chr13	-	18	0	0	1	18	43508635	43508618	NA	NA
2524303_1	chr7	-	18	0	0	1	18	4049308	4049325	NA	NA
2524304_1	chr2	-	18	0	0	1	18	43084748	43084731	NA	NA
2524305_3	chr8	-	18	0	0	1	18	101421378	101421361	NA	NA
2524306_1	chr5	-	18	0	0	1	18	172660132	172660149	NA	NA
2524307_1	chr9	-	18	0	0	1	18	136293910	136293893	NA	NA
2524308_1	chr2	-	18	0	0	1	18	5894502	5894485	NA	NA
2524309_2	chrY	-	18	0	0	1	18	10036577	10036594	NA	NA
2524310_1	chr1	-	18	0	0	1	18	11395161	11395144	NA	NA
2524311_1	chr17	-	18	0	0	1	18	41150811	41150828	NA	NA
2524312_1	chr7	-	18	0	0	1	18	98257886	98257903	NA	NA
2524313_1	chr5	-	18	0	0	1	18	76012120	76012137	NA	NA
2524314_1	chr2	-	18	0	0	1	18	133036381	133036364	NA	NA
2524315_4	chr9	-	18	0	0	1	18	79186853	79186870	NA	NA
2524316_4	chr21	-	18	0	0	1	18	9827290	9827307	NA	NA
2524317_1	chr1	-	18	0	0	1	18	145594146	145594129	NA	NA
2524318_1	chr14	-	18	0	0	1	18	73614738	73614755	NA	NA
2524319_1	chr11	-	18	0	0	1	18	66638399	66638416	NA	NA
2524320_1	chr16	-	18	0	0	1	18	33963900	33963917	NA	NA
2524321_1	chr20	-	18	0	0	1	18	47686758	47686775	NA	NA
2524322_1	chr2	-	18	0	0	1	18	18188593	18188576	NA	NA
2524323_1	chr19	-	18	0	0	1	18	18418347	18418330	NA	NA
2524324_1	chr7	-	18	0	0	1	18	91630380	91630397	NA	NA
2524325_1	chr19	-	18	0	0	1	18	44112238	44112221	NA	NA
2524326_1	chr10	-	18	0	0	1	18	27411790	27411773	NA	NA
2524327_1	chr3	-	18	0	0	1	18	59919658	59919675	NA	NA
2524328_1	chr13	-	18	0	0	1	18	114239952	114239969	NA	NA
2524329_1	chr17	-	18	0	0	1	18	4851735	4851718	NA	NA
2524330_1	chr6	-	18	0	0	1	18	36040730	36040747	NA	NA
2524331_1	chr10	-	18	0	0	1	18	103124627	103124610	NA	NA
2524332_2	chr9	-	18	0	0	1	18	79186854	79186871	NA	NA
2524333_1	chr21	-	18	0	0	1	18	38937516	38937499	NA	NA
2524334_1	chr12	-	18	0	0	1	18	109125184	109125201	NA	NA
2524335_1	chr11	-	18	0	0	1	18	63743758	63743775	NA	NA
2524336_3	chr12	-	18	0	0	1	18	127650654	127650637	NA	NA
2524337_1	chr17	-	18	0	0	1	18	79479318	79479301	NA	NA
2524338_1	chr8	-	18	0	0	1	18	11666322	11666339	NA	NA
2524339_1	chr4	-	18	0	0	1	18	83989599	83989616	NA	NA
2524340_1	chr19	-	18	0	0	1	18	579516	579533	NA	NA
2524341_1	chr5	-	18	0	0	1	18	4902456	4902439	NA	NA
2524342_1	chr15	-	18	0	0	1	18	43821236	43821253	NA	NA
2524343_10	chr16	-	18	0	0	1	18	33965561	33965578	NA	NA
2524344_1	chr21	-	18	0	0	1	18	36042141	36042158	NA	NA
2524345_3	chr21	-	18	0	0	1	18	9827300	9827317	NA	NA
2524346_1	chr1	-	18	0	0	1	18	228290973	228290956	NA	NA
2524347_1	chr8	-	18	0	0	1	18	111945582	111945565	NA	NA
2524348_1	chr11	-	18	0	0	1	18	65488250	65488233	NA	NA
2524349_1	chr10	-	18	0	0	1	18	11936379	11936362	NA	NA
2524350_1	chr2	-	18	0	0	1	18	71565813	71565796	NA	NA
2524351_1	chr20	-	18	0	0	1	18	44523295	44523312	NA	NA
2524352_1	chr7	-	18	0	0	1	18	96656838	96656855	NA	NA
2524353_1	chr11	-	18	0	0	1	18	65305470	65305487	NA	NA
2524354_1	chr4	-	18	0	0	1	18	107582	107599	NA	NA
2524355_1	chr21	-	18	0	0	1	18	9827298	9827315	NA	NA
2524356_1	chr10	-	18	0	0	1	18	121607173	121607156	NA	NA
2524357_1	chr1	-	18	0	0	1	18	23637463	23637446	NA	NA
2524358_1	chr17	-	18	0	0	1	18	33478162	33478145	NA	NA
2524359_5	chr16	-	18	0	0	1	18	47538729	47538746	NA	NA
2524360_1	chr17	-	18	0	0	1	18	26919154	26919137	NA	NA
2524361_1	chr11	-	18	0	0	1	18	1968381	1968364	NA	NA
2524362_1	chr17	-	18	0	0	1	18	16285225	16285242	NA	NA
2524363_1	chr10	-	18	0	0	1	18	129910584	129910567	NA	NA
2524364_1	chr19	-	18	0	0	1	18	21910684	21910667	NA	NA
2524365_1	chr1	-	18	0	0	1	18	6295944	6295927	NA	NA
2524366_1	chrY	-	18	0	0	1	18	16824621	16824604	NA	NA
2524367_1	chr10	-	18	0	0	1	18	35300844	35300827	NA	NA
2524368_1	chr7	-	18	0	0	1	18	2664894	2664877	NA	NA
2524369_1	chr17	-	18	0	0	1	18	33478265	33478248	NA	NA
2524370_1	chr5	-	18	0	0	1	18	64920736	64920753	NA	NA
2524371_1	chr6	-	18	0	0	1	18	28574989	28575006	NA	NA
2524372_1	chr8	-	18	0	0	1	18	104415511	104415494	NA	NA
2524373_1	chr7	-	18	0	0	1	18	149570386	149570369	NA	NA
2524374_4	chr14	-	18	0	0	1	18	96343095	96343078	NA	NA
2524375_1	chr19	-	18	0	0	1	18	58823801	58823818	NA	NA
2524376_1	chr15	-	18	0	0	1	18	45520931	45520914	NA	NA
2524377_1	chr20	-	18	0	0	1	18	23493234	23493251	NA	NA
2524378_1	chrX	-	18	0	0	1	18	140030143	140030160	NA	NA
2524379_1	chr2	-	18	0	0	1	18	110970019	110970002	NA	NA
2524380_1	chr15	-	18	0	0	1	18	60420542	60420559	NA	NA
2524381_22	chr21	-	18	0	0	1	18	42540714	42540697	NA	NA
2524382_1	chr1	-	18	0	0	1	18	33251993	33251976	NA	NA
2524383_1	chr3	-	18	0	0	1	18	38175500	38175483	NA	NA
2524384_1	chr8	-	18	0	0	1	18	11696085	11696102	NA	NA
2524385_1	chr5	-	18	0	0	1	18	140032705	140032722	NA	NA
2524386_1	chr11	-	18	0	0	1	18	118888734	118888717	NA	NA
2524387_1	chr3	-	18	0	0	1	18	44893303	44893320	NA	NA
2524388_1	chr19	-	18	0	0	1	18	55785817	55785800	NA	NA
2524389_1	chr4	-	18	0	0	1	18	186064584	186064601	NA	NA
2524390_1	chrM	-	18	0	0	1	18	8198	8215	NA	NA
2524391_1	chr4	-	18	0	0	1	18	109811350	109811333	NA	NA
2524392_1	chrX	-	18	0	0	1	18	108297417	108297434	NA	NA
2524393_1	chrX	-	18	0	0	1	18	153220546	153220529	NA	NA
2524394_1	chr17	-	18	0	0	1	18	49233021	49233038	NA	NA
2524395_1	chr7	-	18	0	0	1	18	94293478	94293495	NA	NA
2524396_1	chr1	-	18	0	0	1	18	62914250	62914267	NA	NA
2524397_2	chr2	-	18	0	0	1	18	230045517	230045500	NA	NA
2524398_3	chr20	-	18	0	0	1	18	56470454	56470471	NA	NA
2524399_1	chr3	-	18	0	0	1	18	154146569	154146586	NA	NA
2524400_1	chr11	-	18	0	0	1	18	117959458	117959441	NA	NA
2524401_1	chr19	-	18	0	0	1	18	17213024	17213041	NA	NA
2524402_1	chr21	-	18	0	0	1	18	9827165	9827182	NA	NA
2524403_1	chr19	-	18	0	0	1	18	580749	580766	NA	NA
2524404_1	chr2	-	18	0	0	1	18	230045581	230045564	NA	NA
2524405_1	chr13	-	18	0	0	1	18	87458021	87458004	NA	NA
2524406_1	chr3	-	18	0	0	1	18	28964641	28964658	NA	NA
2524407_1	chr2	-	18	0	0	1	18	55277192	55277175	NA	NA
2524408_2	chrX	-	18	0	0	1	18	108297811	108297828	NA	NA
2524409_1	chr15	-	18	0	0	1	18	74912463	74912480	NA	NA
2524410_1	chr19	-	18	0	0	1	18	24185472	24185455	NA	NA
2524411_1	chr9	-	18	0	0	1	18	131367380	131367397	NA	NA
2524412_1	chr11	-	18	0	0	1	18	134123541	134123558	NA	NA
2524413_1	chr6	-	18	0	0	1	18	26217202	26217219	NA	NA
2524414_3	chr16	-	18	0	0	1	18	33963349	33963366	NA	NA
2524415_1	chr10	-	18	0	0	1	18	70091945	70091962	NA	NA
2524416_1	chr2	-	18	0	0	1	18	64863232	64863215	NA	NA
2524417_1	chr16	-	18	0	0	1	18	583630	583613	NA	NA
2524418_1	chr17	-	18	0	0	1	18	61656732	61656749	NA	NA
2524419_2	chr16	-	18	0	0	1	18	67926937	67926954	NA	NA
2524420_1	chr19	-	18	0	0	1	18	54695626	54695643	NA	NA
2524421_1	chr16	-	18	0	0	1	18	1364031	1364048	NA	NA
2524422_1	chr15	-	18	0	0	1	18	43749189	43749172	NA	NA
2524423_1	chrY	-	18	0	0	1	18	10037855	10037872	NA	NA
2524424_1	chr17	-	18	0	0	1	18	72200071	72200088	NA	NA
2524425_1	chr12	-	18	0	0	1	18	127707313	127707330	NA	NA
2524426_1	chr4	-	18	0	0	1	18	2901032	2901049	NA	NA
2524427_1	chr6	-	18	0	0	1	18	27115025	27115042	NA	NA
2524428_1	chr19	-	18	0	0	1	18	9677409	9677392	NA	NA
2524429_1	chr3	-	18	0	0	1	18	32676761	32676744	NA	NA
2524430_7	chr2	-	18	0	0	1	18	71565816	71565799	NA	NA
2524431_1	chr21	-	18	0	0	1	18	33984769	33984752	NA	NA
2524432_1	chr12	-	18	0	0	1	18	50386424	50386407	NA	NA
2524433_1	chrY	-	18	0	0	1	18	10037770	10037787	NA	NA
2524434_1	chr19	-	18	0	0	1	18	9271031	9271048	NA	NA
2524435_1	chr20	-	18	0	0	1	18	61205107	61205124	NA	NA
2524436_1	chrX	-	18	0	0	1	18	108297810	108297827	NA	NA
2524437_1	chr13	-	18	0	0	1	18	34404024	34404041	NA	NA
2524438_1	chr7	-	18	0	0	1	18	155170806	155170789	NA	NA
2524439_1	chr7	-	18	0	0	1	18	22551346	22551329	NA	NA
2524440_1	chr12	-	18	0	0	1	18	108867731	108867714	NA	NA
2524441_1	chr21	-	18	0	0	1	18	9827383	9827400	NA	NA
2524442_1	chr10	-	18	0	0	1	18	80303126	80303143	NA	NA
2524443_1	chr4	-	18	0	0	1	18	100477765	100477782	NA	NA
2524444_1	chr2	-	18	0	0	1	18	73961666	73961649	NA	NA
2524445_1	chr11	-	18	0	0	1	18	71939233	71939250	NA	NA
2524446_1	chr19	-	18	0	0	1	18	49416353	49416370	NA	NA
2524447_1	chr2	-	18	0	0	1	18	225122029	225122012	NA	NA
2524448_1	chr1	-	18	0	0	1	18	151374299	151374316	NA	NA
2524449_1	chr12	-	18	0	0	1	18	56524839	56524856	NA	NA
2524450_1	chr6	-	18	0	0	1	18	26225382	26225399	NA	NA
2524451_1	chr3	-	18	0	0	1	18	49141089	49141072	NA	NA
2524452_1	chr1	-	18	0	0	1	18	52271213	52271196	NA	NA
2524453_1	chr17	-	18	0	0	1	18	75555826	75555809	NA	NA
2524454_5	chr16	-	18	0	0	1	18	47538730	47538747	NA	NA
2524455_1	chrX	-	18	0	0	1	18	116996634	116996617	NA	NA
2524456_1	chr17	-	18	0	0	1	18	74765922	74765939	NA	NA
2524457_1	chr17	-	18	0	0	1	18	39919326	39919309	NA	NA
2524458_1	chr1	-	18	0	0	1	18	63464871	63464854	NA	NA
2524459_1	chr12	-	18	0	0	1	18	58140859	58140876	NA	NA
2524460_1	chr9	-	18	0	0	1	18	140083529	140083546	NA	NA
2524461_1	chr18	-	18	0	0	1	18	54305781	54305764	NA	NA
2524462_1	chr1	-	18	0	0	1	18	1072476	1072459	NA	NA
2524463_1	chr6	-	18	0	0	1	18	30525124	30525141	NA	NA
2524464_1	chr1	-	18	0	0	1	18	171570089	171570072	NA	NA
2524465_1	chr14	-	18	0	0	1	18	81658953	81658936	NA	NA
2524466_1	chr21	-	18	0	0	1	18	9827176	9827193	NA	NA
2524467_3	chr12	-	18	0	0	1	18	127650913	127650896	NA	NA
2524468_2	chrX	-	18	0	0	1	18	108297809	108297826	NA	NA
2524469_1	chr20	-	18	0	0	1	18	25388478	25388495	NA	NA
2524470_1	chr17	-	18	0	0	1	18	41456518	41456535	NA	NA
2524471_1	chr9	-	18	0	0	1	18	139702439	139702422	NA	NA
2524472_1	chr8	-	18	0	0	1	18	145150747	145150764	NA	NA
2524473_1	chr6	-	18	0	0	1	18	26199915	26199932	NA	NA
2524474_2	chr17	-	18	0	0	1	18	33478291	33478274	NA	NA
2524475_1	chr16	-	18	0	0	1	18	47538731	47538748	NA	NA
2524476_1	chr2	-	18	0	0	1	18	189864237	189864254	NA	NA
2524477_1	chr2	-	18	0	0	1	18	55209768	55209751	NA	NA
2524478_1	chr2	-	18	0	0	1	18	133011936	133011919	NA	NA
2524479_1	chr3	-	18	0	0	1	18	98730948	98730931	NA	NA
2524480_1	chr9	-	18	0	0	1	18	139440195	139440178	NA	NA
2524481_3	chr17	-	18	0	0	1	18	2296347	2296364	NA	NA
2524482_2	chr21	-	18	0	0	1	18	32283693	32283676	NA	NA
2524483_1	chr14	-	18	0	0	1	18	24606362	24606379	NA	NA
2524484_1	chrX	-	18	0	0	1	18	152772026	152772043	NA	NA
2524485_1	chrX	-	18	0	0	1	18	9754589	9754572	NA	NA
2524486_1	chr7	-	18	0	0	1	18	2883948	2883931	NA	NA
2524487_1	chr9	-	18	0	0	1	18	22480824	22480841	NA	NA
2524488_1	chr11	-	18	0	0	1	18	2931872	2931889	NA	NA
2524489_1	chrY	-	18	0	0	1	18	10037856	10037873	NA	NA
2524490_1	chr5	-	18	0	0	1	18	32444385	32444368	NA	NA
2524491_1	chrX	-	18	0	0	1	18	108297808	108297825	NA	NA
2524492_1	chr12	-	18	0	0	1	18	98813719	98813702	NA	NA
2524493_1	chrX	-	18	0	0	1	18	51638725	51638742	NA	NA
2524494_3	chr8	-	18	0	0	1	18	21455987	21456004	NA	NA
# blasting completed