2523849_1	chr16	-	19	0	0	1	19	33963066	33963084	NA	NA
2523850_1	chr8	-	19	0	0	1	19	146015846	146015828	NA	NA
2523851_1	chr7	-	19	0	0	1	19	99017026	99017044	NA	NA
2523852_1	chr18	-	19	0	0	1	19	57006137	57006119	NA	NA
2523853_1	chr1	-	19	0	0	1	19	162748437	162748455	NA	NA
2523854_1	chr11	-	19	0	0	1	19	62648502	62648520	NA	NA
2523855_2	chr2	-	19	0	0	1	19	230045582	230045564	NA	NA
2523856_1	chr7	-	19	0	0	1	19	100800707	100800725	NA	NA
2523857_1	chr6	-	19	0	0	1	19	75466774	75466756	NA	NA
2523858_1	chr19	-	19	0	0	1	19	12156014	12155996	NA	NA
2523859_1	chr5	-	19	0	0	1	19	174909907	174909889	NA	NA
2523860_1	chr3	-	19	0	0	1	19	185641671	185641653	NA	NA
2523861_1	chr1	-	19	0	0	1	19	2992343	2992361	NA	NA
2523862_1	chr12	-	19	0	0	1	19	34372652	34372634	NA	NA
2523863_5	chr21	-	19	0	0	1	19	9827289	9827307	NA	NA
2523864_8	chr2	-	19	0	0	1	19	71565817	71565799	NA	NA
2523865_1	chr10	-	19	0	0	1	19	33187180	33187198	NA	NA
2523866_1	chr6	-	19	0	0	1	19	126293480	126293462	NA	NA
2523867_1	chr7	-	19	0	0	1	19	73097976	73097994	NA	NA
2523868_1	chr19	-	19	0	0	1	19	50354540	50354558	NA	NA
2523869_1	chr1	-	19	0	0	1	19	15620438	15620456	NA	NA
2523870_1	chr5	-	19	0	0	1	19	71146913	71146931	NA	NA
2523871_1	chr5	-	19	0	0	1	19	82836013	82836031	NA	NA
2523872_1	chr16	-	19	0	0	1	19	33963348	33963366	NA	NA
2523873_1	chr7	-	19	0	0	1	19	94294114	94294132	NA	NA
2523874_1	chr21	-	19	0	0	1	19	9827205	9827223	NA	NA
2523875_1	chr17	-	19	0	0	1	19	685490	685472	NA	NA
2523876_7	chrX	-	19	0	0	1	19	108297809	108297827	NA	NA
2523877_1	chr2	-	19	0	0	1	19	71565814	71565796	NA	NA
2523878_2	chr19	-	19	0	0	1	19	18418348	18418330	NA	NA
2523879_1	chr19	-	19	0	0	1	19	36037446	36037464	NA	NA
2523880_1	chr12	-	19	0	0	1	19	127650521	127650503	NA	NA
2523881_1	chr22	-	19	0	0	1	19	43312543	43312561	NA	NA
2523882_7	chr19	-	19	0	0	1	19	24185249	24185231	NA	NA
2523883_1	chr17	-	19	0	0	1	19	16425741	16425759	NA	NA
2523884_1	chr12	-	19	0	0	1	19	93805045	93805027	NA	NA
2523885_1	chr1	-	19	0	0	1	19	202304178	202304160	NA	NA
2523886_1	chrX	-	19	0	0	1	19	153714372	153714354	NA	NA
2523887_1	chr5	-	19	0	0	1	19	32420145	32420127	NA	NA
2523888_1	chr5	-	19	0	0	1	19	180669263	180669245	NA	NA
2523889_1	chr1	-	19	0	0	1	19	196682911	196682929	NA	NA
2523890_1	chr14	-	19	0	0	1	19	35592757	35592775	NA	NA
2523891_1	chrY	-	19	0	0	1	19	10036576	10036594	NA	NA
2523892_1	chr19	-	19	0	0	1	19	18420699	18420717	NA	NA
2523893_1	chr6	-	19	0	0	1	19	75857495	75857477	NA	NA
2523894_1	chr5	-	19	0	0	1	19	1801578	1801596	NA	NA
2523895_1	chr1	-	19	0	0	1	19	201844038	201844056	NA	NA
2523896_1	chr15	-	19	0	0	1	19	42201969	42201951	NA	NA
2523897_5	chr2	-	19	0	0	1	19	71565818	71565800	NA	NA
2523898_1	chr9	-	19	0	0	1	19	140350081	140350063	NA	NA
2523899_1	chr6	-	19	0	0	1	19	26252190	26252208	NA	NA
2523900_1	chr8	-	19	0	0	1	19	42256344	42256362	NA	NA
2523901_1	chr1	-	19	0	0	1	19	153507273	153507255	NA	NA
2523902_1	chr18	-	19	0	0	1	19	64705364	64705382	NA	NA
2523903_1	chr18	-	19	0	0	1	19	33754542	33754560	NA	NA
2523904_1	chr20	-	19	0	0	1	19	57478779	57478797	NA	NA
2523905_1	chr18	-	19	0	0	1	19	43664289	43664271	NA	NA
2523906_1	chr9	-	19	0	0	1	19	136293912	136293894	NA	NA
2523907_1	chr17	-	19	0	0	1	19	80048360	80048342	NA	NA
2523908_1	chr16	-	19	0	0	1	19	33963341	33963359	NA	NA
2523909_1	chr7	-	19	0	0	1	19	44609500	44609482	NA	NA
2523910_1	chr7	-	19	0	0	1	19	94574795	94574777	NA	NA
2523911_1	chr14	-	19	0	0	1	19	53237771	53237789	NA	NA
2523912_1	chr4	-	19	0	0	1	19	77997380	77997362	NA	NA
2523913_1	chrM	-	19	0	0	1	19	3099	3117	NA	NA
2523914_1	chr3	-	19	0	0	1	19	33840296	33840314	NA	NA
2523915_1	chrX	-	19	0	0	1	19	53566004	53565986	NA	NA
2523916_1	chr5	-	19	0	0	1	19	177020699	177020717	NA	NA
2523917_1	chr1	-	19	0	0	1	19	101387267	101387285	NA	NA
2523918_1	chr12	-	19	0	0	1	19	21796987	21796969	NA	NA
2523919_1	chr2	-	19	0	0	1	19	71739066	71739048	NA	NA
2523920_1	chr19	-	19	0	0	1	19	59060993	59061011	NA	NA
2523921_1	chr11	-	19	0	0	1	19	46727051	46727069	NA	NA
2523922_1	chr21	-	19	0	0	1	19	9827292	9827310	NA	NA
2523923_1	chr7	-	19	0	0	1	19	100028747	100028765	NA	NA
2523924_1	chr22	-	19	0	0	1	19	50986932	50986914	NA	NA
2523925_1	chr10	-	19	0	0	1	19	85908531	85908549	NA	NA
2523926_1	chr12	-	19	0	0	1	19	127650654	127650636	NA	NA
2523927_1	chr14	-	19	0	0	1	19	73396555	73396537	NA	NA
2523928_1	chr6	-	19	0	0	1	19	13615607	13615625	NA	NA
2523929_1	chr9	-	19	0	0	1	19	106877058	106877076	NA	NA
2523930_1	chr8	-	19	0	0	1	19	71487212	71487194	NA	NA
2523931_1	chr19	-	19	0	0	1	19	5244467	5244449	NA	NA
2523932_1	chr19	-	19	0	0	1	19	24185248	24185230	NA	NA
2523933_1	chr8	-	19	0	0	1	19	56755051	56755033	NA	NA
2523934_1	chr22	-	19	0	0	1	19	40676077	40676095	NA	NA
2523935_1	chr1	-	19	0	0	1	19	145103920	145103938	NA	NA
2523936_13	chr16	-	19	0	0	1	19	47538729	47538747	NA	NA
2523937_1	chr10	-	19	0	0	1	19	68805354	68805336	NA	NA
2523938_1	chr12	-	19	0	0	1	19	104318842	104318824	NA	NA
2523939_1	chr4	-	19	0	0	1	19	100870519	100870501	NA	NA
2523940_1	chr8	-	19	0	0	1	19	138245050	138245032	NA	NA
2523941_1	chr5	-	19	0	0	1	19	110836736	110836718	NA	NA
2523942_1	chr22	-	19	0	0	1	19	50721289	50721271	NA	NA
2523943_1	chr21	-	19	0	0	1	19	9827297	9827315	NA	NA
2523944_1	chr6	-	19	0	0	1	19	127421819	127421837	NA	NA
2523945_1	chr19	-	19	0	0	1	19	42071555	42071537	NA	NA
2523946_1	chr4	-	19	0	0	1	19	146398010	146398028	NA	NA
2523947_1	chr22	-	19	0	0	1	19	19164184	19164166	NA	NA
2523948_1	chr6	-	19	0	0	1	19	26156956	26156974	NA	NA
2523949_1	chr5	-	19	0	0	1	19	53935732	53935750	NA	NA
2523950_1	chr21	-	19	0	0	1	19	9827294	9827312	NA	NA
2523951_1	chr8	-	19	0	0	1	19	86376508	86376490	NA	NA
2523952_1	chr12	-	19	0	0	1	19	12830074	12830056	NA	NA
2523953_1	chr20	-	19	0	0	1	19	57605469	57605451	NA	NA
2523954_1	chr19	-	19	0	0	1	19	35263829	35263811	NA	NA
2523955_1	chr6	-	19	0	0	1	19	27860921	27860903	NA	NA
2523956_1	chr12	-	19	0	0	1	19	20704448	20704466	NA	NA
2523957_1	chr17	-	19	0	0	1	19	76869967	76869949	NA	NA
2523958_1	chr20	-	19	0	0	1	19	47706236	47706254	NA	NA
2523959_1	chr2	-	19	0	0	1	19	27589982	27589964	NA	NA
2523960_3	chr16	-	19	0	0	1	19	33965561	33965579	NA	NA
2523961_1	chr1	-	19	0	0	1	19	84971732	84971714	NA	NA
2523962_1	chr9	-	19	0	0	1	19	79186854	79186872	NA	NA
2523963_5	chr21	-	19	0	0	1	19	9827298	9827316	NA	NA
2523964_1	chr1	-	19	0	0	1	19	160326973	160326991	NA	NA
2523965_1	chr6	-	19	0	0	1	19	52131445	52131427	NA	NA
2523966_1	chr1	-	19	0	0	1	19	201453891	201453873	NA	NA
2523967_2	chrY	-	19	0	0	1	19	10037852	10037870	NA	NA
2523968_1	chr7	-	19	0	0	1	19	158609887	158609869	NA	NA
2523969_1	chr7	-	19	0	0	1	19	76022910	76022928	NA	NA
2523970_1	chr7	-	19	0	0	1	19	71275350	71275332	NA	NA
2523971_1	chr14	-	19	0	0	1	19	81964272	81964254	NA	NA
2523972_1	chr12	-	19	0	0	1	19	58111692	58111710	NA	NA
2523973_1	chr1	-	19	0	0	1	19	40881019	40881037	NA	NA
2523974_1	chr9	-	19	0	0	1	19	2459646	2459628	NA	NA
2523975_1	chr2	-	19	0	0	1	19	200820548	200820566	NA	NA
2523976_1	chr12	-	19	0	0	1	19	26148024	26148042	NA	NA
2523977_1	chr12	-	19	0	0	1	19	110819740	110819722	NA	NA
2523978_1	chr1	-	19	0	0	1	19	46049816	46049834	NA	NA
2523979_1	chrY	-	19	0	0	1	19	10037853	10037871	NA	NA
2523980_1	chr1	-	19	0	0	1	19	59369774	59369756	NA	NA
2523981_1	chr11	-	19	0	0	1	19	63971067	63971085	NA	NA
2523982_1	chr2	-	19	0	0	1	19	133012755	133012737	NA	NA
2523983_1	chr16	-	19	0	0	1	19	58577601	58577583	NA	NA
2523984_1	chr6	-	19	0	0	1	19	65879191	65879209	NA	NA
2523985_1	chr15	-	19	0	0	1	19	36909301	36909319	NA	NA
2523986_1	chr19	-	19	0	0	1	19	17346639	17346621	NA	NA
2523987_1	chr5	-	19	0	0	1	19	149682001	149682019	NA	NA
2523988_1	chr5	-	19	0	0	1	19	38463954	38463972	NA	NA
2523989_25	chr12	-	19	0	0	1	19	33049886	33049904	NA	NA
2523990_2	chr16	-	19	0	0	1	19	2827176	2827158	NA	NA
2523991_1	chr19	-	19	0	0	1	19	10217187	10217205	NA	NA
2523992_1	chr17	-	19	0	0	1	19	42936484	42936466	NA	NA
2523993_1	chr1	-	19	0	0	1	19	25483535	25483517	NA	NA
2523994_1	chr2	-	19	0	0	1	19	122288555	122288573	NA	NA
2523995_1	chr19	-	19	0	0	1	19	12758358	12758340	NA	NA
2523996_1	chr5	-	19	0	0	1	19	174220895	174220877	NA	NA
2523997_1	chr8	-	19	0	0	1	19	101421379	101421361	NA	NA
2523998_1	chr20	-	19	0	0	1	19	3783807	3783825	NA	NA
2523999_1	chr21	-	19	0	0	1	19	9827300	9827318	NA	NA
2524000_1	chr18	-	19	0	0	1	19	812483	812465	NA	NA
2524001_1	chr16	-	19	0	0	1	19	4385161	4385179	NA	NA
2524002_1	chrY	-	19	0	0	1	19	10035904	10035922	NA	NA
2524003_1	chr9	-	19	0	0	1	19	124088925	124088943	NA	NA
2524004_1	chr15	-	19	0	0	1	19	43707884	43707866	NA	NA
2524005_1	chr6	-	19	0	0	1	19	26046042	26046060	NA	NA
2524006_1	chr19	-	19	0	0	1	19	51301568	51301550	NA	NA
2524007_1	chr18	-	19	0	0	1	19	25532176	25532158	NA	NA
2524008_1	chr18	-	19	0	0	1	19	32202780	32202798	NA	NA
2524009_1	chr9	-	19	0	0	1	19	19928805	19928787	NA	NA
2524010_2	chr2	-	19	0	0	1	19	230045520	230045502	NA	NA
2524011_1	chr1	-	19	0	0	1	19	173450583	173450601	NA	NA
2524012_1	chrX	-	19	0	0	1	19	153200662	153200680	NA	NA
2524013_1	chr2	-	19	0	0	1	19	133039191	133039173	NA	NA
2524014_1	chr17	-	19	0	0	1	19	47075266	47075284	NA	NA
2524015_1	chr1	-	19	0	0	1	19	224371018	224371036	NA	NA
2524016_1	chr2	-	19	0	0	1	19	223498911	223498929	NA	NA
2524017_1	chr3	-	19	0	0	1	19	9934853	9934871	NA	NA
2524018_2	chr5	-	19	0	0	1	19	71146858	71146876	NA	NA
2524019_8	chr2	-	19	0	0	1	19	133011937	133011919	NA	NA
2524020_1	chr3	-	19	0	0	1	19	52740228	52740246	NA	NA
2524021_1	chr3	-	19	0	0	1	19	149243822	149243804	NA	NA
2524022_1	chr11	-	19	0	0	1	19	82905004	82905022	NA	NA
2524023_1	chr4	-	19	0	0	1	19	40045242	40045224	NA	NA
2524024_1	chr19	-	19	0	0	1	19	52716312	52716330	NA	NA
2524025_1	chr2	-	19	0	0	1	19	230045522	230045504	NA	NA
2524026_1	chr2	-	19	0	0	1	19	230045518	230045500	NA	NA
2524027_1	chr6	-	19	0	0	1	19	26250642	26250624	NA	NA
2524028_1	chr5	-	19	0	0	1	19	138700281	138700299	NA	NA
2524029_1	chr16	-	19	0	0	1	19	88600795	88600813	NA	NA
2524030_1	chr4	-	19	0	0	1	19	170533488	170533470	NA	NA
2524031_1	chr6	-	19	0	0	1	19	26033539	26033521	NA	NA
2524032_1	chr12	-	19	0	0	1	19	20704386	20704404	NA	NA
2524033_1	chr19	-	19	0	0	1	19	18420531	18420513	NA	NA
2524034_1	chr2	-	19	0	0	1	19	231738237	231738255	NA	NA
2524035_1	chr12	-	19	0	0	1	19	4609474	4609456	NA	NA
2524036_1	chr2	-	19	0	0	1	19	189854129	189854147	NA	NA
2524037_1	chr1	-	19	0	0	1	19	145109622	145109640	NA	NA
2524038_1	chr3	-	19	0	0	1	19	149686292	149686274	NA	NA
2524039_1	chr10	-	19	0	0	1	19	54538316	54538298	NA	NA
2524040_1	chr1	-	19	0	0	1	19	110134848	110134866	NA	NA
2524041_1	chr9	-	19	0	0	1	19	36191041	36191059	NA	NA
2524042_1	chr6	-	19	0	0	1	19	160210526	160210508	NA	NA
2524043_1	chr19	-	19	0	0	1	19	11030279	11030297	NA	NA
2524044_1	chr19	-	19	0	0	1	19	50364764	50364746	NA	NA
2524045_1	chr1	-	19	0	0	1	19	156290799	156290781	NA	NA
2524046_1	chr12	-	19	0	0	1	19	127650659	127650641	NA	NA
2524047_1	chr11	-	19	0	0	1	19	127116596	127116614	NA	NA
2524048_1	chr12	-	19	0	0	1	19	127650517	127650499	NA	NA
2524049_1	chr7	-	19	0	0	1	19	36429546	36429564	NA	NA
2524050_1	chr6	-	19	0	0	1	19	27806466	27806484	NA	NA
2524051_1	chr1	-	19	0	0	1	19	11968294	11968312	NA	NA
2524052_1	chr5	-	19	0	0	1	19	150488090	150488072	NA	NA
2524053_1	chr7	-	19	0	0	1	19	94293478	94293496	NA	NA
2524054_1	chrX	-	19	0	0	1	19	102586330	102586348	NA	NA
2524055_1	chr9	-	19	0	0	1	19	137218318	137218336	NA	NA
2524056_1	chr1	-	19	0	0	1	19	38265584	38265602	NA	NA
2524057_3	chr12	-	19	0	0	1	19	127650655	127650637	NA	NA
2524058_1	chr12	-	19	0	0	1	19	42792737	42792755	NA	NA
2524059_15	chr16	-	19	0	0	1	19	33963347	33963365	NA	NA
2524060_1	chr5	-	19	0	0	1	19	71146890	71146908	NA	NA
2524061_1	chr8	-	19	0	0	1	19	21455986	21456004	NA	NA
2524062_1	chr5	-	19	0	0	1	19	140027169	140027151	NA	NA
2524063_1	chr12	-	19	0	0	1	19	32871607	32871625	NA	NA
2524064_1	chr8	-	19	0	0	1	19	60368456	60368474	NA	NA
2524065_1	chr1	-	19	0	0	1	19	41284131	41284113	NA	NA
2524066_1	chr20	-	19	0	0	1	19	35856972	35856990	NA	NA
2524067_1	chr10	-	19	0	0	1	19	72061170	72061152	NA	NA
2524068_1	chr3	-	19	0	0	1	19	132060200	132060182	NA	NA
2524069_1	chr18	-	19	0	0	1	19	35065628	35065610	NA	NA
2524070_1	chr4	-	19	0	0	1	19	60931016	60930998	NA	NA
2524071_1	chr11	-	19	0	0	1	19	47594781	47594763	NA	NA
2524072_1	chr19	-	19	0	0	1	19	34921487	34921505	NA	NA
2524073_1	chr21	-	19	0	0	1	19	9827013	9827031	NA	NA
2524074_1	chr21	-	19	0	0	1	19	9827333	9827351	NA	NA
2524075_1	chr13	-	19	0	0	1	19	73351595	73351577	NA	NA
2524076_4	chrX	-	19	0	0	1	19	108297811	108297829	NA	NA
2524077_1	chr4	-	19	0	0	1	19	122744730	122744748	NA	NA
2524078_1	chrX	-	19	0	0	1	19	153218065	153218047	NA	NA
2524079_1	chr2	-	19	0	0	1	19	70314904	70314922	NA	NA
2524080_1	chr14	-	19	0	0	1	19	21209872	21209854	NA	NA
2524081_1	chr21	-	19	0	0	1	19	9827210	9827228	NA	NA
2524082_1	chr8	-	19	0	0	1	19	144046855	144046873	NA	NA
2524083_1	chr17	-	19	0	0	1	19	2240271	2240289	NA	NA
2524084_1	chr13	-	19	0	0	1	19	20240579	20240597	NA	NA
2524085_1	chr6	-	19	0	0	1	19	26043877	26043859	NA	NA
2524086_1	chr20	-	19	0	0	1	19	47705850	47705868	NA	NA
2524087_1	chr21	-	19	0	0	1	19	9827291	9827309	NA	NA
2524088_1	chr16	-	19	0	0	1	19	67693829	67693811	NA	NA
2524089_1	chr3	-	19	0	0	1	19	120053776	120053758	NA	NA
2524090_1	chrX	-	19	0	0	1	19	119760445	119760427	NA	NA
2524091_1	chr11	-	19	0	0	1	19	65302733	65302751	NA	NA
2524092_1	chr6	-	19	0	0	1	19	76194787	76194769	NA	NA
2524093_2	chr19	-	19	0	0	1	19	24185473	24185455	NA	NA
2524094_1	chr22	-	19	0	0	1	19	22161991	22161973	NA	NA
2524095_3	chr2	-	19	0	0	1	19	230045519	230045501	NA	NA
2524096_1	chr17	-	19	0	0	1	19	79564326	79564308	NA	NA
2524097_1	chr5	-	19	0	0	1	19	71146889	71146907	NA	NA
2524098_1	chr5	-	19	0	0	1	19	82837319	82837337	NA	NA
2524099_1	chr2	-	19	0	0	1	19	242265442	242265460	NA	NA
2524100_1	chr21	-	19	0	0	1	19	9827011	9827029	NA	NA
2524101_1	chr6	-	19	0	0	1	19	27778025	27778043	NA	NA
2524102_1	chr17	-	19	0	0	1	19	40120096	40120114	NA	NA
2524103_1	chr9	-	19	0	0	1	19	139702440	139702422	NA	NA
2524104_1	chr11	-	19	0	0	1	19	118966099	118966081	NA	NA
2524105_5	chr16	-	19	0	0	1	19	47538730	47538748	NA	NA
2524106_1	chr9	-	19	0	0	1	19	80863694	80863712	NA	NA
2524107_1	chr19	-	19	0	0	1	19	18547207	18547189	NA	NA
2524108_1	chr17	-	19	0	0	1	19	37607450	37607432	NA	NA
2524109_1	chrX	-	19	0	0	1	19	36178258	36178276	NA	NA
2524110_1	chr8	-	19	0	0	1	19	29208123	29208105	NA	NA
2524111_1	chr19	-	19	0	0	1	19	1407712	1407730	NA	NA
2524112_1	chr20	-	19	0	0	1	19	37341938	37341920	NA	NA
2524113_1	chrX	-	19	0	0	1	19	48435451	48435469	NA	NA
2524114_1	chr10	-	19	0	0	1	19	118659903	118659921	NA	NA
2524115_1	chr11	-	19	0	0	1	19	14520461	14520443	NA	NA
2524116_11	chr16	-	19	0	0	1	19	33965560	33965578	NA	NA
2524117_1	chr17	-	19	0	0	1	19	1747892	1747910	NA	NA
2524118_1	chr20	-	19	0	0	1	19	61205106	61205124	NA	NA
2524119_1	chr5	-	19	0	0	1	19	175815815	175815833	NA	NA
2524120_1	chr1	-	19	0	0	1	19	19566403	19566385	NA	NA
2524121_2	chr2	-	19	0	0	1	19	71565816	71565798	NA	NA
2524122_1	chr9	-	19	0	0	1	19	96214591	96214609	NA	NA
2524123_1	chrX	-	19	0	0	1	19	153053344	153053326	NA	NA
2524124_1	chr1	-	19	0	0	1	19	213186744	213186726	NA	NA
2524125_1	chrX	-	19	0	0	1	19	153592972	153592954	NA	NA
2524126_2	chr21	-	19	0	0	1	19	9827053	9827071	NA	NA
2524127_1	chr17	-	19	0	0	1	19	40618453	40618471	NA	NA
2524128_1	chr12	-	19	0	0	1	19	6646811	6646829	NA	NA
2524129_1	chr10	-	19	0	0	1	19	71245787	71245769	NA	NA
2524130_1	chr17	-	19	0	0	1	19	2077354	2077372	NA	NA
2524131_1	chr7	-	19	0	0	1	19	42005401	42005383	NA	NA
2524132_1	chrX	-	19	0	0	1	19	70320633	70320651	NA	NA
2524133_1	chr5	-	19	0	0	1	19	134735051	134735033	NA	NA
2524134_1	chr2	-	19	0	0	1	19	30775374	30775392	NA	NA
2524135_2	chr15	-	19	0	0	1	19	57178127	57178145	NA	NA
2524136_1	chr5	-	19	0	0	1	19	132112730	132112712	NA	NA
2524137_1	chr5	-	19	0	0	1	19	133453209	133453227	NA	NA
2524138_1	chr4	-	19	0	0	1	19	83280691	83280673	NA	NA
2524139_1	chr7	-	19	0	0	1	19	99621292	99621310	NA	NA
2524140_1	chr1	-	19	0	0	1	19	46067959	46067977	NA	NA
2524141_1	chr5	-	19	0	0	1	19	132202518	132202536	NA	NA
2524142_1	chr17	-	19	0	0	1	19	1027859	1027841	NA	NA
2524143_1	chr3	-	19	0	0	1	19	167759202	167759184	NA	NA
2524144_1	chrX	-	19	0	0	1	19	106960248	106960230	NA	NA
2524145_1	chr21	-	19	0	0	1	19	9827206	9827224	NA	NA
2524146_1	chr14	-	19	0	0	1	19	105644054	105644036	NA	NA
2524147_1	chr7	-	19	0	0	1	19	94292865	94292883	NA	NA
2524148_1	chrX	-	19	0	0	1	19	48434732	48434750	NA	NA
2524149_1	chr6	-	19	0	0	1	19	44221286	44221304	NA	NA
2524150_1	chr2	-	19	0	0	1	19	136678172	136678154	NA	NA
2524151_1	chr15	-	19	0	0	1	19	93524868	93524850	NA	NA
2524152_1	chr16	-	19	0	0	1	19	57500101	57500119	NA	NA
2524153_1	chr2	-	19	0	0	1	19	220115362	220115344	NA	NA
2524154_1	chr9	-	19	0	0	1	19	32573059	32573041	NA	NA
2524155_1	chr2	-	19	0	0	1	19	170382130	170382148	NA	NA
2524156_1	chr2	-	19	0	0	1	19	152541346	152541328	NA	NA
2524157_1	chr8	-	19	0	0	1	19	75272431	75272449	NA	NA
2524158_1	chr2	-	19	0	0	1	19	170367171	170367189	NA	NA
2524159_1	chr20	-	19	0	0	1	19	30193158	30193176	NA	NA
2524160_1	chr2	-	19	0	0	1	19	217475223	217475205	NA	NA
2524161_1	chr1	-	19	0	0	1	19	85113121	85113103	NA	NA
2524162_1	chr2	-	19	0	0	1	19	189859462	189859480	NA	NA
2524163_1	chr5	-	19	0	0	1	19	122990816	122990834	NA	NA
2524164_1	chr1	-	19	0	0	1	19	149859208	149859190	NA	NA
2524165_1	chr2	-	19	0	0	1	19	217364076	217364094	NA	NA
2524166_1	chr20	-	19	0	0	1	19	57466562	57466580	NA	NA
2524167_1	chr1	-	19	0	0	1	19	52841204	52841186	NA	NA
2524168_1	chrX	-	19	0	0	1	19	47221771	47221753	NA	NA
2524169_1	chr20	-	19	0	0	1	19	5100543	5100525	NA	NA
2524170_1	chr16	-	19	0	0	1	19	23504717	23504699	NA	NA
2524171_1	chr12	-	19	0	0	1	19	19566120	19566138	NA	NA
2524172_1	chr11	-	19	0	0	1	19	18343918	18343936	NA	NA
2524173_1	chr19	-	19	0	0	1	19	24185496	24185478	NA	NA
2524174_1	chr1	-	19	0	0	1	19	46083735	46083753	NA	NA
2524175_1	chr7	-	19	0	0	1	19	100275175	100275193	NA	NA
2524176_1	chr6	-	19	0	0	1	19	25727287	25727305	NA	NA
2524177_1	chr11	-	19	0	0	1	19	62609218	62609200	NA	NA
2524178_1	chrX	-	19	0	0	1	19	24228487	24228505	NA	NA
2524179_1	chr1	-	19	0	0	1	19	226556023	226556005	NA	NA
2524180_1	chr2	-	19	0	0	1	19	85780104	85780086	NA	NA
2524181_1	chr11	-	19	0	0	1	19	561864	561882	NA	NA
2524182_4	chr12	-	19	0	0	1	19	127650518	127650500	NA	NA
2524183_1	chr17	-	19	0	0	1	19	27348447	27348429	NA	NA
2524184_1	chrY	-	19	0	0	1	19	10036578	10036596	NA	NA
2524185_1	chr11	-	19	0	0	1	19	102479700	102479718	NA	NA
2524186_1	chr1	-	19	0	0	1	19	40208888	40208906	NA	NA
2524187_1	chr13	-	19	0	0	1	19	79918834	79918816	NA	NA
2524188_1	chr12	-	19	0	0	1	19	127650915	127650897	NA	NA
2524189_1	chr5	-	19	0	0	1	19	172353524	172353542	NA	NA
2524190_1	chr7	-	19	0	0	1	19	94285722	94285740	NA	NA
2524191_1	chr1	-	19	0	0	1	19	192780545	192780563	NA	NA
2524192_1	chr19	-	19	0	0	1	19	14677050	14677032	NA	NA
2524193_1	chr6	-	19	0	0	1	19	31921603	31921585	NA	NA
2524194_1	chr2	-	19	0	0	1	19	230045521	230045503	NA	NA
2524195_1	chr21	-	19	0	0	1	19	30316158	30316140	NA	NA
2524196_1	chrX	-	19	0	0	1	19	9754590	9754572	NA	NA
2524197_3	chr10	-	19	0	0	1	19	102045860	102045842	NA	NA
2524198_17	chr17	-	19	0	0	1	19	2296346	2296364	NA	NA
2524199_1	chr7	-	19	0	0	1	19	99690559	99690541	NA	NA
2524200_1	chr19	-	19	0	0	1	19	42503108	42503126	NA	NA
2524201_1	chr8	-	19	0	0	1	19	97614728	97614746	NA	NA
2524202_2	chr17	-	19	0	0	1	19	33478266	33478248	NA	NA
2524203_2	chr16	-	19	0	0	1	19	67429709	67429691	NA	NA
2524204_1	chr21	-	19	0	0	1	19	9827395	9827413	NA	NA
2524205_1	chr14	-	19	0	0	1	19	96343096	96343078	NA	NA
2524206_1	chr14	-	19	0	0	1	19	58666982	58667000	NA	NA
2524207_1	chr16	-	19	0	0	1	19	83443008	83442990	NA	NA
2524208_5	chr17	-	19	0	0	1	19	33478293	33478275	NA	NA
2524209_3	chr1	-	19	0	0	1	19	19992300	19992318	NA	NA
2524210_3	chr16	-	19	0	0	1	19	47538728	47538746	NA	NA
2524211_1	chr1	-	19	0	0	1	19	179834727	179834709	NA	NA
2524212_1	chr19	-	19	0	0	1	19	39306305	39306287	NA	NA
2524213_1	chr1	-	19	0	0	1	19	27736292	27736274	NA	NA
2524214_1	chr1	-	19	0	0	1	19	3809478	3809460	NA	NA
2524215_1	chr17	-	19	0	0	1	19	80518172	80518190	NA	NA
2524216_1	chr1	-	19	0	0	1	19	56858606	56858624	NA	NA
2524217_1	chr14	-	19	0	0	1	19	81965830	81965812	NA	NA
2524218_1	chr16	-	19	0	0	1	19	33963725	33963743	NA	NA
2524219_1	chr4	-	19	0	0	1	19	100870535	100870517	NA	NA
2524220_1	chr8	-	19	0	0	1	19	68075997	68076015	NA	NA
2524221_1	chr3	-	19	0	0	1	19	122514295	122514313	NA	NA
2524222_1	chr2	-	19	0	0	1	19	30379586	30379604	NA	NA
2524223_1	chr1	-	19	0	0	1	19	46598410	46598392	NA	NA
2524224_1	chr11	-	19	0	0	1	19	134010575	134010593	NA	NA
2524225_1	chr19	-	19	0	0	1	19	47280622	47280604	NA	NA
2524226_1	chr16	-	19	0	0	1	19	33963730	33963748	NA	NA
2524227_1	chr6	-	19	0	0	1	19	21026017	21025999	NA	NA
2524228_8	chr17	-	19	0	0	1	19	33478294	33478276	NA	NA
2524229_1	chr5	-	19	0	0	1	19	37304873	37304855	NA	NA
2524230_1	chr13	-	19	0	0	1	19	43843700	43843682	NA	NA
2524231_6	chrX	-	19	0	0	1	19	108297810	108297828	NA	NA
2524232_1	chr2	-	19	0	0	1	19	43452168	43452150	NA	NA
2524233_1	chr22	-	19	0	0	1	19	22020386	22020404	NA	NA
2524234_1	chr17	-	19	0	0	1	19	4446410	4446392	NA	NA
2524235_1	chr7	-	19	0	0	1	19	94285729	94285747	NA	NA
2524236_1	chr13	-	19	0	0	1	19	41515079	41515061	NA	NA
2524237_3	chrX	-	19	0	0	1	19	108297808	108297826	NA	NA
2524238_1	chr7	-	19	0	0	1	19	87839357	87839339	NA	NA
2524239_1	chr17	-	19	0	0	1	19	42392695	42392713	NA	NA
2524240_1	chr16	-	19	0	0	1	19	33963340	33963358	NA	NA
2524241_4	chr21	-	19	0	0	1	19	42540715	42540697	NA	NA
2524242_2	chr16	-	19	0	0	1	19	47538731	47538749	NA	NA
2524243_1	chr1	-	19	0	0	1	19	16475389	16475371	NA	NA
2524244_1	chr8	-	19	0	0	1	19	21862516	21862534	NA	NA
2524245_1	chr19	-	19	0	0	1	19	56953615	56953597	NA	NA
2524246_1	chr7	-	19	0	0	1	19	100424751	100424733	NA	NA
2524247_1	chr2	-	19	0	0	1	19	170460183	170460201	NA	NA
2524248_1	chr4	-	19	0	0	1	19	41262673	41262691	NA	NA
2524249_1	chr1	-	19	0	0	1	19	153508381	153508363	NA	NA
2524250_1	chr16	-	19	0	0	1	19	1838682	1838700	NA	NA
2524251_1	chr10	-	19	0	0	1	19	60588547	60588565	NA	NA
2524252_1	chr19	-	19	0	0	1	19	59059881	59059899	NA	NA
2524253_1	chr21	-	19	0	0	1	19	9827165	9827183	NA	NA
2524254_5	chr12	-	19	0	0	1	19	127650657	127650639	NA	NA
2524255_1	chr1	-	19	0	0	1	19	41463152	41463170	NA	NA
2524256_1	chrX	-	19	0	0	1	19	36426506	36426524	NA	NA
2524257_1	chr22	-	19	0	0	1	19	24236741	24236759	NA	NA
2524258_1	chr2	-	19	0	0	1	19	133012891	133012873	NA	NA
2524259_1	chr9	-	19	0	0	1	19	103700352	103700334	NA	NA
2524260_1	chr1	-	19	0	0	1	19	167973955	167973973	NA	NA
2524261_1	chr17	-	19	0	0	1	19	33478329	33478311	NA	NA
2524262_21	chr9	-	19	0	0	1	19	79186851	79186869	NA	NA
2524263_1	chr5	-	19	0	0	1	19	174178763	174178745	NA	NA
2524264_1	chr11	-	19	0	0	1	19	57078813	57078795	NA	NA
2524265_1	chr21	-	19	0	0	1	19	9827114	9827132	NA	NA
2524266_1	chr3	-	19	0	0	1	19	23199258	23199240	NA	NA
2524267_1	chr13	-	19	0	0	1	19	57051173	57051191	NA	NA
2524268_1	chr6	-	19	0	0	1	19	126432846	126432828	NA	NA
2524269_1	chr6	-	19	0	0	1	19	26199502	26199484	NA	NA
2524270_1	chrX	-	19	0	0	1	19	47039327	47039345	NA	NA
2524271_1	chr16	-	19	0	0	1	19	13684493	13684475	NA	NA
2524272_1	chr1	-	19	0	0	1	19	23885888	23885870	NA	NA
2524273_1	chr16	-	19	0	0	1	19	9024234	9024216	NA	NA
2524274_1	chr20	-	19	0	0	1	19	34827926	34827944	NA	NA
2524275_1	chr7	-	19	0	0	1	19	883061	883079	NA	NA
2524276_1	chr17	-	19	0	0	1	19	70117773	70117791	NA	NA
2524277_1	chr17	-	19	0	0	1	19	33478260	33478242	NA	NA
2524278_1	chr19	-	19	0	0	1	19	50083813	50083795	NA	NA
2524279_1	chr21	-	19	0	0	1	19	30439322	30439304	NA	NA
2524280_1	chr7	-	19	0	0	1	19	5569235	5569217	NA	NA
2524281_1	chr4	-	19	0	0	1	19	39506106	39506088	NA	NA
2524282_1	chr21	-	19	0	0	1	19	9827163	9827181	NA	NA
2524283_1	chr4	-	19	0	0	1	19	467863	467845	NA	NA
2524284_1	chr11	-	19	0	0	1	19	66384256	66384274	NA	NA
2524285_1	chr1	-	19	0	0	1	19	24996698	24996716	NA	NA
2524286_1	chr6	-	19	0	0	1	19	153603879	153603861	NA	NA
2524287_1	chr17	-	19	0	0	1	19	39925349	39925331	NA	NA
2524288_1	chr12	-	19	0	0	1	19	98897289	98897307	NA	NA
2524289_1	chr11	-	19	0	0	1	19	48047570	48047588	NA	NA
2524290_2	chr2	-	19	0	0	1	19	133012334	133012316	NA	NA
# blasting completed