1844521_1	chr14	-	19	0	0	1	19	105816248	105816266	NA	NA
1844522_1	chr11	-	19	0	0	1	19	74109462	74109444	NA	NA
1844523_1	chr12	-	19	0	0	1	19	31375506	31375488	NA	NA
1844524_1	chr2	-	19	0	0	1	19	71565817	71565799	NA	NA
1844525_1	chr17	-	19	0	0	1	19	76972130	76972112	NA	NA
1844526_1	chr12	-	19	0	0	1	19	6875676	6875694	NA	NA
1844527_1	chr7	-	19	0	0	1	19	92462540	92462522	NA	NA
1844528_3	chr15	-	19	0	0	1	19	72582092	72582110	NA	NA
1844529_1	chrE	-	19	0	0	1	19	4596	4614	NA	NA
1844530_1	chr17	-	19	0	0	1	19	66016075	66016057	NA	NA
1844531_1	chrE	-	19	0	0	1	19	6702	6720	NA	NA
1844532_1	chr17	-	19	0	0	1	19	47874249	47874267	NA	NA
1844533_1	chr9	-	19	0	0	1	19	79976992	79976974	NA	NA
1844534_1	chr1	-	19	0	0	1	19	166313299	166313317	NA	NA
1844535_1	chr2	-	19	0	0	1	19	189856226	189856244	NA	NA
1844536_1	chr10	-	19	0	0	1	19	88649449	88649467	NA	NA
1844537_1	chr10	-	19	0	0	1	19	121591068	121591050	NA	NA
1844538_1	chr12	-	19	0	0	1	19	127650923	127650905	NA	NA
1844539_1	chr7	-	19	0	0	1	19	22341548	22341530	NA	NA
1844540_1	chrY	-	19	0	0	1	19	10037856	10037874	NA	NA
1844541_1	chr20	-	19	0	0	1	19	39652945	39652963	NA	NA
1844542_1	chr2	-	19	0	0	1	19	133574588	133574606	NA	NA
1844543_1	chrM	-	19	0	0	1	19	3239	3257	NA	NA
1844544_1	chr11	-	19	0	0	1	19	9327429	9327411	NA	NA
1844545_1	chr11	-	19	0	0	1	19	68550272	68550290	NA	NA
1844546_2	chr19	-	19	0	0	1	19	47124580	47124598	NA	NA
1844547_1	chr9	-	19	0	0	1	19	19063774	19063756	NA	NA
1844548_1	chr2	-	19	0	0	1	19	24484563	24484545	NA	NA
1844549_1	chr21	-	19	0	0	1	19	9827300	9827318	NA	NA
1844550_1	chr1	-	19	0	0	1	19	160647773	160647791	NA	NA
1844551_1	chr14	-	19	0	0	1	19	96343096	96343078	NA	NA
1844552_1	chr21	-	19	0	0	1	19	9827298	9827316	NA	NA
1844553_1	chr16	-	19	0	0	1	19	2827176	2827158	NA	NA
1844554_1	chr6	-	19	0	0	1	19	157517415	157517433	NA	NA
1844555_1	chr17	-	19	0	0	1	19	33478274	33478256	NA	NA
1844556_1	chr16	-	19	0	0	1	19	47538729	47538747	NA	NA
1844557_1	chr5	-	19	0	0	1	19	72004665	72004683	NA	NA
1844558_1	chr7	-	19	0	0	1	19	73101028	73101046	NA	NA
1844559_1	chrE	-	19	0	0	1	19	1827	1845	NA	NA
1844560_1	chr19	-	19	0	0	1	19	33792970	33792952	NA	NA
1844561_1	chr2	-	19	0	0	1	19	133011937	133011919	NA	NA
1844562_1	chr15	-	19	0	0	1	19	43663207	43663189	NA	NA
1844563_1	chr6	-	19	0	0	1	19	27860872	27860854	NA	NA
1844564_1	chr19	-	19	0	0	1	19	57454276	57454294	NA	NA
1844565_1	chr1	-	19	0	0	1	19	28975197	28975215	NA	NA
1844566_1	chr13	-	19	0	0	1	19	111980018	111980036	NA	NA
1844567_1	chr5	-	19	0	0	1	19	76729094	76729076	NA	NA
1844568_1	chr9	-	19	0	0	1	19	130587604	130587586	NA	NA
1844569_2	chr12	-	19	0	0	1	19	127650517	127650499	NA	NA
1844570_1	chr12	-	19	0	0	1	19	127650655	127650637	NA	NA
1844571_1	chr10	-	19	0	0	1	19	49863745	49863727	NA	NA
1844572_1	chr2	-	19	0	0	1	19	131098277	131098295	NA	NA
1844573_1	chr1	-	19	0	0	1	19	84003427	84003409	NA	NA
1844574_2	chr7	-	19	0	0	1	19	102553572	102553590	NA	NA
1844575_1	chr12	-	19	0	0	1	19	6875678	6875696	NA	NA
1844576_4	chrX	-	19	0	0	1	19	108297811	108297829	NA	NA
1844577_1	chr1	-	19	0	0	1	19	120906320	120906338	NA	NA
1844578_1	chr1	-	19	0	0	1	19	44054477	44054495	NA	NA
1844579_1	chr11	-	19	0	0	1	19	44621732	44621750	NA	NA
1844580_1	chrX	-	19	0	0	1	19	26402739	26402721	NA	NA
1844581_1	chr13	-	19	0	0	1	19	62250880	62250898	NA	NA
1844582_1	chr7	-	19	0	0	1	19	93972765	93972783	NA	NA
1844583_1	chr7	-	19	0	0	1	19	92852966	92852948	NA	NA
1844584_1	chr7	-	19	0	0	1	19	156792785	156792767	NA	NA
1844585_1	chr1	-	19	0	0	1	19	38462304	38462286	NA	NA
1844586_1	chr6	-	19	0	0	1	19	26204922	26204940	NA	NA
1844587_1	chr10	-	19	0	0	1	19	132588138	132588156	NA	NA
1844588_1	chrE	-	19	0	0	1	19	5436	5454	NA	NA
1844589_1	chr14	-	19	0	0	1	19	103988338	103988320	NA	NA
1844590_1	chr21	-	19	0	0	1	19	39199498	39199480	NA	NA
1844591_1	chr2	-	19	0	0	1	19	25475376	25475358	NA	NA
1844592_1	chrX	-	19	0	0	1	19	108297812	108297830	NA	NA
1844593_3	chr16	-	19	0	0	1	19	33965560	33965578	NA	NA
1844594_1	chr17	-	19	0	0	1	19	2296346	2296364	NA	NA
1844595_1	chr3	-	19	0	0	1	19	76480060	76480042	NA	NA
1844596_1	chr12	-	19	0	0	1	19	127650914	127650896	NA	NA
1844597_2	chrX	-	19	0	0	1	19	108297810	108297828	NA	NA
1844598_1	chr22	-	19	0	0	1	19	24236664	24236682	NA	NA
1844599_1	chr1	-	19	0	0	1	19	50994116	50994134	NA	NA
1844600_1	chr16	-	19	0	0	1	19	25266572	25266590	NA	NA
1844601_1	chr16	-	19	0	0	1	19	33963345	33963363	NA	NA
1844602_1	chr11	-	19	0	0	1	19	7110838	7110856	NA	NA
1844603_1	chr13	-	19	0	0	1	19	111368318	111368336	NA	NA
1844604_1	chr16	-	19	0	0	1	19	3338466	3338484	NA	NA
1844605_1	chr2	-	19	0	0	1	19	198273201	198273183	NA	NA
1844606_1	chr4	-	19	0	0	1	19	102117226	102117208	NA	NA
1844607_1	chr3	-	19	0	0	1	19	32676761	32676743	NA	NA
1844608_1	chr21	-	19	0	0	1	19	9827057	9827075	NA	NA
1844609_1	chr9	-	19	0	0	1	19	79186680	79186698	NA	NA
1844610_1	chr16	-	19	0	0	1	19	85286652	85286670	NA	NA
1844611_1	chr2	-	19	0	0	1	19	189869028	189869046	NA	NA
1844612_1	chr16	-	19	0	0	1	19	47538730	47538748	NA	NA
1844613_1	chr6	-	19	0	0	1	19	127440597	127440615	NA	NA
1844614_1	chr8	-	19	0	0	1	19	146015246	146015228	NA	NA
1844615_1	chr19	-	19	0	0	1	19	14628774	14628792	NA	NA
1844616_1	chr19	-	19	0	0	1	19	42364850	42364868	NA	NA
1844617_1	chr1	-	19	0	0	1	19	150305638	150305656	NA	NA
1844618_1	chr9	-	19	0	0	1	19	130965881	130965899	NA	NA
1844619_1	chr19	-	19	0	0	1	19	10226193	10226175	NA	NA
1844620_1	chr1	-	19	0	0	1	19	46598410	46598392	NA	NA
1844621_1	chr16	-	19	0	0	1	19	47538728	47538746	NA	NA
1844622_1	chr21	-	19	0	0	1	19	9827060	9827078	NA	NA
1844623_1	chr19	-	19	0	0	1	19	47349380	47349362	NA	NA
1844624_1	chr22	-	19	0	0	1	19	50720047	50720029	NA	NA
1844625_1	chr5	-	19	0	0	1	19	174220894	174220876	NA	NA
1844626_4	chrX	-	19	0	0	1	19	108297809	108297827	NA	NA
1844627_1	chrX	-	19	0	0	1	19	41084037	41084055	NA	NA
1844628_1	chr7	-	19	0	0	1	19	107866728	107866710	NA	NA
1844629_32	chr12	-	19	0	0	1	19	33049886	33049904	NA	NA
1844630_1	chr9	-	19	0	0	1	19	742443	742461	NA	NA
1844631_1	chr5	-	19	0	0	1	19	65127441	65127459	NA	NA
1844632_1	chr1	-	19	0	0	1	19	42671509	42671491	NA	NA
1844633_1	chr2	-	19	0	0	1	19	120003159	120003177	NA	NA
1844634_2	chr16	-	19	0	0	1	19	47538731	47538749	NA	NA
1844635_1	chr10	-	19	0	0	1	19	17496344	17496326	NA	NA
1844636_1	chr10	-	19	0	0	1	19	95061764	95061782	NA	NA
1844637_1	chr5	-	19	0	0	1	19	174178763	174178745	NA	NA
1844638_1	chrE	-	19	0	0	1	19	4193	4211	NA	NA
1844639_1	chrM	-	19	0	0	1	19	12277	12295	NA	NA
1844640_1	chr6	-	19	0	0	1	19	26197471	26197453	NA	NA
1844641_1	chr2	-	19	0	0	1	19	42588300	42588282	NA	NA
1844642_1	chr20	-	19	0	0	1	19	60878644	60878662	NA	NA
1844643_1	chr5	-	19	0	0	1	19	32387690	32387672	NA	NA
1844644_1	chrX	-	19	0	0	1	19	108297808	108297826	NA	NA
1844645_1	chr11	-	19	0	0	1	19	47447781	47447763	NA	NA
# blasting completed