87325_1	chrY	-	21	0	0	1	21	10037852	10037872	NA	NA
87326_1	chr9	-	21	0	0	1	21	136221739	136221719	NA	NA
87327_1	chr12	-	21	0	0	1	21	98927045	98927065	NA	NA
87328_1	chr2	-	21	0	0	1	21	189862451	189862471	NA	NA
87329_1	chr1	-	21	0	0	1	21	151810652	151810672	NA	NA
87330_1	chr19	-	21	0	0	1	21	19627080	19627100	NA	NA
87331_1	chr4	-	21	0	0	1	21	1981780	1981800	NA	NA
87332_1	chr2	-	21	0	0	1	21	189873851	189873871	NA	NA
87333_1	chr12	-	21	0	0	1	21	47186802	47186782	NA	NA
87334_1	chr8	-	21	0	0	1	21	29931488	29931468	NA	NA
87335_4	chr2	-	21	0	0	1	21	230045521	230045501	NA	NA
87336_1	chr19	-	21	0	0	1	21	15535496	15535476	NA	NA
87337_1	chr1	-	21	0	0	1	21	10854008	10853988	NA	NA
87338_1	chr15	-	21	0	0	1	21	70097238	70097218	NA	NA
87339_1	chr10	-	21	0	0	1	21	95241913	95241893	NA	NA
87340_1	chr6	-	21	0	0	1	21	13615606	13615626	NA	NA
87341_1	chr6	-	21	0	0	1	21	26250447	26250427	NA	NA
87342_1	chr6	-	21	0	0	1	21	26027302	26027282	NA	NA
87343_1	chr11	-	21	0	0	1	21	7110842	7110862	NA	NA
87344_1	chrE	-	21	0	0	1	21	979	999	NA	NA
87345_1	chr6	-	21	0	0	1	21	26204904	26204924	NA	NA
87346_1	chr9	-	21	0	0	1	21	35059638	35059618	NA	NA
87347_1	chr3	-	21	0	0	1	21	196660338	196660358	NA	NA
87348_1	chr11	-	21	0	0	1	21	65745042	65745062	NA	NA
87349_1	chr8	-	21	0	0	1	21	12612192	12612172	NA	NA
87350_1	chr16	-	21	0	0	1	21	2812910	2812930	NA	NA
87351_2	chr9	-	21	0	0	1	21	95940137	95940157	NA	NA
87352_1	chr17	-	21	0	0	1	21	74448896	74448876	NA	NA
87353_1	chr17	-	21	0	0	1	21	79804924	79804904	NA	NA
87354_169	chr5	-	21	0	0	1	21	488385	488405	NA	NA
87355_2	chr21	-	21	0	0	1	21	9827055	9827075	NA	NA
87356_1	chr5	-	21	0	0	1	21	80099287	80099307	NA	NA
87357_1	chr9	-	21	0	0	1	21	79186700	79186720	NA	NA
87358_1	chr17	-	21	0	0	1	21	30696724	30696744	NA	NA
87359_1	chr8	-	21	0	0	1	21	6566044	6566024	NA	NA
87360_1	chr11	-	21	0	0	1	21	71940706	71940726	NA	NA
87361_4	chr9	-	21	0	0	1	21	136933667	136933687	NA	NA
87362_12	chrX	-	21	0	0	1	21	108297809	108297829	NA	NA
87363_1	chrE	-	21	0	0	1	21	3631	3651	NA	NA
87364_1	chrE	-	21	0	0	1	21	957	977	NA	NA
87365_1	chr19	-	21	0	0	1	21	12917514	12917534	NA	NA
87366_1	chrE	-	21	0	0	1	21	747	767	NA	NA
87367_1	chr13	-	21	0	0	1	21	27334974	27334954	NA	NA
87368_1	chr2	-	21	0	0	1	21	230045520	230045500	NA	NA
87369_1	chrE	-	21	0	0	1	21	2307	2327	NA	NA
87370_1	chr17	-	21	0	0	1	21	80041876	80041856	NA	NA
87371_1	chr1	-	21	0	0	1	21	113207030	113207050	NA	NA
87372_1	chrE	-	21	0	0	1	21	924	944	NA	NA
87373_1	chr8	-	21	0	0	1	21	56755052	56755032	NA	NA
87374_1	chrE	-	21	0	0	1	21	1201	1221	NA	NA
87375_1	chr9	-	21	0	0	1	21	114134019	114133999	NA	NA
87376_1	chr6	-	21	0	0	1	21	26217366	26217386	NA	NA
87377_1	chr8	-	21	0	0	1	21	38187143	38187123	NA	NA
87378_1	chr11	-	21	0	0	1	21	118919002	118918982	NA	NA
87379_1	chr22	-	21	0	0	1	21	42608108	42608088	NA	NA
87380_1	chr4	-	21	0	0	1	21	70296636	70296616	NA	NA
87381_1	chr1	-	21	0	0	1	21	39325458	39325438	NA	NA
87382_4	chr22	-	21	0	0	1	21	43312543	43312563	NA	NA
87383_1	chrE	-	21	0	0	1	21	3642	3662	NA	NA
87384_1	chr2	-	21	0	0	1	21	10588349	10588329	NA	NA
87385_1	chr22	-	21	0	0	1	21	43011327	43011347	NA	NA
87386_1	chr12	-	21	0	0	1	21	52627307	52627327	NA	NA
87387_1	chr19	-	21	0	0	1	21	1356430	1356450	NA	NA
87388_1	chr21	-	21	0	0	1	21	46293521	46293501	NA	NA
87389_1	chr2	-	21	0	0	1	21	52003741	52003761	NA	NA
87390_1	chr3	-	21	0	0	1	21	160129752	160129772	NA	NA
87391_1	chr16	-	21	0	0	1	21	56225188	56225208	NA	NA
87392_1	chr3	-	21	0	0	1	21	127318308	127318328	NA	NA
87393_1	chrE	-	21	0	0	1	21	1823	1843	NA	NA
87394_1	chr10	-	21	0	0	1	21	7839050	7839070	NA	NA
87395_1	chr14	-	21	0	0	1	21	95235349	95235329	NA	NA
87396_2	chr5	-	21	0	0	1	21	80256486	80256466	NA	NA
87397_1	chr1	-	21	0	0	1	21	91853009	91852989	NA	NA
87398_1	chr19	-	21	0	0	1	21	10503989	10503969	NA	NA
87399_1	chr12	-	21	0	0	1	21	127650657	127650637	NA	NA
87400_2	chr16	-	21	0	0	1	21	12995349	12995369	NA	NA
87401_1	chr19	-	21	0	0	1	21	14800883	14800863	NA	NA
87402_1	chr13	-	21	0	0	1	21	98642420	98642440	NA	NA
87403_1	chr21	-	21	0	0	1	21	9827287	9827307	NA	NA
87404_1	chr1	-	21	0	0	1	21	62784981	62785001	NA	NA
87405_1	chr19	-	21	0	0	1	21	4179144	4179124	NA	NA
87406_2	chr12	-	21	0	0	1	21	127650633	127650613	NA	NA
87407_1	chr17	-	21	0	0	1	21	7308791	7308771	NA	NA
87408_1	chr21	-	21	0	0	1	21	9827015	9827035	NA	NA
87409_1	chr16	-	21	0	0	1	21	89715787	89715767	NA	NA
87410_1	chr18	-	21	0	0	1	21	21776124	21776104	NA	NA
87411_1	chr7	-	21	0	0	1	21	44135388	44135368	NA	NA
87412_2	chr16	-	21	0	0	1	21	47538728	47538748	NA	NA
87413_1	chr6	-	21	0	0	1	21	26285539	26285519	NA	NA
87414_1	chr12	-	21	0	0	1	21	56547401	56547421	NA	NA
87415_2	chr10	-	21	0	0	1	21	132588139	132588159	NA	NA
87416_1	chr10	-	21	0	0	1	21	11333460	11333480	NA	NA
87417_1	chr16	-	21	0	0	1	21	33963347	33963367	NA	NA
87418_1	chr12	-	21	0	0	1	21	6653231	6653211	NA	NA
87419_1	chr21	-	21	0	0	1	21	9827053	9827073	NA	NA
87420_1	chr8	-	21	0	0	1	21	28928607	28928627	NA	NA
87421_9	chr12	-	21	0	0	1	21	6875676	6875696	NA	NA
87422_6	chrX	-	21	0	0	1	21	9754592	9754572	NA	NA
87423_1	chrE	-	21	0	0	1	21	616	636	NA	NA
87424_1	chr12	-	21	0	0	1	21	127650654	127650634	NA	NA
87425_1	chr7	-	21	0	0	1	21	44240762	44240782	NA	NA
87426_1	chr2	-	21	0	0	1	21	198415252	198415272	NA	NA
87427_1	chr19	-	21	0	0	1	21	41928609	41928629	NA	NA
87428_1	chr9	-	21	0	0	1	21	139391607	139391587	NA	NA
87429_3	chr2	-	21	0	0	1	21	133012336	133012316	NA	NA
87430_1	chr6	-	21	0	0	1	21	27271628	27271608	NA	NA
87431_1	chr1	-	21	0	0	1	21	22857943	22857963	NA	NA
87432_1	chr2	-	21	0	0	1	21	85133159	85133179	NA	NA
87433_1	chr19	-	21	0	0	1	21	1625419	1625439	NA	NA
87434_1	chr1	-	21	0	0	1	21	11142780	11142760	NA	NA
87435_1	chr17	-	21	0	0	1	21	79805137	79805117	NA	NA
87436_1	chr6	-	21	0	0	1	21	158288640	158288660	NA	NA
87437_89	chr12	-	21	0	0	1	21	33049884	33049904	NA	NA
87438_1	chr5	-	21	0	0	1	21	1814547	1814567	NA	NA
87439_1	chrE	-	21	0	0	1	21	4342	4362	NA	NA
87440_1	chr1	-	21	0	0	1	21	43424206	43424186	NA	NA
87441_1	chr4	-	21	0	0	1	21	111553637	111553657	NA	NA
87442_1	chr1	-	21	0	0	1	21	45196761	45196741	NA	NA
87443_1	chr1	-	21	0	0	1	21	35247485	35247505	NA	NA
87444_1	chrX	-	21	0	0	1	21	135586602	135586622	NA	NA
87445_1	chr19	-	21	0	0	1	21	797589	797569	NA	NA
87446_1	chr12	-	21	0	0	1	21	59268084	59268064	NA	NA
87447_1	chr5	-	21	0	0	1	21	71146892	71146912	NA	NA
87448_1	chr14	-	21	0	0	1	21	59961912	59961932	NA	NA
87449_1	chr11	-	21	0	0	1	21	85195082	85195102	NA	NA
87450_1	chr2	-	21	0	0	1	21	230045519	230045499	NA	NA
87451_1	chr2	-	21	0	0	1	21	43453820	43453800	NA	NA
87452_1	chrX	-	21	0	0	1	21	110924481	110924501	NA	NA
87453_1	chr19	-	21	0	0	1	21	39926347	39926327	NA	NA
87454_1	chr6	-	21	0	0	1	21	27858534	27858514	NA	NA
87455_3	chr16	-	21	0	0	1	21	33963346	33963366	NA	NA
87456_1	chr21	-	21	0	0	1	21	9827162	9827182	NA	NA
87457_1	chr10	-	21	0	0	1	21	105615479	105615459	NA	NA
87458_3	chr8	-	21	0	0	1	21	21455985	21456005	NA	NA
87459_1	chr21	-	21	0	0	1	21	9827461	9827481	NA	NA
87460_1	chr21	-	21	0	0	1	21	47422346	47422366	NA	NA
87461_2	chr1	-	21	0	0	1	21	59248180	59248160	NA	NA
87462_1	chr11	-	21	0	0	1	21	72413237	72413257	NA	NA
87463_9	chr2	-	21	0	0	1	21	71565816	71565796	NA	NA
87464_1	chr4	-	21	0	0	1	21	41266135	41266155	NA	NA
87465_1	chr2	-	21	0	0	1	21	71565817	71565797	NA	NA
87466_1	chr20	-	21	0	0	1	21	5159493	5159513	NA	NA
87467_1	chr6	-	21	0	0	1	21	26032200	26032180	NA	NA
87468_1	chr8	-	21	0	0	1	21	144102990	144103010	NA	NA
87469_3	chr11	-	21	0	0	1	21	75946930	75946910	NA	NA
87470_1	chr17	-	21	0	0	1	21	74427164	74427184	NA	NA
87471_13	chr2	-	21	0	0	1	21	71565815	71565795	NA	NA
87472_1	chr1	-	21	0	0	1	21	145440355	145440375	NA	NA
87473_1	chr11	-	21	0	0	1	21	65360814	65360834	NA	NA
87474_1	chr2	-	21	0	0	1	21	159313641	159313661	NA	NA
87475_1	chr5	-	21	0	0	1	21	130495251	130495231	NA	NA
87476_2	chr10	-	21	0	0	1	21	121356512	121356532	NA	NA
87477_1	chr12	-	21	0	0	1	21	25047388	25047368	NA	NA
87478_1	chr4	-	21	0	0	1	21	22517526	22517506	NA	NA
87479_1	chr5	-	21	0	0	1	21	177708077	177708097	NA	NA
87480_1	chr8	-	21	0	0	1	21	25898428	25898408	NA	NA
87481_1	chr22	-	21	0	0	1	21	19492969	19492989	NA	NA
87482_1	chr22	-	21	0	0	1	21	43312545	43312565	NA	NA
87483_7	chr17	-	21	0	0	1	21	1928714	1928734	NA	NA
87484_1	chr20	-	21	0	0	1	21	489267	489247	NA	NA
87485_1	chr21	-	21	0	0	1	21	9827381	9827401	NA	NA
87486_1	chr10	-	21	0	0	1	21	3162203	3162223	NA	NA
87487_6	chr21	-	21	0	0	1	21	9827178	9827198	NA	NA
87488_1	chr2	-	21	0	0	1	21	73298789	73298769	NA	NA
87489_8	chr20	-	21	0	0	1	21	62421652	62421672	NA	NA
87490_1	chr20	-	21	0	0	1	21	33345663	33345643	NA	NA
87491_1	chr1	-	21	0	0	1	21	170024472	170024452	NA	NA
87492_1	chr21	-	21	0	0	1	21	9827205	9827225	NA	NA
87493_1	chr4	-	21	0	0	1	21	170679013	170678993	NA	NA
87494_1	chr5	-	21	0	0	1	21	82835362	82835382	NA	NA
87495_1	chr18	-	21	0	0	1	21	21057197	21057217	NA	NA
87496_2	chr2	-	21	0	0	1	21	133012965	133012945	NA	NA
87497_1	chr14	-	21	0	0	1	21	105781303	105781323	NA	NA
87498_1	chrE	-	21	0	0	1	21	5673	5693	NA	NA
87499_21	chr17	-	21	0	0	1	21	33478294	33478274	NA	NA
87500_1	chr8	-	21	0	0	1	21	131226843	131226823	NA	NA
87501_1	chr21	-	21	0	0	1	21	9827051	9827071	NA	NA
87502_1	chr10	-	21	0	0	1	21	128593721	128593741	NA	NA
87503_1	chr14	-	21	0	0	1	21	105635193	105635173	NA	NA
87504_1	chr2	-	21	0	0	1	21	3599882	3599862	NA	NA
87505_1	chrE	-	21	0	0	1	21	853	873	NA	NA
87506_1	chrE	-	21	0	0	1	21	2242	2262	NA	NA
87507_1	chr2	-	21	0	0	1	21	203241424	203241444	NA	NA
87508_1	chr1	-	21	0	0	1	21	182993204	182993224	NA	NA
87509_1	chr2	-	21	0	0	1	21	152432231	152432211	NA	NA
87510_1	chr9	-	21	0	0	1	21	139760688	139760668	NA	NA
87511_1	chr22	-	21	0	0	1	21	48283617	48283637	NA	NA
87512_1	chrX	-	21	0	0	1	21	108297730	108297750	NA	NA
87513_1	chr2	-	21	0	0	1	21	55277274	55277254	NA	NA
87514_1	chr17	-	21	0	0	1	21	663426	663406	NA	NA
87515_1	chr17	-	21	0	0	1	21	66039306	66039326	NA	NA
87516_2	chr21	-	21	0	0	1	21	9827295	9827315	NA	NA
87517_1	chr19	-	21	0	0	1	21	6418744	6418724	NA	NA
87518_1	chr1	-	21	0	0	1	21	94343099	94343079	NA	NA
87519_1	chrE	-	21	0	0	1	21	4390	4410	NA	NA
87520_1	chr6	-	21	0	0	1	21	26027213	26027193	NA	NA
87521_11	chr5	-	21	0	0	1	21	488386	488406	NA	NA
87522_1	chr6	-	21	0	0	1	21	26217407	26217427	NA	NA
87523_2	chrE	-	21	0	0	1	21	722	742	NA	NA
87524_1	chr1	-	21	0	0	1	21	44482398	44482418	NA	NA
87525_1	chr10	-	21	0	0	1	21	43800481	43800501	NA	NA
87526_1	chr5	-	21	0	0	1	21	162868085	162868105	NA	NA
87527_1	chr17	-	21	0	0	1	21	61903448	61903428	NA	NA
87528_8	chr17	-	21	0	0	1	21	33478295	33478275	NA	NA
87529_1	chrE	-	21	0	0	1	21	5346	5366	NA	NA
87530_1	chr17	-	21	0	0	1	21	33478296	33478276	NA	NA
87531_1	chr2	-	21	0	0	1	21	240322127	240322147	NA	NA
87532_1	chr16	-	21	0	0	1	21	72747227	72747247	NA	NA
87533_1	chr12	-	21	0	0	1	21	127650924	127650904	NA	NA
87534_6	chr19	-	21	0	0	1	21	24185475	24185455	NA	NA
87535_1	chr12	-	21	0	0	1	21	69140165	69140185	NA	NA
87536_10	chr19	-	21	0	0	1	21	44096780	44096760	NA	NA
87537_1	chr7	-	21	0	0	1	21	105187477	105187497	NA	NA
87538_1	chr14	-	21	0	0	1	21	100828207	100828187	NA	NA
87539_1	chr10	-	21	0	0	1	21	27459386	27459406	NA	NA
87540_10	chr2	-	21	0	0	1	21	71565819	71565799	NA	NA
87541_2	chr19	-	21	0	0	1	21	40883951	40883971	NA	NA
87542_1	chr16	-	21	0	0	1	21	1876668	1876688	NA	NA
87543_1	chrX	-	21	0	0	1	21	108297805	108297825	NA	NA
87544_2	chr5	-	21	0	0	1	21	71146890	71146910	NA	NA
87545_2	chr2	-	21	0	0	1	21	133039191	133039171	NA	NA
87546_1	chr13	-	21	0	0	1	21	27334977	27334957	NA	NA
87547_1	chr2	-	21	0	0	1	21	133039192	133039172	NA	NA
87548_1	chr17	-	21	0	0	1	21	79869559	79869539	NA	NA
87549_1	chrE	-	21	0	0	1	21	7138	7158	NA	NA
87550_1	chr22	-	21	0	0	1	21	36623628	36623608	NA	NA
87551_3	chr16	-	21	0	0	1	21	47538727	47538747	NA	NA
87552_1	chr19	-	21	0	0	1	21	39321788	39321768	NA	NA
87553_1	chr16	-	21	0	0	1	21	33963231	33963251	NA	NA
87554_8	chr17	-	21	0	0	1	21	81037676	81037656	NA	NA
87555_1	chr16	-	21	0	0	1	21	66461592	66461612	NA	NA
87556_1	chrE	-	21	0	0	1	21	5231	5251	NA	NA
87557_1	chr2	-	21	0	0	1	21	232326719	232326699	NA	NA
87558_1	chr3	-	21	0	0	1	21	2904281	2904261	NA	NA
87559_1	chrE	-	21	0	0	1	21	831	851	NA	NA
87560_2	chrE	-	21	0	0	1	21	3086	3106	NA	NA
87561_1	chr8	-	21	0	0	1	21	109254099	109254079	NA	NA
87562_1	chr17	-	21	0	0	1	21	77787607	77787627	NA	NA
87563_1	chr17	-	21	0	0	1	21	48227185	48227165	NA	NA
87564_2	chr11	-	21	0	0	1	21	7110843	7110863	NA	NA
87565_19	chr13	-	21	0	0	1	21	112758182	112758162	NA	NA
87566_1	chr14	-	21	0	0	1	21	95305023	95305043	NA	NA
87567_1	chr19	-	21	0	0	1	21	33902649	33902629	NA	NA
87568_1	chr19	-	21	0	0	1	21	1026681	1026701	NA	NA
87569_1	chr6	-	21	0	0	1	21	26022208	26022228	NA	NA
87570_1	chr21	-	21	0	0	1	21	9827299	9827319	NA	NA
87571_1	chr5	-	21	0	0	1	21	131408684	131408664	NA	NA
87572_1	chr19	-	21	0	0	1	21	708782	708802	NA	NA
87573_1	chrY	-	21	0	0	1	21	10037853	10037873	NA	NA
87574_1	chr17	-	21	0	0	1	21	44980170	44980150	NA	NA
87575_1	chr20	-	21	0	0	1	21	1089238	1089258	NA	NA
87576_3	chr21	-	21	0	0	1	21	9827298	9827318	NA	NA
87577_1	chr18	-	21	0	0	1	21	35065630	35065610	NA	NA
87578_1	chr19	-	21	0	0	1	21	7599007	7598987	NA	NA
87579_1	chr9	-	21	0	0	1	21	126777620	126777640	NA	NA
87580_1	chr17	-	21	0	0	1	21	63052816	63052796	NA	NA
87581_1	chrE	-	21	0	0	1	21	768	788	NA	NA
87582_1	chr6	-	21	0	0	1	21	136960740	136960720	NA	NA
87583_1	chr10	-	21	0	0	1	21	35415742	35415722	NA	NA
87584_1	chr21	-	21	0	0	1	21	9827374	9827394	NA	NA
87585_2	chr2	-	21	0	0	1	21	71565818	71565798	NA	NA
87586_3	chr9	-	21	0	0	1	21	79186676	79186696	NA	NA
87587_1	chr6	-	21	0	0	1	21	26156608	26156628	NA	NA
87588_1	chr5	-	21	0	0	1	21	180670824	180670804	NA	NA
87589_1	chr1	-	21	0	0	1	21	155247231	155247251	NA	NA
87590_1	chr19	-	21	0	0	1	21	32844464	32844484	NA	NA
87591_1	chr10	-	21	0	0	1	21	25241657	25241637	NA	NA
87592_1	chr17	-	21	0	0	1	21	33478265	33478245	NA	NA
87593_1	chr20	-	21	0	0	1	21	1165824	1165844	NA	NA
87594_1	chr4	-	21	0	0	1	21	120982100	120982080	NA	NA
87595_1	chr1	-	21	0	0	1	21	178822797	178822777	NA	NA
87596_3	chr21	-	21	0	0	1	21	9827300	9827320	NA	NA
87597_1	chr9	-	21	0	0	1	21	742443	742463	NA	NA
87598_1	chr11	-	21	0	0	1	21	1249959	1249939	NA	NA
87599_1	chr13	-	21	0	0	1	21	27334975	27334955	NA	NA
87600_1	chr7	-	21	0	0	1	21	23729036	23729056	NA	NA
87601_2	chr5	-	21	0	0	1	21	488384	488404	NA	NA
87602_1	chr17	-	21	0	0	1	21	2303163	2303183	NA	NA
87603_1	chr12	-	21	0	0	1	21	131357135	131357155	NA	NA
87604_2	chr22	-	21	0	0	1	21	43011325	43011345	NA	NA
87605_1	chr16	-	21	0	0	1	21	23654278	23654298	NA	NA
87606_1	chr7	-	21	0	0	1	21	100888328	100888308	NA	NA
87607_1	chr3	-	21	0	0	1	21	43147420	43147400	NA	NA
87608_1	chr11	-	21	0	0	1	21	17096697	17096677	NA	NA
87609_1	chrE	-	21	0	0	1	21	7079	7099	NA	NA
87610_1	chr9	-	21	0	0	1	21	19049592	19049612	NA	NA
87611_1	chr2	-	21	0	0	1	21	42282295	42282315	NA	NA
87612_1	chr5	-	21	0	0	1	21	57755840	57755820	NA	NA
87613_1	chr8	-	21	0	0	1	21	42911888	42911868	NA	NA
87614_1	chr10	-	21	0	0	1	21	111970573	111970593	NA	NA
87615_27	chr21	-	21	0	0	1	21	9827209	9827229	NA	NA
87616_1	chrX	-	21	0	0	1	21	54466868	54466888	NA	NA
87617_1	chr12	-	21	0	0	1	21	127650519	127650499	NA	NA
87618_1	chr5	-	21	0	0	1	21	149681994	149682014	NA	NA
87619_1	chr16	-	21	0	0	1	21	47538731	47538751	NA	NA
87620_1	chr14	-	21	0	0	1	21	20811501	20811481	NA	NA
87621_1	chrE	-	21	0	0	1	21	2616	2636	NA	NA
87622_1	chr10	-	21	0	0	1	21	88076857	88076877	NA	NA
87623_1	chr17	-	21	0	0	1	21	33478267	33478247	NA	NA
87624_1	chr21	-	21	0	0	1	21	46923949	46923969	NA	NA
87625_1	chr2	-	21	0	0	1	21	71565820	71565800	NA	NA
87626_1	chr5	-	21	0	0	1	21	149681999	149682019	NA	NA
87627_1	chr1	-	21	0	0	1	21	7074182	7074162	NA	NA
87628_1	chr12	-	21	0	0	1	21	2743182	2743162	NA	NA
87629_2	chr7	-	21	0	0	1	21	30054448	30054428	NA	NA
87630_1	chr22	-	21	0	0	1	21	43358036	43358016	NA	NA
87631_7	chr6	-	21	0	0	1	21	34664428	34664448	NA	NA
87632_1	chrE	-	21	0	0	1	21	4305	4325	NA	NA
87633_34	chrX	-	21	0	0	1	21	108297808	108297828	NA	NA
87634_1	chr1	-	21	0	0	1	21	31423001	31422981	NA	NA
87635_1	chr6	-	21	0	0	1	21	26056118	26056098	NA	NA
87636_1	chr16	-	21	0	0	1	21	47538726	47538746	NA	NA
87637_23	chr21	-	21	0	0	1	21	9827210	9827230	NA	NA
87638_4	chr9	-	21	0	0	1	21	136293913	136293893	NA	NA
87639_1	chr7	-	21	0	0	1	21	100304519	100304539	NA	NA
87640_1	chr21	-	21	0	0	1	21	27228116	27228136	NA	NA
87641_4	chr1	-	21	0	0	1	21	35247486	35247506	NA	NA
87642_13	chr16	-	21	0	0	1	21	47538729	47538749	NA	NA
87643_1	chr3	-	21	0	0	1	21	32544206	32544186	NA	NA
87644_1	chr21	-	21	0	0	1	21	9827163	9827183	NA	NA
87645_1	chr1	-	21	0	0	1	21	36074867	36074847	NA	NA
87646_1	chr1	-	21	0	0	1	21	45285588	45285568	NA	NA
87647_1	chr2	-	21	0	0	1	21	230045584	230045564	NA	NA
87648_1	chr16	-	21	0	0	1	21	85608042	85608062	NA	NA
87649_1	chr12	-	21	0	0	1	21	104010840	104010860	NA	NA
87650_2	chr17	-	21	0	0	1	21	76374558	76374578	NA	NA
87651_2	chr19	-	21	0	0	1	21	1625420	1625440	NA	NA
87652_1	chr7	-	21	0	0	1	21	19738073	19738053	NA	NA
87653_1	chr10	-	21	0	0	1	21	88649448	88649468	NA	NA
87654_1	chr2	-	21	0	0	1	21	71565821	71565801	NA	NA
87655_5	chr8	-	21	0	0	1	21	21455984	21456004	NA	NA
87656_1	chr4	-	21	0	0	1	21	187521174	187521154	NA	NA
87657_1	chr22	-	21	0	0	1	21	46466668	46466648	NA	NA
87658_1	chr12	-	21	0	0	1	21	127650655	127650635	NA	NA
87659_1	chrE	-	21	0	0	1	21	5976	5996	NA	NA
87660_1	chrE	-	21	0	0	1	21	6733	6753	NA	NA
87661_1	chrX	-	21	0	0	1	21	108297796	108297816	NA	NA
87662_2	chr7	-	21	0	0	1	21	1598677	1598697	NA	NA
87663_1	chr6	-	21	0	0	1	21	35656583	35656603	NA	NA
87664_1	chr2	-	21	0	0	1	21	117770033	117770053	NA	NA
87665_1	chr6	-	21	0	0	1	21	27271629	27271609	NA	NA
87666_1	chr12	-	21	0	0	1	21	98897288	98897308	NA	NA
87667_1	chr3	-	21	0	0	1	21	196594669	196594689	NA	NA
87668_1	chrM	-	21	0	0	1	21	9882	9902	NA	NA
87669_1	chr11	-	21	0	0	1	21	64556984	64556964	NA	NA
87670_1	chr6	-	21	0	0	1	21	26225560	26225580	NA	NA
87671_3	chr10	-	21	0	0	1	21	101945727	101945707	NA	NA
87672_1	chr2	-	21	0	0	1	21	55214684	55214664	NA	NA
87673_1	chr16	-	21	0	0	1	21	33963353	33963373	NA	NA
87674_1	chr12	-	21	0	0	1	21	90102504	90102484	NA	NA
87675_1	chr7	-	21	0	0	1	21	76134907	76134927	NA	NA
87676_2	chr9	-	21	0	0	1	21	100955065	100955045	NA	NA
87677_1	chr4	-	21	0	0	1	21	77926760	77926780	NA	NA
87678_1	chr13	-	21	0	0	1	21	24565704	24565684	NA	NA
87679_1	chr15	-	21	0	0	1	21	45695011	45695031	NA	NA
87680_1	chr18	-	21	0	0	1	21	9124904	9124924	NA	NA
87681_1	chr1	-	21	0	0	1	21	1737971	1737951	NA	NA
87682_1	chr8	-	21	0	0	1	21	102662857	102662837	NA	NA
87683_1	chrE	-	21	0	0	1	21	861	881	NA	NA
87684_1	chr2	-	21	0	0	1	21	66809102	66809122	NA	NA
87685_1	chr1	-	21	0	0	1	21	231041076	231041096	NA	NA
87686_1	chr17	-	21	0	0	1	21	2296344	2296364	NA	NA
87687_1	chr8	-	21	0	0	1	21	36376488	36376508	NA	NA
87688_1	chrE	-	21	0	0	1	21	4009	4029	NA	NA
87689_1	chr10	-	21	0	0	1	21	88471123	88471103	NA	NA
87690_1	chr16	-	21	0	0	1	21	86612856	86612836	NA	NA
87691_1	chr1	-	21	0	0	1	21	171810555	171810575	NA	NA
87692_1	chrE	-	21	0	0	1	21	2758	2778	NA	NA
87693_1	chr17	-	21	0	0	1	21	66016075	66016055	NA	NA
87694_1	chr11	-	21	0	0	1	21	62656048	62656068	NA	NA
87695_1	chr1	-	21	0	0	1	21	145440081	145440101	NA	NA
87696_1	chr3	-	21	0	0	1	21	23244472	23244492	NA	NA
87697_1	chr18	-	21	0	0	1	21	43666135	43666115	NA	NA
87698_1	chr2	-	21	0	0	1	21	242615253	242615233	NA	NA
87699_1	chr3	-	21	0	0	1	21	185644429	185644409	NA	NA
87700_1	chr12	-	21	0	0	1	21	113541749	113541729	NA	NA
87701_4	chr12	-	21	0	0	1	21	127650916	127650896	NA	NA
87702_1	chr12	-	21	0	0	1	21	127650914	127650894	NA	NA
87703_1	chr8	-	21	0	0	1	21	100899803	100899783	NA	NA
87704_1	chr2	-	21	0	0	1	21	216256381	216256361	NA	NA
87705_1	chr19	-	21	0	0	1	21	34890884	34890904	NA	NA
87706_1	chr19	-	21	0	0	1	21	41256877	41256897	NA	NA
87707_1	chr2	-	21	0	0	1	21	242625210	242625190	NA	NA
87708_1	chr12	-	21	0	0	1	21	67699596	67699616	NA	NA
87709_3	chrX	-	21	0	0	1	21	122318634	122318654	NA	NA
87710_13	chr13	-	21	0	0	1	21	112758181	112758161	NA	NA
87711_2	chrY	-	21	0	0	1	21	10037855	10037875	NA	NA
87712_1	chr8	-	21	0	0	1	21	28575274	28575294	NA	NA
87713_7	chrX	-	21	0	0	1	21	108297807	108297827	NA	NA
87714_1	chrX	-	21	0	0	1	21	108297804	108297824	NA	NA
87715_1	chr6	-	21	0	0	1	21	46726173	46726153	NA	NA
87716_1	chr16	-	21	0	0	1	21	1676138	1676158	NA	NA
87717_1	chr19	-	21	0	0	1	21	13049980	13050000	NA	NA
87718_1	chr7	-	21	0	0	1	21	73964516	73964496	NA	NA
87719_1	chr21	-	21	0	0	1	21	9827175	9827195	NA	NA
87720_1	chr20	-	21	0	0	1	21	62526870	62526850	NA	NA
87721_1	chr6	-	21	0	0	1	21	26156897	26156917	NA	NA
87722_1	chr19	-	21	0	0	1	21	41774184	41774204	NA	NA
87723_1	chr10	-	21	0	0	1	21	54538318	54538298	NA	NA
87724_1	chr3	-	21	0	0	1	21	149689461	149689481	NA	NA
87725_1	chr16	-	21	0	0	1	21	3097062	3097082	NA	NA
87726_4	chrX	-	21	0	0	1	21	108297810	108297830	NA	NA
87727_1	chrE	-	21	0	0	1	21	6147	6167	NA	NA
87728_1	chr21	-	21	0	0	1	21	47404130	47404110	NA	NA
87729_1	chr5	-	21	0	0	1	21	156186287	156186307	NA	NA
87730_1	chr4	-	21	0	0	1	21	191043014	191042994	NA	NA
87731_1	chr5	-	21	0	0	1	21	123982998	123982978	NA	NA
87732_1	chrE	-	21	0	0	1	21	4430	4450	NA	NA
87733_1	chr9	-	21	0	0	1	21	79186854	79186874	NA	NA
87734_1	chr12	-	21	0	0	1	21	80083898	80083918	NA	NA
87735_2	chr8	-	21	0	0	1	21	101118476	101118456	NA	NA
87736_1	chrE	-	21	0	0	1	21	6489	6509	NA	NA
87737_1	chr2	-	21	0	0	1	21	188332607	188332587	NA	NA
87738_3	chr21	-	21	0	0	1	21	45553059	45553039	NA	NA
87739_1	chr9	-	21	0	0	1	21	95940136	95940156	NA	NA
87740_2	chr12	-	21	0	0	1	21	33049885	33049905	NA	NA
87741_1	chrE	-	21	0	0	1	21	2278	2298	NA	NA
87742_2	chr14	-	21	0	0	1	21	96343098	96343078	NA	NA
87743_1	chr2	-	21	0	0	1	21	216251590	216251570	NA	NA
87744_2	chr17	-	21	0	0	1	21	33478331	33478311	NA	NA
87745_1	chr1	-	21	0	0	1	21	117209434	117209414	NA	NA
87746_1	chr6	-	21	0	0	1	21	33169120	33169140	NA	NA
87747_1	chr6	-	21	0	0	1	21	27858555	27858535	NA	NA
87748_1	chr14	-	21	0	0	1	21	73547949	73547929	NA	NA
87749_1	chr4	-	21	0	0	1	21	122590806	122590786	NA	NA
87750_1	chr7	-	21	0	0	1	21	1515908	1515888	NA	NA
87751_2	chr12	-	21	0	0	1	21	127650518	127650498	NA	NA
87752_1	chr13	-	21	0	0	1	21	21277875	21277895	NA	NA
87753_1	chr2	-	21	0	0	1	21	207024710	207024730	NA	NA
87754_1	chr6	-	21	0	0	1	21	26199792	26199812	NA	NA
87755_1	chr7	-	21	0	0	1	21	79846745	79846765	NA	NA
87756_1	chr20	-	21	0	0	1	21	54978975	54978995	NA	NA
87757_1	chr11	-	21	0	0	1	21	15136520	15136540	NA	NA
# blasting completed