87758_2	chrY	-	22	0	0	1	22	10037852	10037873	NA	NA
87759_1	chr4	-	22	0	0	1	22	73979583	73979562	NA	NA
87760_1	chr10	-	22	0	0	1	22	6245406	6245427	NA	NA
87761_1	chr7	-	22	0	0	1	22	92244536	92244515	NA	NA
87762_1	chr7	-	22	0	0	1	22	5643514	5643535	NA	NA
87763_1	chr9	-	22	0	0	1	22	131715051	131715072	NA	NA
87764_1	chr14	-	22	0	0	1	22	102473382	102473403	NA	NA
87765_8	chr9	-	22	0	0	1	22	136933666	136933687	NA	NA
87766_1	chr19	-	22	0	0	1	22	2328576	2328555	NA	NA
87767_1	chr19	-	22	0	0	1	22	54652401	54652422	NA	NA
87768_1	chr16	-	22	0	0	1	22	66851381	66851360	NA	NA
87769_1	chr22	-	22	0	0	1	22	22210628	22210649	NA	NA
87770_1	chr10	-	22	0	0	1	22	62547194	62547173	NA	NA
87771_1	chr7	-	22	0	0	1	22	100780798	100780819	NA	NA
87772_1	chr2	-	22	0	0	1	22	55844415	55844394	NA	NA
87773_1	chr11	-	22	0	0	1	22	67375923	67375944	NA	NA
87774_1	chr6	-	22	0	0	1	22	41065138	41065159	NA	NA
87775_1	chr21	-	22	0	0	1	22	9827058	9827079	NA	NA
87776_1	chr1	-	22	0	0	1	22	36101953	36101932	NA	NA
87777_1	chrE	-	22	0	0	1	22	2824	2845	NA	NA
87778_1	chr12	-	22	0	0	1	22	120720394	120720415	NA	NA
87779_3	chr21	-	22	0	0	1	22	9827291	9827312	NA	NA
87780_1	chr19	-	22	0	0	1	22	55769828	55769807	NA	NA
87781_1	chrE	-	22	0	0	1	22	2082	2103	NA	NA
87782_1	chr19	-	22	0	0	1	22	50001213	50001234	NA	NA
87783_1	chr22	-	22	0	0	1	22	24551935	24551914	NA	NA
87784_1	chr2	-	22	0	0	1	22	102490195	102490216	NA	NA
87785_1	chr1	-	22	0	0	1	22	167517289	167517268	NA	NA
87786_1	chr13	-	22	0	0	1	22	113883768	113883789	NA	NA
87787_1	chr1	-	22	0	0	1	22	9992174	9992153	NA	NA
87788_1	chrX	-	22	0	0	1	22	8699983	8699962	NA	NA
87789_1	chrE	-	22	0	0	1	22	2948	2969	NA	NA
87790_7	chr16	-	22	0	0	1	22	47538725	47538746	NA	NA
87791_2	chrX	-	22	0	0	1	22	106045899	106045878	NA	NA
87792_1	chr17	-	22	0	0	1	22	73761202	73761181	NA	NA
87793_5	chr19	-	22	0	0	1	22	24185252	24185231	NA	NA
87794_1	chr6	-	22	0	0	1	22	163836000	163836021	NA	NA
87795_1	chr7	-	22	0	0	1	22	5568041	5568020	NA	NA
87796_1	chr14	-	22	0	0	1	22	100728778	100728799	NA	NA
87797_1	chr16	-	22	0	0	1	22	47538730	47538751	NA	NA
87798_1	chr7	-	22	0	0	1	22	135258529	135258550	NA	NA
87799_1	chr7	-	22	0	0	1	22	5569272	5569251	NA	NA
87800_1	chr1	-	22	0	0	1	22	151105349	151105370	NA	NA
87801_1	chr4	-	22	0	0	1	22	183811435	183811414	NA	NA
87802_1	chr17	-	22	0	0	1	22	45904123	45904102	NA	NA
87803_1	chr2	-	22	0	0	1	22	242265505	242265526	NA	NA
87804_1	chr19	-	22	0	0	1	22	24185253	24185232	NA	NA
87805_1	chrE	-	22	0	0	1	22	2937	2958	NA	NA
87806_1	chr3	-	22	0	0	1	22	108301002	108300981	NA	NA
87807_1	chr2	-	22	0	0	1	22	96874429	96874408	NA	NA
87808_1	chr16	-	22	0	0	1	22	85711912	85711891	NA	NA
87809_1	chr5	-	22	0	0	1	22	174220895	174220874	NA	NA
87810_1	chr8	-	22	0	0	1	22	140991035	140991056	NA	NA
87811_1	chr1	-	22	0	0	1	22	28862777	28862798	NA	NA
87812_1	chr1	-	22	0	0	1	22	19992297	19992318	NA	NA
87813_1	chrE	-	22	0	0	1	22	7010	7031	NA	NA
87814_1	chr8	-	22	0	0	1	22	26435622	26435643	NA	NA
87815_1	chrE	-	22	0	0	1	22	6101	6122	NA	NA
87816_1	chr15	-	22	0	0	1	22	40763112	40763133	NA	NA
87817_1	chr10	-	22	0	0	1	22	43592531	43592510	NA	NA
87818_13	chrX	-	22	0	0	1	22	108297809	108297830	NA	NA
87819_1	chrE	-	22	0	0	1	22	4695	4716	NA	NA
87820_1	chr8	-	22	0	0	1	22	144992653	144992632	NA	NA
87821_1	chr17	-	22	0	0	1	22	26898094	26898073	NA	NA
87822_1	chr19	-	22	0	0	1	22	18943199	18943178	NA	NA
87823_1	chr1	-	22	0	0	1	22	150876536	150876557	NA	NA
87824_1	chrE	-	22	0	0	1	22	1804	1825	NA	NA
87825_1	chr1	-	22	0	0	1	22	155247231	155247252	NA	NA
87826_1	chr22	-	22	0	0	1	22	31090924	31090945	NA	NA
87827_1	chr6	-	22	0	0	1	22	56506784	56506763	NA	NA
87828_1	chr20	-	22	0	0	1	22	44691254	44691233	NA	NA
87829_1	chr3	-	22	0	0	1	22	186505460	186505481	NA	NA
87830_1	chr12	-	22	0	0	1	22	105799837	105799816	NA	NA
87831_1	chr12	-	22	0	0	1	22	57906529	57906550	NA	NA
87832_1	chr1	-	22	0	0	1	22	156247842	156247821	NA	NA
87833_2	chr19	-	22	0	0	1	22	44096781	44096760	NA	NA
87834_1	chr3	-	22	0	0	1	22	8775535	8775556	NA	NA
87835_1	chr2	-	22	0	0	1	22	220090236	220090215	NA	NA
87836_1	chr5	-	22	0	0	1	22	114961573	114961552	NA	NA
87837_1	chr17	-	22	0	0	1	22	74733372	74733351	NA	NA
87838_3	chr2	-	22	0	0	1	22	230045520	230045499	NA	NA
87839_1	chr8	-	22	0	0	1	22	86126802	86126781	NA	NA
87840_1	chr7	-	22	0	0	1	22	99026829	99026808	NA	NA
87841_1	chr7	-	22	0	0	1	22	75932011	75932032	NA	NA
87842_1	chr8	-	22	0	0	1	22	20066948	20066969	NA	NA
87843_1	chr2	-	22	0	0	1	22	225422477	225422456	NA	NA
87844_1	chr19	-	22	0	0	1	22	36231430	36231409	NA	NA
87845_1	chr17	-	22	0	0	1	22	81037677	81037656	NA	NA
87846_1	chr21	-	22	0	0	1	22	38081573	38081552	NA	NA
87847_1	chr11	-	22	0	0	1	22	118966114	118966093	NA	NA
87848_1	chr17	-	22	0	0	1	22	80014771	80014792	NA	NA
87849_1	chr21	-	22	0	0	1	22	30547193	30547214	NA	NA
87850_1	chr19	-	22	0	0	1	22	55997049	55997070	NA	NA
87851_7	chr21	-	22	0	0	1	22	9827207	9827228	NA	NA
87852_1	chr12	-	22	0	0	1	22	56435747	56435768	NA	NA
87853_11	chr16	-	22	0	0	1	22	47538726	47538747	NA	NA
87854_21	chr2	-	22	0	0	1	22	71565817	71565796	NA	NA
87855_1	chr20	-	22	0	0	1	22	60962387	60962408	NA	NA
87856_1	chr8	-	22	0	0	1	22	145154267	145154246	NA	NA
87857_1	chr6	-	22	0	0	1	22	27100483	27100462	NA	NA
87858_1	chr6	-	22	0	0	1	22	110820195	110820216	NA	NA
87859_1	chr16	-	22	0	0	1	22	72991733	72991712	NA	NA
87860_1	chr3	-	22	0	0	1	22	55521126	55521105	NA	NA
87861_1	chr11	-	22	0	0	1	22	93232465	93232444	NA	NA
87862_1	chr7	-	22	0	0	1	22	107564412	107564391	NA	NA
87863_3	chr2	-	22	0	0	1	22	133038794	133038773	NA	NA
87864_1	chrY	-	22	0	0	1	22	10037766	10037787	NA	NA
87865_1	chrE	-	22	0	0	1	22	5450	5471	NA	NA
87866_1	chr3	-	22	0	0	1	22	187872098	187872119	NA	NA
87867_1	chr11	-	22	0	0	1	22	85195210	85195231	NA	NA
87868_1	chr2	-	22	0	0	1	22	133037887	133037866	NA	NA
87869_1	chr21	-	22	0	0	1	22	9827035	9827056	NA	NA
87870_1	chr20	-	22	0	0	1	22	61527603	61527582	NA	NA
87871_1	chr8	-	22	0	0	1	22	56755057	56755036	NA	NA
87872_2	chr5	-	22	0	0	1	22	150036288	150036309	NA	NA
87873_1	chr5	-	22	0	0	1	22	123972981	123972960	NA	NA
87874_1	chr12	-	22	0	0	1	22	46662758	46662737	NA	NA
87875_1	chr17	-	22	0	0	1	22	4851669	4851648	NA	NA
87876_1	chr9	-	22	0	0	1	22	112705337	112705358	NA	NA
87877_1	chr6	-	22	0	0	1	22	44214893	44214914	NA	NA
87878_1	chrE	-	22	0	0	1	22	5374	5395	NA	NA
87879_1	chr16	-	22	0	0	1	22	67268171	67268150	NA	NA
87880_2	chr19	-	22	0	0	1	22	24184631	24184610	NA	NA
87881_1	chr20	-	22	0	0	1	22	32581723	32581744	NA	NA
87882_1	chr1	-	22	0	0	1	22	35247485	35247506	NA	NA
87883_1	chr1	-	22	0	0	1	22	19638839	19638860	NA	NA
87884_6	chr12	-	22	0	0	1	22	127650657	127650636	NA	NA
87885_1	chrE	-	22	0	0	1	22	963	984	NA	NA
87886_1	chr21	-	22	0	0	1	22	43373758	43373779	NA	NA
87887_4	chr12	-	22	0	0	1	22	127650633	127650612	NA	NA
87888_1	chr2	-	22	0	0	1	22	230045588	230045567	NA	NA
87889_1	chrE	-	22	0	0	1	22	5457	5478	NA	NA
87890_249	chr9	-	22	0	0	1	22	136293914	136293893	NA	NA
87891_1	chr1	-	22	0	0	1	22	17028081	17028102	NA	NA
87892_1	chr19	-	22	0	0	1	22	45321839	45321860	NA	NA
87893_1	chr20	-	22	0	0	1	22	46912466	46912445	NA	NA
87894_1	chrE	-	22	0	0	1	22	4416	4437	NA	NA
87895_7	chr14	-	22	0	0	1	22	96343099	96343078	NA	NA
87896_1	chr6	-	22	0	0	1	22	2903714	2903693	NA	NA
87897_91	chr5	-	22	0	0	1	22	488385	488406	NA	NA
87898_1	chr1	-	22	0	0	1	22	113234374	113234395	NA	NA
87899_2	chr14	-	22	0	0	1	22	96343100	96343079	NA	NA
87900_1	chr16	-	22	0	0	1	22	33963343	33963364	NA	NA
87901_1	chr14	-	22	0	0	1	22	102551145	102551124	NA	NA
87902_1	chr2	-	22	0	0	1	22	230045522	230045501	NA	NA
87903_1	chr20	-	22	0	0	1	22	31172348	31172327	NA	NA
87904_1	chr7	-	22	0	0	1	22	92462887	92462866	NA	NA
87905_1	chr12	-	22	0	0	1	22	6647008	6647029	NA	NA
87906_1	chr16	-	22	0	0	1	22	33963345	33963366	NA	NA
87907_1	chrE	-	22	0	0	1	22	4769	4790	NA	NA
87908_1	chr17	-	22	0	0	1	22	43303035	43303056	NA	NA
87909_1	chr2	-	22	0	0	1	22	85133179	85133200	NA	NA
87910_1	chr1	-	22	0	0	1	22	150116904	150116925	NA	NA
87911_1	chr7	-	22	0	0	1	22	143010054	143010033	NA	NA
87912_1	chrY	-	22	0	0	1	22	10036581	10036602	NA	NA
87913_1	chr5	-	22	0	0	1	22	154339545	154339566	NA	NA
87914_1	chr16	-	22	0	0	1	22	33963181	33963202	NA	NA
87915_1	chr5	-	22	0	0	1	22	71146888	71146909	NA	NA
87916_1	chr2	-	22	0	0	1	22	169312854	169312875	NA	NA
87917_3	chr12	-	22	0	0	1	22	33049883	33049904	NA	NA
87918_1	chr7	-	22	0	0	1	22	96339030	96339009	NA	NA
87919_1	chr21	-	22	0	0	1	22	9827463	9827484	NA	NA
87920_1	chr10	-	22	0	0	1	22	98479863	98479842	NA	NA
87921_1	chr9	-	22	0	0	1	22	79186850	79186871	NA	NA
87922_1	chr7	-	22	0	0	1	22	99091410	99091389	NA	NA
87923_1	chr11	-	22	0	0	1	22	8704777	8704798	NA	NA
87924_1	chrE	-	22	0	0	1	22	5147	5168	NA	NA
87925_1	chr4	-	22	0	0	1	22	56262226	56262247	NA	NA
87926_1	chr17	-	22	0	0	1	22	80014581	80014602	NA	NA
87927_1	chr1	-	22	0	0	1	22	44482397	44482418	NA	NA
87928_33	chr12	-	22	0	0	1	22	6875676	6875697	NA	NA
87929_1	chr12	-	22	0	0	1	22	127650916	127650895	NA	NA
87930_1	chr12	-	22	0	0	1	22	122734682	122734703	NA	NA
87931_1	chrE	-	22	0	0	1	22	616	637	NA	NA
87932_1	chr19	-	22	0	0	1	22	1242477	1242498	NA	NA
87933_1	chr19	-	22	0	0	1	22	13246298	13246319	NA	NA
87934_1	chr9	-	22	0	0	1	22	32947072	32947093	NA	NA
87935_1	chr20	-	22	0	0	1	22	61569093	61569114	NA	NA
87936_1	chr17	-	22	0	0	1	22	32582423	32582444	NA	NA
87937_1	chr6	-	22	0	0	1	22	26046039	26046060	NA	NA
87938_1	chr7	-	22	0	0	1	22	75988060	75988039	NA	NA
87939_1	chr6	-	22	0	0	1	22	27775956	27775977	NA	NA
87940_2	chr1	-	22	0	0	1	22	2159940	2159919	NA	NA
87941_1	chr9	-	22	0	0	1	22	139412291	139412270	NA	NA
87942_1	chr6	-	22	0	0	1	22	26032240	26032219	NA	NA
87943_2	chr2	-	22	0	0	1	22	133012335	133012314	NA	NA
87944_1	chr3	-	22	0	0	1	22	37217586	37217565	NA	NA
87945_1	chr2	-	22	0	0	1	22	189876431	189876452	NA	NA
87946_1	chr5	-	22	0	0	1	22	12829825	12829846	NA	NA
87947_1	chr11	-	22	0	0	1	22	2153305	2153284	NA	NA
87948_1	chr7	-	22	0	0	1	22	139876152	139876173	NA	NA
87949_1	chrY	-	22	0	0	1	22	10037772	10037793	NA	NA
87950_1	chr1	-	22	0	0	1	22	150240473	150240452	NA	NA
87951_1	chr15	-	22	0	0	1	22	72502133	72502112	NA	NA
87952_1	chr17	-	22	0	0	1	22	78111987	78111966	NA	NA
87953_1	chr2	-	22	0	0	1	22	43184703	43184682	NA	NA
87954_3	chr21	-	22	0	0	1	22	9827176	9827197	NA	NA
87955_1	chr17	-	22	0	0	1	22	33478163	33478142	NA	NA
87956_1	chr12	-	22	0	0	1	22	57033874	57033853	NA	NA
87957_1	chr16	-	22	0	0	1	22	31138585	31138606	NA	NA
87958_1	chrE	-	22	0	0	1	22	3956	3977	NA	NA
87959_1	chr6	-	22	0	0	1	22	133593969	133593990	NA	NA
87960_1	chr17	-	22	0	0	1	22	79989308	79989329	NA	NA
87961_1	chr2	-	22	0	0	1	22	32804400	32804379	NA	NA
87962_1	chr2	-	22	0	0	1	22	230045516	230045495	NA	NA
87963_1	chr17	-	22	0	0	1	22	75484355	75484376	NA	NA
87964_1	chr14	-	22	0	0	1	22	77492547	77492526	NA	NA
87965_1	chr15	-	22	0	0	1	22	77770682	77770703	NA	NA
87966_1	chr1	-	22	0	0	1	22	149858192	149858171	NA	NA
87967_5	chr21	-	22	0	0	1	22	9827299	9827320	NA	NA
87968_1	chr9	-	22	0	0	1	22	136293913	136293892	NA	NA
87969_5	chr2	-	22	0	0	1	22	43453820	43453799	NA	NA
87970_2	chr7	-	22	0	0	1	22	99006210	99006189	NA	NA
87971_1	chr7	-	22	0	0	1	22	66460561	66460540	NA	NA
87972_1	chr9	-	22	0	0	1	22	117852998	117852977	NA	NA
87973_1	chr2	-	22	0	0	1	22	230045507	230045486	NA	NA
87974_1	chr8	-	22	0	0	1	22	70745392	70745371	NA	NA
87975_2	chr18	-	22	0	0	1	22	43914351	43914372	NA	NA
87976_1	chr12	-	22	0	0	1	22	53848513	53848534	NA	NA
87977_2	chr1	-	22	0	0	1	22	45196761	45196740	NA	NA
87978_1	chr1	-	22	0	0	1	22	149858168	149858147	NA	NA
87979_1	chr1	-	22	0	0	1	22	161410022	161410001	NA	NA
87980_1	chr5	-	22	0	0	1	22	175180712	175180733	NA	NA
87981_1	chr1	-	22	0	0	1	22	203691691	203691712	NA	NA
87982_1	chr4	-	22	0	0	1	22	114203891	114203912	NA	NA
87983_1	chr11	-	22	0	0	1	22	71726932	71726911	NA	NA
87984_1	chr6	-	22	0	0	1	22	76124665	76124644	NA	NA
87985_11	chr8	-	22	0	0	1	22	21455983	21456004	NA	NA
87986_111	chr10	-	22	0	0	1	22	21823745	21823766	NA	NA
87987_2	chr9	-	22	0	0	1	22	2844005	2844026	NA	NA
87988_1	chr5	-	22	0	0	1	22	90676831	90676810	NA	NA
87989_12	chr12	-	22	0	0	1	22	6875675	6875696	NA	NA
87990_4	chr21	-	22	0	0	1	22	9827150	9827171	NA	NA
87991_1	chr1	-	22	0	0	1	22	21113821	21113800	NA	NA
87992_3	chr19	-	22	0	0	1	22	24185476	24185455	NA	NA
87993_1	chr6	-	22	0	0	1	22	27835299	27835278	NA	NA
87994_1	chr11	-	22	0	0	1	22	62814256	62814277	NA	NA
87995_1	chrY	-	22	0	0	1	22	10037862	10037883	NA	NA
87996_1	chr19	-	22	0	0	1	22	47349391	47349370	NA	NA
87997_1	chr19	-	22	0	0	1	22	13051204	13051225	NA	NA
87998_1	chr8	-	22	0	0	1	22	65493945	65493966	NA	NA
87999_1	chr6	-	22	0	0	1	22	34664428	34664449	NA	NA
88000_2	chr5	-	22	0	0	1	22	71146889	71146910	NA	NA
88001_1	chr21	-	22	0	0	1	22	27228116	27228137	NA	NA
88002_1	chr1	-	22	0	0	1	22	183097815	183097836	NA	NA
88003_1	chr21	-	22	0	0	1	22	9827013	9827034	NA	NA
88004_1	chr6	-	22	0	0	1	22	44219484	44219505	NA	NA
88005_1	chrE	-	22	0	0	1	22	593	614	NA	NA
88006_1	chr9	-	22	0	0	1	22	37086666	37086687	NA	NA
88007_1	chr19	-	22	0	0	1	22	1625422	1625443	NA	NA
88008_1	chr7	-	22	0	0	1	22	100304750	100304771	NA	NA
88009_1	chr12	-	22	0	0	1	22	127650523	127650502	NA	NA
88010_1	chr17	-	22	0	0	1	22	17206748	17206727	NA	NA
88011_1	chr8	-	22	0	0	1	22	125551438	125551459	NA	NA
88012_1	chrX	-	22	0	0	1	22	47063023	47063044	NA	NA
88013_1	chr2	-	22	0	0	1	22	107503226	107503247	NA	NA
88014_1	chr2	-	22	0	0	1	22	98264562	98264583	NA	NA
88015_1	chr14	-	22	0	0	1	22	73614758	73614779	NA	NA
88016_1	chr9	-	22	0	0	1	22	79186733	79186754	NA	NA
88017_2	chr2	-	22	0	0	1	22	133037869	133037848	NA	NA
88018_1	chr12	-	22	0	0	1	22	124456693	124456714	NA	NA
88019_1	chr11	-	22	0	0	1	22	67378923	67378944	NA	NA
88020_1	chr17	-	22	0	0	1	22	48272645	48272624	NA	NA
88021_1	chr2	-	22	0	0	1	22	69545795	69545816	NA	NA
88022_1	chr10	-	22	0	0	1	22	133987006	133986985	NA	NA
88023_1	chr1	-	22	0	0	1	22	59235630	59235651	NA	NA
88024_1	chr11	-	22	0	0	1	22	119290935	119290914	NA	NA
88025_1	chr1	-	22	0	0	1	22	220313571	220313592	NA	NA
88026_1	chr8	-	22	0	0	1	22	121220523	121220544	NA	NA
88027_3	chr16	-	22	0	0	1	22	33963344	33963365	NA	NA
88028_1	chr16	-	22	0	0	1	22	33965557	33965578	NA	NA
88029_1	chr2	-	22	0	0	1	22	133037870	133037849	NA	NA
88030_1	chr2	-	22	0	0	1	22	173550437	173550416	NA	NA
88031_1	chr12	-	22	0	0	1	22	120720179	120720200	NA	NA
88032_1	chr3	-	22	0	0	1	22	122404091	122404112	NA	NA
88033_1	chr19	-	22	0	0	1	22	4307928	4307949	NA	NA
88034_1	chr22	-	22	0	0	1	22	45944603	45944624	NA	NA
88035_1	chr11	-	22	0	0	1	22	62621158	62621137	NA	NA
88036_1	chr2	-	22	0	0	1	22	26332670	26332691	NA	NA
88037_1	chr12	-	22	0	0	1	22	6709824	6709803	NA	NA
88038_1	chrE	-	22	0	0	1	22	4779	4800	NA	NA
88039_1	chr10	-	22	0	0	1	22	132588136	132588157	NA	NA
88040_1	chr2	-	22	0	0	1	22	55523648	55523627	NA	NA
88041_1	chr6	-	22	0	0	1	22	26033800	26033779	NA	NA
88042_1	chr2	-	22	0	0	1	22	62099632	62099611	NA	NA
88043_5	chr12	-	22	0	0	1	22	127650917	127650896	NA	NA
88044_1	chr8	-	22	0	0	1	22	80680612	80680633	NA	NA
88045_1	chr9	-	22	0	0	1	22	102814727	102814706	NA	NA
88046_1	chr10	-	22	0	0	1	22	6245404	6245425	NA	NA
88047_1	chr1	-	22	0	0	1	22	151372091	151372112	NA	NA
88048_1	chr19	-	22	0	0	1	22	5903694	5903673	NA	NA
88049_1	chr7	-	22	0	0	1	22	94293089	94293110	NA	NA
88050_1	chr9	-	22	0	0	1	22	21971105	21971084	NA	NA
88051_1	chr2	-	22	0	0	1	22	162364384	162364363	NA	NA
88052_1	chr17	-	22	0	0	1	22	19287240	19287261	NA	NA
88053_1	chrE	-	22	0	0	1	22	5638	5659	NA	NA
88054_1	chr18	-	22	0	0	1	22	43668147	43668126	NA	NA
88055_1	chr19	-	22	0	0	1	22	48220179	48220200	NA	NA
88056_1	chr20	-	22	0	0	1	22	61569610	61569631	NA	NA
88057_1	chrX	-	22	0	0	1	22	108297771	108297792	NA	NA
88058_1	chr14	-	22	0	0	1	22	50360228	50360249	NA	NA
88059_1	chr2	-	22	0	0	1	22	133012336	133012315	NA	NA
88060_1	chr6	-	22	0	0	1	22	37418085	37418106	NA	NA
88061_1	chrE	-	22	0	0	1	22	4602	4623	NA	NA
88062_1	chr21	-	22	0	0	1	22	9827203	9827224	NA	NA
88063_1	chr7	-	22	0	0	1	22	99693491	99693470	NA	NA
88064_5	chr17	-	22	0	0	1	22	1928714	1928735	NA	NA
88065_1	chr14	-	22	0	0	1	22	62162496	62162517	NA	NA
88066_1	chr10	-	22	0	0	1	22	102114206	102114227	NA	NA
88067_1	chr13	-	22	0	0	1	22	96706598	96706577	NA	NA
88068_1	chr3	-	22	0	0	1	22	49568864	49568885	NA	NA
88069_1	chr15	-	22	0	0	1	22	59203716	59203737	NA	NA
88070_1	chr22	-	22	0	0	1	22	43011377	43011398	NA	NA
88071_1	chr15	-	22	0	0	1	22	91072841	91072862	NA	NA
88072_1	chr6	-	22	0	0	1	22	17581047	17581068	NA	NA
88073_1	chr4	-	22	0	0	1	22	22392956	22392935	NA	NA
88074_2	chr17	-	22	0	0	1	22	79846438	79846417	NA	NA
88075_1	chr1	-	22	0	0	1	22	45285589	45285568	NA	NA
88076_1	chr2	-	22	0	0	1	22	102503579	102503600	NA	NA
88077_1	chr1	-	22	0	0	1	22	165636627	165636606	NA	NA
88078_1	chr21	-	22	0	0	1	22	9827178	9827199	NA	NA
88079_1	chr10	-	22	0	0	1	22	17271796	17271817	NA	NA
88080_1	chr21	-	22	0	0	1	22	9827048	9827069	NA	NA
88081_1	chr5	-	22	0	0	1	22	60751664	60751643	NA	NA
88082_1	chr5	-	22	0	0	1	22	149681998	149682019	NA	NA
88083_1	chr17	-	22	0	0	1	22	39890190	39890169	NA	NA
88084_1	chr7	-	22	0	0	1	22	90546958	90546979	NA	NA
88085_1	chr6	-	22	0	0	1	22	27775988	27776009	NA	NA
88086_1	chr11	-	22	0	0	1	22	18512226	18512205	NA	NA
88087_1	chr22	-	22	0	0	1	22	48971268	48971289	NA	NA
88088_1	chr2	-	22	0	0	1	22	133012862	133012841	NA	NA
88089_1	chrE	-	22	0	0	1	22	6954	6975	NA	NA
88090_1	chr6	-	22	0	0	1	22	31599800	31599821	NA	NA
88091_12	chr21	-	22	0	0	1	22	9827053	9827074	NA	NA
88092_5	chr21	-	22	0	0	1	22	9827205	9827226	NA	NA
88093_1	chr4	-	22	0	0	1	22	83785671	83785650	NA	NA
88094_3	chr12	-	22	0	0	1	22	127650656	127650635	NA	NA
88095_1	chrE	-	22	0	0	1	22	2653	2674	NA	NA
88096_3	chr5	-	22	0	0	1	22	80256486	80256465	NA	NA
88097_1	chr2	-	22	0	0	1	22	133012761	133012740	NA	NA
88098_1	chr17	-	22	0	0	1	22	45727771	45727792	NA	NA
88099_1	chr12	-	22	0	0	1	22	58087951	58087972	NA	NA
88100_37	chr2	-	22	0	0	1	22	71565816	71565795	NA	NA
88101_1	chrE	-	22	0	0	1	22	3948	3969	NA	NA
88102_1	chr18	-	22	0	0	1	22	19182791	19182770	NA	NA
88103_1	chr9	-	22	0	0	1	22	136705099	136705120	NA	NA
88104_2	chr1	-	22	0	0	1	22	11968288	11968309	NA	NA
88105_1	chr3	-	22	0	0	1	22	173739649	173739670	NA	NA
88106_1	chr10	-	22	0	0	1	22	17275905	17275926	NA	NA
88107_2	chr10	-	22	0	0	1	22	6245405	6245426	NA	NA
88108_1	chrE	-	22	0	0	1	22	1085	1106	NA	NA
88109_1	chr7	-	22	0	0	1	22	635874	635853	NA	NA
88110_1	chrY	-	22	0	0	1	22	10037768	10037789	NA	NA
88111_1	chr7	-	22	0	0	1	22	92244550	92244529	NA	NA
88112_1	chr17	-	22	0	0	1	22	42160025	42160004	NA	NA
88113_1	chr6	-	22	0	0	1	22	27839805	27839784	NA	NA
88114_1	chrE	-	22	0	0	1	22	4650	4671	NA	NA
88115_1	chr13	-	22	0	0	1	22	21721457	21721478	NA	NA
88116_1	chr6	-	22	0	0	1	22	26104267	26104288	NA	NA
88117_1	chr12	-	22	0	0	1	22	12975647	12975668	NA	NA
88118_1	chr2	-	22	0	0	1	22	44145204	44145183	NA	NA
88119_1	chr17	-	22	0	0	1	22	49354672	49354693	NA	NA
88120_1	chr6	-	22	0	0	1	22	34664427	34664448	NA	NA
88121_1	chr6	-	22	0	0	1	22	31753074	31753053	NA	NA
88122_1	chr1	-	22	0	0	1	22	115561448	115561469	NA	NA
88123_1	chr1	-	22	0	0	1	22	47882066	47882045	NA	NA
88124_1	chr8	-	22	0	0	1	22	141958818	141958797	NA	NA
88125_1	chr19	-	22	0	0	1	22	11689628	11689649	NA	NA
88126_1	chr6	-	22	0	0	1	22	26204844	26204865	NA	NA
88127_1	chr7	-	22	0	0	1	22	100780309	100780330	NA	NA
88128_1	chr7	-	22	0	0	1	22	4721949	4721970	NA	NA
88129_1	chr17	-	22	0	0	1	22	4699462	4699483	NA	NA
88130_2	chr5	-	22	0	0	1	22	488384	488405	NA	NA
88131_1	chrE	-	22	0	0	1	22	1196	1217	NA	NA
88132_1	chr21	-	22	0	0	1	22	9827290	9827311	NA	NA
88133_1	chrE	-	22	0	0	1	22	1927	1948	NA	NA
88134_1	chr1	-	22	0	0	1	22	211433015	211432994	NA	NA
88135_2	chr10	-	22	0	0	1	22	128593720	128593741	NA	NA
88136_1	chrE	-	22	0	0	1	22	2952	2973	NA	NA
88137_1	chr7	-	22	0	0	1	22	134143813	134143792	NA	NA
88138_1	chr9	-	22	0	0	1	22	139973565	139973586	NA	NA
88139_1	chr2	-	22	0	0	1	22	133012334	133012313	NA	NA
88140_1	chr15	-	22	0	0	1	22	99550296	99550275	NA	NA
88141_1	chr3	-	22	0	0	1	22	49400020	49399999	NA	NA
88142_1	chr21	-	22	0	0	1	22	9827297	9827318	NA	NA
88143_1	chrE	-	22	0	0	1	22	1256	1277	NA	NA
88144_1	chr10	-	22	0	0	1	22	6245399	6245420	NA	NA
88145_1	chr6	-	22	0	0	1	22	27860929	27860908	NA	NA
88146_1	chr2	-	22	0	0	1	22	74597831	74597810	NA	NA
88147_1	chr5	-	22	0	0	1	22	55770511	55770532	NA	NA
88148_1	chr16	-	22	0	0	1	22	69349904	69349925	NA	NA
88149_1	chr17	-	22	0	0	1	22	73775233	73775212	NA	NA
88150_1	chr16	-	22	0	0	1	22	33963221	33963242	NA	NA
88151_2	chr17	-	22	0	0	1	22	33478297	33478276	NA	NA
88152_1	chr3	-	22	0	0	1	22	44130070	44130049	NA	NA
88153_1	chr6	-	22	0	0	1	22	26056200	26056179	NA	NA
88154_1	chrE	-	22	0	0	1	22	722	743	NA	NA
88155_2	chr21	-	22	0	0	1	22	9827204	9827225	NA	NA
88156_3	chr21	-	22	0	0	1	22	9827296	9827317	NA	NA
88157_1	chr1	-	22	0	0	1	22	45285588	45285567	NA	NA
88158_1	chr13	-	22	0	0	1	22	22077123	22077102	NA	NA
88159_1	chr2	-	22	0	0	1	22	133012867	133012846	NA	NA
88160_1	chr9	-	22	0	0	1	22	21994309	21994288	NA	NA
88161_7	chr16	-	22	0	0	1	22	47538729	47538750	NA	NA
88162_1	chr6	-	22	0	0	1	22	131277401	131277380	NA	NA
88163_1	chr1	-	22	0	0	1	22	161089949	161089970	NA	NA
88164_1	chr5	-	22	0	0	1	22	179132772	179132793	NA	NA
88165_1	chr11	-	22	0	0	1	22	115374280	115374301	NA	NA
88166_1	chr3	-	22	0	0	1	22	150128794	150128815	NA	NA
88167_2	chr16	-	22	0	0	1	22	33963234	33963255	NA	NA
88168_1	chr17	-	22	0	0	1	22	673725	673704	NA	NA
88169_32	chr17	-	22	0	0	1	22	33478295	33478274	NA	NA
88170_1	chr19	-	22	0	0	1	22	42788587	42788608	NA	NA
88171_1	chr11	-	22	0	0	1	22	57102573	57102552	NA	NA
88172_1	chr10	-	22	0	0	1	22	75848953	75848974	NA	NA
88173_1	chrE	-	22	0	0	1	22	4853	4874	NA	NA
88174_2	chr2	-	22	0	0	1	22	230045515	230045494	NA	NA
88175_7	chr18	-	22	0	0	1	22	43914350	43914371	NA	NA
88176_1	chrE	-	22	0	0	1	22	4227	4248	NA	NA
88177_1	chr5	-	22	0	0	1	22	37834710	37834731	NA	NA
88178_104	chr9	-	22	0	0	1	22	136933667	136933688	NA	NA
88179_1	chr19	-	22	0	0	1	22	14544284	14544305	NA	NA
88180_2	chr21	-	22	0	0	1	22	9827445	9827466	NA	NA
88181_1	chr2	-	22	0	0	1	22	135620297	135620318	NA	NA
88182_2	chr10	-	22	0	0	1	22	128593719	128593740	NA	NA
88183_1	chrE	-	22	0	0	1	22	5849	5870	NA	NA
88184_2	chr2	-	22	0	0	1	22	230045508	230045487	NA	NA
88185_1	chr1	-	22	0	0	1	22	246810486	246810507	NA	NA
88186_30	chr17	-	22	0	0	1	22	33478296	33478275	NA	NA
88187_1	chr6	-	22	0	0	1	22	31939460	31939439	NA	NA
88188_1	chr1	-	22	0	0	1	22	108113106	108113085	NA	NA
88189_1	chr2	-	22	0	0	1	22	25896369	25896390	NA	NA
88190_1	chr21	-	22	0	0	1	22	9827166	9827187	NA	NA
88191_1	chr11	-	22	0	0	1	22	65623108	65623087	NA	NA
88192_1	chr11	-	22	0	0	1	22	77451856	77451835	NA	NA
88193_11	chr14	-	22	0	0	1	22	23450047	23450026	NA	NA
88194_17	chr19	-	22	0	0	1	22	24185475	24185454	NA	NA
88195_1	chr6	-	22	0	0	1	22	31608899	31608878	NA	NA
88196_1	chr6	-	22	0	0	1	22	26216859	26216838	NA	NA
88197_1	chr19	-	22	0	0	1	22	24185248	24185227	NA	NA
88198_1	chr12	-	22	0	0	1	22	127650915	127650894	NA	NA
88199_1	chr9	-	22	0	0	1	22	136293915	136293894	NA	NA
88200_1	chr3	-	22	0	0	1	22	49570196	49570217	NA	NA
88201_1	chrX	-	22	0	0	1	22	70470427	70470406	NA	NA
88202_1	chr22	-	22	0	0	1	22	20109807	20109828	NA	NA
88203_1	chr11	-	22	0	0	1	22	65270480	65270501	NA	NA
88204_1	chr20	-	22	0	0	1	22	39721196	39721217	NA	NA
88205_1	chr14	-	22	0	0	1	22	64891570	64891591	NA	NA
88206_1	chr2	-	22	0	0	1	22	43801871	43801850	NA	NA
88207_1	chr10	-	22	0	0	1	22	121658330	121658351	NA	NA
88208_1	chr10	-	22	0	0	1	22	17272691	17272712	NA	NA
88209_1	chr16	-	22	0	0	1	22	88811353	88811332	NA	NA
88210_5	chrX	-	22	0	0	1	22	108297805	108297826	NA	NA
88211_1	chr11	-	22	0	0	1	22	63971549	63971570	NA	NA
88212_1	chr7	-	22	0	0	1	22	42966216	42966195	NA	NA
88213_2	chr7	-	22	0	0	1	22	44244188	44244209	NA	NA
88214_1	chr1	-	22	0	0	1	22	237766740	237766761	NA	NA
88215_3	chr21	-	22	0	0	1	22	9827295	9827316	NA	NA
88216_1	chr2	-	22	0	0	1	22	59224737	59224716	NA	NA
88217_1	chr13	-	22	0	0	1	22	27334977	27334956	NA	NA
88218_1	chr1	-	22	0	0	1	22	150049040	150049061	NA	NA
88219_1	chr19	-	22	0	0	1	22	5903682	5903661	NA	NA
88220_2	chr2	-	22	0	0	1	22	133039192	133039171	NA	NA
88221_1	chr1	-	22	0	0	1	22	91404636	91404615	NA	NA
88222_2	chr16	-	22	0	0	1	22	72991734	72991713	NA	NA
88223_1	chrE	-	22	0	0	1	22	7138	7159	NA	NA
88224_1	chrE	-	22	0	0	1	22	614	635	NA	NA
88225_1	chr20	-	22	0	0	1	22	34832804	34832825	NA	NA
88226_1	chr1	-	22	0	0	1	22	36554804	36554783	NA	NA
88227_1	chr21	-	22	0	0	1	22	9827266	9827287	NA	NA
88228_1	chr19	-	22	0	0	1	22	3869077	3869056	NA	NA
88229_1	chr10	-	22	0	0	1	22	97918579	97918600	NA	NA
88230_9	chr16	-	22	0	0	1	22	47538727	47538748	NA	NA
88231_1	chr20	-	22	0	0	1	22	30370096	30370117	NA	NA
88232_1	chr17	-	22	0	0	1	22	40278858	40278837	NA	NA
88233_1	chr8	-	22	0	0	1	22	143318272	143318251	NA	NA
88234_1	chr14	-	22	0	0	1	22	23374851	23374830	NA	NA
88235_1	chr10	-	22	0	0	1	22	102286777	102286756	NA	NA
88236_27	chr17	-	22	0	0	1	22	81037676	81037655	NA	NA
88237_1	chr10	-	22	0	0	1	22	102116365	102116386	NA	NA
88238_1	chr8	-	22	0	0	1	22	6679418	6679397	NA	NA
88239_2	chr10	-	22	0	0	1	22	6245400	6245421	NA	NA
88240_2	chr1	-	22	0	0	1	22	211433007	211432986	NA	NA
88241_1	chr5	-	22	0	0	1	22	3591751	3591772	NA	NA
88242_4	chr2	-	22	0	0	1	22	133039193	133039172	NA	NA
88243_1	chr11	-	22	0	0	1	22	85195205	85195226	NA	NA
88244_2	chr21	-	22	0	0	1	22	9827292	9827313	NA	NA
88245_1	chr20	-	22	0	0	1	22	49508539	49508518	NA	NA
88246_1	chr9	-	22	0	0	1	22	98783217	98783238	NA	NA
88247_1	chr7	-	22	0	0	1	22	55225408	55225429	NA	NA
88248_3	chrX	-	22	0	0	1	22	108297806	108297827	NA	NA
88249_1	chrE	-	22	0	0	1	22	1144	1165	NA	NA
88250_5	chr1	-	22	0	0	1	22	21113823	21113802	NA	NA
88251_1	chr21	-	22	0	0	1	22	9827267	9827288	NA	NA
88252_1	chr17	-	22	0	0	1	22	17206747	17206726	NA	NA
88253_1	chr6	-	22	0	0	1	22	3123927	3123948	NA	NA
88254_1	chr8	-	22	0	0	1	22	134823410	134823389	NA	NA
88255_1	chr15	-	22	0	0	1	22	57025086	57025065	NA	NA
88256_1	chr1	-	22	0	0	1	22	91852922	91852901	NA	NA
88257_1	chr6	-	22	0	0	1	22	112460448	112460427	NA	NA
88258_1	chr9	-	22	0	0	1	22	136231891	136231870	NA	NA
88259_1	chr1	-	22	0	0	1	22	46124787	46124766	NA	NA
88260_1	chr20	-	22	0	0	1	22	30192280	30192259	NA	NA
88261_28	chr13	-	22	0	0	1	22	112758182	112758161	NA	NA
88262_1	chr21	-	22	0	0	1	22	9827155	9827176	NA	NA
88263_1	chr6	-	22	0	0	1	22	27775984	27776005	NA	NA
88264_1	chr4	-	22	0	0	1	22	79697862	79697883	NA	NA
88265_17	chr16	-	22	0	0	1	22	47538728	47538749	NA	NA
88266_1	chr6	-	22	0	0	1	22	26285660	26285639	NA	NA
88267_1	chr17	-	22	0	0	1	22	56395781	56395802	NA	NA
88268_2	chrX	-	22	0	0	1	22	108297729	108297750	NA	NA
88269_1	chr12	-	22	0	0	1	22	111160016	111159995	NA	NA
88270_1	chrE	-	22	0	0	1	22	856	877	NA	NA
88271_1	chr6	-	22	0	0	1	22	112647740	112647719	NA	NA
88272_1	chr19	-	22	0	0	1	22	39184911	39184932	NA	NA
88273_1	chr6	-	22	0	0	1	22	26217410	26217431	NA	NA
88274_1	chr18	-	22	0	0	1	22	35065632	35065611	NA	NA
88275_2	chr17	-	22	0	0	1	22	33478263	33478242	NA	NA
88276_1	chr7	-	22	0	0	1	22	156629566	156629545	NA	NA
88277_1	chr12	-	22	0	0	1	22	33049885	33049906	NA	NA
88278_3	chr13	-	22	0	0	1	22	21834298	21834319	NA	NA
88279_2	chr14	-	22	0	0	1	22	58075505	58075526	NA	NA
88280_27	chr20	-	22	0	0	1	22	62421651	62421672	NA	NA
88281_2	chrM	-	22	0	0	1	22	2859	2880	NA	NA
88282_2	chrE	-	22	0	0	1	22	619	640	NA	NA
88283_1	chr6	-	22	0	0	1	22	26027429	26027408	NA	NA
88284_1	chr9	-	22	0	0	1	22	106864782	106864803	NA	NA
88285_1	chr3	-	22	0	0	1	22	149260196	149260175	NA	NA
88286_1	chr1	-	22	0	0	1	22	40539786	40539765	NA	NA
88287_1	chr12	-	22	0	0	1	22	6646143	6646164	NA	NA
88288_4	chr17	-	22	0	0	1	22	33478266	33478245	NA	NA
88289_1	chr2	-	22	0	0	1	22	175612858	175612837	NA	NA
88290_1	chr3	-	22	0	0	1	22	194407585	194407606	NA	NA
88291_6	chr5	-	22	0	0	1	22	50081214	50081235	NA	NA
88292_1	chrX	-	22	0	0	1	22	129189984	129190005	NA	NA
88293_1	chr5	-	22	0	0	1	22	176378528	176378507	NA	NA
88294_1	chr17	-	22	0	0	1	22	45745678	45745699	NA	NA
88295_1	chrY	-	22	0	0	1	22	10036573	10036594	NA	NA
88296_12	chr9	-	22	0	0	1	22	79186675	79186696	NA	NA
88297_2	chr2	-	22	0	0	1	22	71565818	71565797	NA	NA
88298_1	chr19	-	22	0	0	1	22	39972569	39972590	NA	NA
88299_1	chr1	-	22	0	0	1	22	156307993	156307972	NA	NA
88300_1	chr17	-	22	0	0	1	22	7478050	7478071	NA	NA
88301_1	chr11	-	22	0	0	1	22	67210066	67210045	NA	NA
88302_1	chr19	-	22	0	0	1	22	40872386	40872407	NA	NA
88303_1	chr17	-	22	0	0	1	22	62496237	62496216	NA	NA
88304_1	chrY	-	22	0	0	1	22	10037767	10037788	NA	NA
88305_1	chrE	-	22	0	0	1	22	615	636	NA	NA
88306_1	chrE	-	22	0	0	1	22	6370	6391	NA	NA
88307_1	chrE	-	22	0	0	1	22	4068	4089	NA	NA
88308_1	chr8	-	22	0	0	1	22	121823921	121823900	NA	NA
88309_1	chr8	-	22	0	0	1	22	125164400	125164421	NA	NA
88310_3	chr9	-	22	0	0	1	22	79186677	79186698	NA	NA
88311_1	chrE	-	22	0	0	1	22	1083	1104	NA	NA
88312_1	chr2	-	22	0	0	1	22	47630250	47630229	NA	NA
88313_1	chr5	-	22	0	0	1	22	174178172	174178151	NA	NA
88314_1	chr17	-	22	0	0	1	22	33478265	33478244	NA	NA
88315_1	chr2	-	22	0	0	1	22	26596419	26596440	NA	NA
88316_3	chrX	-	22	0	0	1	22	108297804	108297825	NA	NA
88317_229	chr9	-	22	0	0	1	22	136933668	136933689	NA	NA
88318_7	chr21	-	22	0	0	1	22	9827300	9827321	NA	NA
88319_1	chr12	-	22	0	0	1	22	92538133	92538112	NA	NA
88320_1	chr14	-	22	0	0	1	22	56584944	56584923	NA	NA
88321_1	chr19	-	22	0	0	1	22	14640503	14640482	NA	NA
88322_1	chr21	-	22	0	0	1	22	9827054	9827075	NA	NA
88323_1	chr3	-	22	0	0	1	22	196594669	196594690	NA	NA
88324_1	chrE	-	22	0	0	1	22	1562	1583	NA	NA
88325_1	chr4	-	22	0	0	1	22	187630194	187630173	NA	NA
88326_1	chr4	-	22	0	0	1	22	16258139	16258118	NA	NA
88327_1	chr10	-	22	0	0	1	22	69648674	69648695	NA	NA
88328_1	chr6	-	22	0	0	1	22	90132012	90131991	NA	NA
88329_1	chr11	-	22	0	0	1	22	47198686	47198707	NA	NA
88330_1	chr19	-	22	0	0	1	22	18451338	18451359	NA	NA
88331_1	chr6	-	22	0	0	1	22	27782521	27782500	NA	NA
88332_1	chr2	-	22	0	0	1	22	43926943	43926964	NA	NA
88333_1	chr15	-	22	0	0	1	22	65588482	65588503	NA	NA
88334_1	chrE	-	22	0	0	1	22	5103	5124	NA	NA
88335_1	chr5	-	22	0	0	1	22	151055746	151055725	NA	NA
88336_1	chr5	-	22	0	0	1	22	80256711	80256732	NA	NA
88337_1	chr11	-	22	0	0	1	22	22688176	22688197	NA	NA
88338_1	chr9	-	22	0	0	1	22	34242079	34242100	NA	NA
88339_1	chr11	-	22	0	0	1	22	617395	617416	NA	NA
88340_1	chr19	-	22	0	0	1	22	994263	994284	NA	NA
88341_1	chr3	-	22	0	0	1	22	52279734	52279755	NA	NA
88342_1	chr22	-	22	0	0	1	22	41347397	41347418	NA	NA
88343_1	chr12	-	22	0	0	1	22	124106365	124106344	NA	NA
88344_1	chr2	-	22	0	0	1	22	101606757	101606778	NA	NA
88345_8	chr11	-	22	0	0	1	22	7110838	7110859	NA	NA
88346_2	chr17	-	22	0	0	1	22	33478332	33478311	NA	NA
88347_1	chr3	-	22	0	0	1	22	128341111	128341090	NA	NA
88348_1	chrE	-	22	0	0	1	22	1518	1539	NA	NA
88349_1	chr16	-	22	0	0	1	22	67917603	67917624	NA	NA
88350_3	chr6	-	22	0	0	1	22	143268828	143268807	NA	NA
88351_1	chr11	-	22	0	0	1	22	67010529	67010550	NA	NA
88352_1	chr17	-	22	0	0	1	22	74733160	74733139	NA	NA
88353_1	chr16	-	22	0	0	1	22	50617328	50617349	NA	NA
88354_1	chr6	-	22	0	0	1	22	26158418	26158439	NA	NA
88355_1	chr3	-	22	0	0	1	22	142731074	142731095	NA	NA
88356_68	chr21	-	22	0	0	1	22	9827208	9827229	NA	NA
88357_2	chr3	-	22	0	0	1	22	41274903	41274924	NA	NA
88358_1	chr16	-	22	0	0	1	22	33963718	33963739	NA	NA
88359_1	chr3	-	22	0	0	1	22	128890124	128890103	NA	NA
88360_1	chr21	-	22	0	0	1	22	9827112	9827133	NA	NA
88361_1	chr8	-	22	0	0	1	22	955284	955263	NA	NA
88362_1	chr2	-	22	0	0	1	22	242186262	242186241	NA	NA
88363_1	chr17	-	22	0	0	1	22	79679306	79679285	NA	NA
88364_1	chr1	-	22	0	0	1	22	7844285	7844306	NA	NA
88365_1	chr4	-	22	0	0	1	22	174254733	174254712	NA	NA
88366_1	chr11	-	22	0	0	1	22	130355795	130355774	NA	NA
88367_1	chr6	-	22	0	0	1	22	26204986	26205007	NA	NA
88368_1	chr6	-	22	0	0	1	22	28891464	28891443	NA	NA
88369_2	chr8	-	22	0	0	1	22	8751061	8751040	NA	NA
88370_1	chr1	-	22	0	0	1	22	24021222	24021243	NA	NA
88371_1	chr2	-	22	0	0	1	22	133037558	133037537	NA	NA
88372_35	chr5	-	22	0	0	1	22	174178766	174178745	NA	NA
88373_1	chrE	-	22	0	0	1	22	5597	5618	NA	NA
88374_1	chr1	-	22	0	0	1	22	162745927	162745948	NA	NA
88375_1	chr11	-	22	0	0	1	22	6647232	6647211	NA	NA
88376_1	chr19	-	22	0	0	1	22	44983526	44983505	NA	NA
88377_1	chr7	-	22	0	0	1	22	94285871	94285892	NA	NA
88378_1	chr19	-	22	0	0	1	22	519056	519077	NA	NA
88379_1	chr12	-	22	0	0	1	22	99558339	99558318	NA	NA
88380_1	chr16	-	22	0	0	1	22	33963217	33963238	NA	NA
88381_3	chr16	-	22	0	0	1	22	47538731	47538752	NA	NA
88382_1	chrY	-	22	0	0	1	22	10037851	10037872	NA	NA
88383_1	chr15	-	22	0	0	1	22	30516531	30516510	NA	NA
88384_22	chr20	-	22	0	0	1	22	30192281	30192260	NA	NA
88385_1	chr9	-	22	0	0	1	22	97766927	97766948	NA	NA
88386_1	chr8	-	22	0	0	1	22	97605788	97605809	NA	NA
88387_2	chr12	-	22	0	0	1	22	33049884	33049905	NA	NA
88388_1	chrE	-	22	0	0	1	22	793	814	NA	NA
88389_1	chr5	-	22	0	0	1	22	1400668	1400689	NA	NA
88390_1	chrE	-	22	0	0	1	22	5595	5616	NA	NA
88391_1	chrM	-	22	0	0	1	22	2519	2540	NA	NA
88392_1	chr12	-	22	0	0	1	22	53448980	53449001	NA	NA
88393_2	chr12	-	22	0	0	1	22	127650658	127650637	NA	NA
88394_1	chr18	-	22	0	0	1	22	13749839	13749818	NA	NA
88395_5	chr17	-	22	0	0	1	22	33478267	33478246	NA	NA
88396_1	chr1	-	22	0	0	1	22	109944703	109944682	NA	NA
88397_1	chr2	-	22	0	0	1	22	189860444	189860465	NA	NA
88398_1	chr11	-	22	0	0	1	22	112184888	112184909	NA	NA
88399_1	chr6	-	22	0	0	1	22	26046040	26046061	NA	NA
88400_1	chr1	-	22	0	0	1	22	245530318	245530339	NA	NA
88401_1	chr18	-	22	0	0	1	22	29306284	29306263	NA	NA
88402_7	chr2	-	22	0	0	1	22	71565820	71565799	NA	NA
88403_1	chr19	-	22	0	0	1	22	16472736	16472715	NA	NA
88404_1	chr17	-	22	0	0	1	22	42836452	42836473	NA	NA
88405_1	chr21	-	22	0	0	1	22	9827337	9827358	NA	NA
88406_1	chr7	-	22	0	0	1	22	102944888	102944909	NA	NA
88407_1	chr11	-	22	0	0	1	22	71729959	71729938	NA	NA
88408_1	chr12	-	22	0	0	1	22	48536622	48536643	NA	NA
88409_1	chrX	-	22	0	0	1	22	64951707	64951728	NA	NA
88410_1	chr11	-	22	0	0	1	22	72929321	72929300	NA	NA
88411_1	chr5	-	22	0	0	1	22	171881735	171881714	NA	NA
88412_2	chr12	-	22	0	0	1	22	20704448	20704469	NA	NA
88413_2	chr6	-	22	0	0	1	22	6952860	6952839	NA	NA
88414_1	chr1	-	22	0	0	1	22	214557767	214557746	NA	NA
88415_1	chr14	-	22	0	0	1	22	23538746	23538725	NA	NA
88416_2	chr4	-	22	0	0	1	22	111959368	111959347	NA	NA
88417_1	chr20	-	22	0	0	1	22	44421313	44421334	NA	NA
88418_2	chr17	-	22	0	0	1	22	33478268	33478247	NA	NA
88419_1	chr5	-	22	0	0	1	22	228307	228328	NA	NA
88420_1	chrE	-	22	0	0	1	22	3217	3238	NA	NA
88421_22	chrX	-	22	0	0	1	22	108297808	108297829	NA	NA
88422_1	chr22	-	22	0	0	1	22	42076342	42076321	NA	NA
88423_1	chr1	-	22	0	0	1	22	45285590	45285569	NA	NA
88424_4	chr9	-	22	0	0	1	22	95940135	95940156	NA	NA
88425_1	chr10	-	22	0	0	1	22	94822643	94822664	NA	NA
88426_1	chr6	-	22	0	0	1	22	107780346	107780325	NA	NA
88427_7	chr21	-	22	0	0	1	22	9827210	9827231	NA	NA
88428_1	chr7	-	22	0	0	1	22	111926578	111926599	NA	NA
88429_1	chr7	-	22	0	0	1	22	99774850	99774829	NA	NA
88430_1	chr10	-	22	0	0	1	22	135183497	135183476	NA	NA
88431_1	chr3	-	22	0	0	1	22	38671843	38671822	NA	NA
88432_1	chr9	-	22	0	0	1	22	77563070	77563049	NA	NA
88433_4	chr21	-	22	0	0	1	22	45719930	45719909	NA	NA
88434_1	chrE	-	22	0	0	1	22	590	611	NA	NA
88435_6	chr10	-	22	0	0	1	22	121356511	121356532	NA	NA
88436_1	chr1	-	22	0	0	1	22	114340653	114340632	NA	NA
88437_1	chrE	-	22	0	0	1	22	2582	2603	NA	NA
88438_1	chrE	-	22	0	0	1	22	3215	3236	NA	NA
88439_1	chr12	-	22	0	0	1	22	6309692	6309713	NA	NA
88440_1	chr7	-	22	0	0	1	22	44620771	44620750	NA	NA
88441_1	chr2	-	22	0	0	1	22	27438191	27438212	NA	NA
88442_1	chr1	-	22	0	0	1	22	45196762	45196741	NA	NA
88443_1	chr7	-	22	0	0	1	22	128610240	128610219	NA	NA
88444_1	chr20	-	22	0	0	1	22	8608987	8609008	NA	NA
88445_1	chr8	-	22	0	0	1	22	70984436	70984415	NA	NA
88446_1	chr17	-	22	0	0	1	22	8924790	8924811	NA	NA
88447_1	chrE	-	22	0	0	1	22	731	752	NA	NA
88448_1	chr1	-	22	0	0	1	22	163325422	163325443	NA	NA
88449_1	chr7	-	22	0	0	1	22	133562210	133562231	NA	NA
88450_1	chr11	-	22	0	0	1	22	75946931	75946910	NA	NA
88451_1	chr19	-	22	0	0	1	22	24185254	24185233	NA	NA
88452_1	chr2	-	22	0	0	1	22	85766379	85766400	NA	NA
88453_1	chr10	-	22	0	0	1	22	6245428	6245407	NA	NA
88454_1	chrE	-	22	0	0	1	22	3055	3076	NA	NA
88455_1	chr6	-	22	0	0	1	22	26156896	26156917	NA	NA
88456_1	chr1	-	22	0	0	1	22	35826828	35826849	NA	NA
88457_1	chr4	-	22	0	0	1	22	37636690	37636669	NA	NA
88458_1	chr21	-	22	0	0	1	22	9827163	9827184	NA	NA
88459_1	chr2	-	22	0	0	1	22	74689178	74689157	NA	NA
88460_1	chrE	-	22	0	0	1	22	733	754	NA	NA
88461_1	chr16	-	22	0	0	1	22	54962687	54962708	NA	NA
88462_1	chr12	-	22	0	0	1	22	98987812	98987833	NA	NA
88463_1	chr15	-	22	0	0	1	22	44116891	44116870	NA	NA
88464_5	chr19	-	22	0	0	1	22	1470632	1470611	NA	NA
88465_7	chr2	-	22	0	0	1	22	230045584	230045563	NA	NA
88466_1	chr1	-	22	0	0	1	22	150444244	150444265	NA	NA
88467_1	chrE	-	22	0	0	1	22	4421	4442	NA	NA
88468_1	chr1	-	22	0	0	1	22	11968286	11968307	NA	NA
88469_2	chr12	-	22	0	0	1	22	127650520	127650499	NA	NA
88470_1	chr21	-	22	0	0	1	22	9827012	9827033	NA	NA
88471_5	chr19	-	22	0	0	1	22	1625420	1625441	NA	NA
88472_1	chr15	-	22	0	0	1	22	66161923	66161944	NA	NA
88473_1	chr19	-	22	0	0	1	22	41117110	41117131	NA	NA
88474_1	chr2	-	22	0	0	1	22	47132610	47132589	NA	NA
88475_1	chr8	-	22	0	0	1	22	56755056	56755035	NA	NA
88476_3	chr2	-	22	0	0	1	22	71565821	71565800	NA	NA
88477_1	chrY	-	22	0	0	1	22	10037861	10037882	NA	NA
88478_1	chr2	-	22	0	0	1	22	160074115	160074136	NA	NA
88479_1	chr17	-	22	0	0	1	22	43111648	43111627	NA	NA
88480_1	chr4	-	22	0	0	1	22	88947213	88947192	NA	NA
88481_2	chr17	-	22	0	0	1	22	42836453	42836474	NA	NA
88482_2	chr2	-	22	0	0	1	22	230045585	230045564	NA	NA
88483_2	chr12	-	22	0	0	1	22	98897289	98897310	NA	NA
88484_1	chr1	-	22	0	0	1	22	91852925	91852904	NA	NA
88485_1	chr6	-	22	0	0	1	22	160211965	160211986	NA	NA
88486_1	chr1	-	22	0	0	1	22	10854011	10853990	NA	NA
88487_1	chr19	-	22	0	0	1	22	4683519	4683498	NA	NA
88488_1	chr15	-	22	0	0	1	22	41772491	41772512	NA	NA
88489_1	chrE	-	22	0	0	1	22	794	815	NA	NA
88490_1	chr13	-	22	0	0	1	22	110838804	110838783	NA	NA
88491_1	chr12	-	22	0	0	1	22	127650655	127650634	NA	NA
88492_1	chrE	-	22	0	0	1	22	6397	6418	NA	NA
88493_1	chrX	-	22	0	0	1	22	13587948	13587927	NA	NA
88494_1	chr19	-	22	0	0	1	22	33140621	33140600	NA	NA
88495_1	chr21	-	22	0	0	1	22	9827379	9827400	NA	NA
88496_1	chrE	-	22	0	0	1	22	4085	4106	NA	NA
88497_1	chr6	-	22	0	0	1	22	43481124	43481103	NA	NA
88498_1	chr6	-	22	0	0	1	22	26056272	26056251	NA	NA
88499_1	chrE	-	22	0	0	1	22	6031	6052	NA	NA
88500_2	chr6	-	22	0	0	1	22	27271629	27271608	NA	NA
88501_1	chr19	-	22	0	0	1	22	1390947	1390968	NA	NA
88502_1	chr2	-	22	0	0	1	22	133012896	133012875	NA	NA
88503_1	chrE	-	22	0	0	1	22	4638	4659	NA	NA
88504_1	chr7	-	22	0	0	1	22	100405157	100405136	NA	NA
88505_1	chr4	-	22	0	0	1	22	177540897	177540918	NA	NA
88506_1	chr15	-	22	0	0	1	22	48633757	48633778	NA	NA
88507_7	chr10	-	22	0	0	1	22	132588138	132588159	NA	NA
88508_1	chr19	-	22	0	0	1	22	11546459	11546480	NA	NA
88509_1	chr22	-	22	0	0	1	22	20102577	20102556	NA	NA
88510_1	chr1	-	22	0	0	1	22	156294852	156294831	NA	NA
88511_1	chr7	-	22	0	0	1	22	99007709	99007730	NA	NA
88512_1	chrE	-	22	0	0	1	22	591	612	NA	NA
88513_4	chr8	-	22	0	0	1	22	21455984	21456005	NA	NA
88514_1	chrE	-	22	0	0	1	22	638	659	NA	NA
88515_1	chr7	-	22	0	0	1	22	63642384	63642405	NA	NA
88516_1	chr19	-	22	0	0	1	22	13199861	13199840	NA	NA
88517_1	chr1	-	22	0	0	1	22	155988103	155988082	NA	NA
88518_1	chr19	-	22	0	0	1	22	50354714	50354735	NA	NA
88519_1	chr5	-	22	0	0	1	22	154299650	154299629	NA	NA
88520_2	chr21	-	22	0	0	1	22	9827173	9827194	NA	NA
88521_1	chr18	-	22	0	0	1	22	25565576	25565555	NA	NA
88522_1	chr6	-	22	0	0	1	22	26104250	26104271	NA	NA
88523_1	chr5	-	22	0	0	1	22	71146745	71146766	NA	NA
88524_1	chr19	-	22	0	0	1	22	6416863	6416842	NA	NA
88525_1	chr6	-	22	0	0	1	22	26285431	26285410	NA	NA
88526_1	chrE	-	22	0	0	1	22	3488	3509	NA	NA
88527_1	chr7	-	22	0	0	1	22	94292709	94292730	NA	NA
88528_1	chr8	-	22	0	0	1	22	90958522	90958501	NA	NA
88529_3	chr9	-	22	0	0	1	22	138391927	138391948	NA	NA
88530_1	chr12	-	22	0	0	1	22	104659406	104659427	NA	NA
88531_1	chr16	-	22	0	0	1	22	33963720	33963741	NA	NA
88532_1	chr12	-	22	0	0	1	22	16510589	16510610	NA	NA
88533_1	chr18	-	22	0	0	1	22	36633330	36633351	NA	NA
88534_1	chr20	-	22	0	0	1	22	32891210	32891231	NA	NA
88535_1	chr9	-	22	0	0	1	22	79186845	79186866	NA	NA
88536_1	chr17	-	22	0	0	1	22	77925289	77925268	NA	NA
88537_1	chr12	-	22	0	0	1	22	124908115	124908094	NA	NA
88538_1	chr9	-	22	0	0	1	22	35059679	35059658	NA	NA
88539_1	chr7	-	22	0	0	1	22	94294681	94294702	NA	NA
88540_1	chr12	-	22	0	0	1	22	120106175	120106196	NA	NA
88541_1	chr11	-	22	0	0	1	22	117712573	117712552	NA	NA
88542_2	chrX	-	22	0	0	1	22	122318633	122318654	NA	NA
88543_1	chr1	-	22	0	0	1	22	11969902	11969881	NA	NA
88544_1	chr19	-	22	0	0	1	22	24183428	24183407	NA	NA
88545_1	chr21	-	22	0	0	1	22	27228094	27228115	NA	NA
88546_1	chr11	-	22	0	0	1	22	113718168	113718189	NA	NA
88547_1	chr8	-	22	0	0	1	22	143526310	143526331	NA	NA
88548_1	chr4	-	22	0	0	1	22	110481422	110481443	NA	NA
88549_1	chr5	-	22	0	0	1	22	9166513	9166534	NA	NA
88550_1	chr17	-	22	0	0	1	22	57751041	57751062	NA	NA
88551_3	chr2	-	22	0	0	1	22	133012337	133012316	NA	NA
88552_1	chr3	-	22	0	0	1	22	47918972	47918951	NA	NA
88553_1	chr1	-	22	0	0	1	22	149783762	149783741	NA	NA
88554_1	chr19	-	22	0	0	1	22	40872777	40872798	NA	NA
88555_1	chr13	-	22	0	0	1	22	76423287	76423308	NA	NA
88556_1	chr1	-	22	0	0	1	22	112162397	112162418	NA	NA
88557_1	chr5	-	22	0	0	1	22	179147466	179147487	NA	NA
88558_3	chr17	-	22	0	0	1	22	66016075	66016054	NA	NA
88559_1	chr12	-	22	0	0	1	22	20704452	20704473	NA	NA
88560_1	chr13	-	22	0	0	1	22	20357077	20357056	NA	NA
88561_1	chr12	-	22	0	0	1	22	57057657	57057636	NA	NA
88562_1	chr15	-	22	0	0	1	22	78112179	78112200	NA	NA
88563_1	chr21	-	22	0	0	1	22	9827458	9827479	NA	NA
88564_1	chr1	-	22	0	0	1	22	154923843	154923822	NA	NA
88565_1	chr7	-	22	0	0	1	22	94294116	94294137	NA	NA
88566_2	chr19	-	22	0	0	1	22	1625418	1625439	NA	NA
88567_1	chr5	-	22	0	0	1	22	139060130	139060151	NA	NA
88568_1	chr6	-	22	0	0	1	22	160200261	160200240	NA	NA
88569_1	chr17	-	22	0	0	1	22	79479322	79479301	NA	NA
88570_1	chr7	-	22	0	0	1	22	10978498	10978477	NA	NA
88571_1	chr1	-	22	0	0	1	22	76252403	76252424	NA	NA
88572_1	chr18	-	22	0	0	1	22	59561534	59561513	NA	NA
88573_1	chr15	-	22	0	0	1	22	68948528	68948507	NA	NA
88574_1	chr19	-	22	0	0	1	22	52724231	52724252	NA	NA
88575_1	chr4	-	22	0	0	1	22	70296642	70296621	NA	NA
88576_1	chr7	-	22	0	0	1	22	151253883	151253904	NA	NA
88577_62	chr1	-	22	0	0	1	22	21113822	21113801	NA	NA
88578_1	chr2	-	22	0	0	1	22	33614247	33614268	NA	NA
88579_1	chrX	-	22	0	0	1	22	48435423	48435444	NA	NA
88580_1	chr19	-	22	0	0	1	22	41257336	41257357	NA	NA
88581_1	chr6	-	22	0	0	1	22	26217493	26217514	NA	NA
88582_2	chr15	-	22	0	0	1	22	65597108	65597129	NA	NA
88583_1	chr7	-	22	0	0	1	22	149195032	149195011	NA	NA
88584_1	chr3	-	22	0	0	1	22	124606111	124606090	NA	NA
88585_1	chr1	-	22	0	0	1	22	201104859	201104838	NA	NA
88586_1	chr17	-	22	0	0	1	22	39845286	39845307	NA	NA
88587_1	chr12	-	22	0	0	1	22	133402298	133402319	NA	NA
88588_1	chr6	-	22	0	0	1	22	161412821	161412842	NA	NA
88589_1	chrE	-	22	0	0	1	22	6481	6502	NA	NA
88590_1	chr17	-	22	0	0	1	22	8924789	8924810	NA	NA
88591_1	chrE	-	22	0	0	1	22	3750	3771	NA	NA
88592_1	chr20	-	22	0	0	1	22	39690037	39690058	NA	NA
88593_1	chr15	-	22	0	0	1	22	65411616	65411595	NA	NA
88594_1	chr4	-	22	0	0	1	22	6379726	6379705	NA	NA
88595_1	chr1	-	22	0	0	1	22	44482401	44482422	NA	NA
88596_1	chr1	-	22	0	0	1	22	192685323	192685344	NA	NA
88597_1	chr2	-	22	0	0	1	22	215593535	215593514	NA	NA
88598_1	chr9	-	22	0	0	1	22	35717224	35717203	NA	NA
88599_2	chr9	-	22	0	0	1	22	66487016	66486995	NA	NA
88600_1	chrE	-	22	0	0	1	22	5141	5162	NA	NA
88601_1	chrE	-	22	0	0	1	22	4297	4318	NA	NA
88602_1	chr9	-	22	0	0	1	22	139838530	139838509	NA	NA
88603_1	chr2	-	22	0	0	1	22	189849533	189849554	NA	NA
88604_1	chrX	-	22	0	0	1	22	122318634	122318655	NA	NA
88605_1	chr6	-	22	0	0	1	22	26197483	26197462	NA	NA
88606_1	chr1	-	22	0	0	1	22	11968289	11968310	NA	NA
88607_1	chrY	-	22	0	0	1	22	10037855	10037876	NA	NA
88608_1	chr15	-	22	0	0	1	22	57178127	57178148	NA	NA
88609_1	chr21	-	22	0	0	1	22	35445735	35445756	NA	NA
88610_1	chr4	-	22	0	0	1	22	154709311	154709290	NA	NA
88611_19	chrX	-	22	0	0	1	22	108297807	108297828	NA	NA
88612_1	chrE	-	22	0	0	1	22	1868	1889	NA	NA
88613_1	chr9	-	22	0	0	1	22	113013738	113013717	NA	NA
88614_2	chr19	-	22	0	0	1	22	17502107	17502086	NA	NA
88615_1	chr12	-	22	0	0	1	22	49579477	49579456	NA	NA
88616_3	chr11	-	22	0	0	1	22	75946930	75946909	NA	NA
88617_1	chrE	-	22	0	0	1	22	3673	3694	NA	NA
88618_1	chr1	-	22	0	0	1	22	46769375	46769396	NA	NA
88619_3	chr16	-	22	0	0	1	22	33963230	33963251	NA	NA
88620_12	chr19	-	22	0	0	1	22	1470633	1470612	NA	NA
88621_1	chr6	-	22	0	0	1	22	27858204	27858183	NA	NA
88622_1	chr1	-	22	0	0	1	22	1154209	1154188	NA	NA
88623_54	chr13	-	22	0	0	1	22	112758183	112758162	NA	NA
88624_1	chr5	-	22	0	0	1	22	114952119	114952098	NA	NA
88625_1	chr1	-	22	0	0	1	22	41461714	41461735	NA	NA
88626_1	chr6	-	22	0	0	1	22	42343861	42343882	NA	NA
88627_1	chr12	-	22	0	0	1	22	49523352	49523331	NA	NA
88628_1	chrY	-	22	0	0	1	22	10036114	10036135	NA	NA
88629_1	chr19	-	22	0	0	1	22	11665175	11665154	NA	NA
88630_1	chrE	-	22	0	0	1	22	1984	2005	NA	NA
88631_1	chr17	-	22	0	0	1	22	46690867	46690846	NA	NA
88632_2	chr5	-	22	0	0	1	22	149681993	149682014	NA	NA
88633_2	chr21	-	22	0	0	1	22	9827177	9827198	NA	NA
88634_1	chr14	-	22	0	0	1	22	96001668	96001689	NA	NA
88635_1	chr6	-	22	0	0	1	22	44218822	44218843	NA	NA
88636_1	chr19	-	22	0	0	1	22	55614892	55614871	NA	NA
88637_1	chrX	-	22	0	0	1	22	108297810	108297831	NA	NA
88638_2	chr1	-	22	0	0	1	22	112162396	112162417	NA	NA
88639_1	chr19	-	22	0	0	1	22	58899521	58899542	NA	NA
88640_1	chr1	-	22	0	0	1	22	108679414	108679393	NA	NA
88641_1	chr10	-	22	0	0	1	22	17275895	17275916	NA	NA
88642_1	chr11	-	22	0	0	1	22	64081481	64081502	NA	NA
88643_1	chr9	-	22	0	0	1	22	4799996	4799975	NA	NA
88644_1	chrX	-	22	0	0	1	22	108297765	108297786	NA	NA
88645_1	chr2	-	22	0	0	1	22	120980950	120980929	NA	NA
88646_2	chr2	-	22	0	0	1	22	71565819	71565798	NA	NA
88647_1	chr6	-	22	0	0	1	22	33258112	33258133	NA	NA
88648_1	chr21	-	22	0	0	1	22	47404130	47404109	NA	NA
88649_1	chr17	-	22	0	0	1	22	40048569	40048548	NA	NA
88650_1	chr1	-	22	0	0	1	22	34629944	34629923	NA	NA
88651_1	chr20	-	22	0	0	1	22	34542255	34542234	NA	NA
88652_1	chr1	-	22	0	0	1	22	45196752	45196731	NA	NA
88653_1	chr10	-	22	0	0	1	22	134022579	134022558	NA	NA
88654_1	chrE	-	22	0	0	1	22	4971	4992	NA	NA
88655_13	chr3	-	22	0	0	1	22	194407584	194407605	NA	NA
88656_1	chr6	-	22	0	0	1	22	26250785	26250764	NA	NA
88657_1	chr8	-	22	0	0	1	22	103277452	103277431	NA	NA
88658_1	chr12	-	22	0	0	1	22	65612348	65612369	NA	NA
88659_1	chr7	-	22	0	0	1	22	56146091	56146112	NA	NA
88660_1	chr17	-	22	0	0	1	22	38185096	38185075	NA	NA
88661_1	chr10	-	22	0	0	1	22	38384536	38384557	NA	NA
88662_1	chr6	-	22	0	0	1	22	26250745	26250724	NA	NA
88663_1	chr5	-	22	0	0	1	22	44809214	44809235	NA	NA
88664_1	chr1	-	22	0	0	1	22	173769623	173769602	NA	NA
88665_33	chr21	-	22	0	0	1	22	9827209	9827230	NA	NA
88666_1	chr8	-	22	0	0	1	22	146017247	146017226	NA	NA
88667_2	chrX	-	22	0	0	1	22	19140679	19140658	NA	NA
88668_1	chr17	-	22	0	0	1	22	33478269	33478248	NA	NA
88669_2	chr1	-	22	0	0	1	22	20693173	20693194	NA	NA
88670_1	chrE	-	22	0	0	1	22	4220	4241	NA	NA
88671_1	chr6	-	22	0	0	1	22	26250578	26250557	NA	NA
88672_1	chr1	-	22	0	0	1	22	155172906	155172885	NA	NA
88673_1	chr1	-	22	0	0	1	22	244624685	244624706	NA	NA
88674_1	chr3	-	22	0	0	1	22	49167768	49167747	NA	NA
88675_1	chr16	-	22	0	0	1	22	3929814	3929793	NA	NA
88676_1	chr19	-	22	0	0	1	22	11121099	11121120	NA	NA
88677_1	chr2	-	22	0	0	1	22	133012966	133012945	NA	NA
88678_3	chr9	-	22	0	0	1	22	95940136	95940157	NA	NA
88679_1	chr2	-	22	0	0	1	22	96874320	96874299	NA	NA
88680_1	chr14	-	22	0	0	1	22	35515457	35515436	NA	NA
88681_1	chrY	-	22	0	0	1	22	10037854	10037875	NA	NA
88682_1	chr16	-	22	0	0	1	22	12995347	12995368	NA	NA
88683_1	chr1	-	22	0	0	1	22	19439087	19439066	NA	NA
88684_1	chr8	-	22	0	0	1	22	26439541	26439562	NA	NA
88685_1	chr6	-	22	0	0	1	22	26032254	26032233	NA	NA
88686_1	chr14	-	22	0	0	1	22	78174450	78174471	NA	NA
88687_1	chr11	-	22	0	0	1	22	65427662	65427641	NA	NA
88688_1	chr12	-	22	0	0	1	22	27843314	27843335	NA	NA
88689_1	chr11	-	22	0	0	1	22	65735254	65735275	NA	NA
88690_1	chr7	-	22	0	0	1	22	94285808	94285829	NA	NA
88691_1	chr10	-	22	0	0	1	22	75634072	75634093	NA	NA
88692_1	chr19	-	22	0	0	1	22	10541620	10541641	NA	NA
88693_1	chrY	-	22	0	0	1	22	10037850	10037871	NA	NA
88694_4	chr3	-	22	0	0	1	22	9974570	9974591	NA	NA
88695_1	chr14	-	22	0	0	1	22	73547949	73547928	NA	NA
88696_5	chr12	-	22	0	0	1	22	127650518	127650497	NA	NA
88697_1	chr19	-	22	0	0	1	22	11546859	11546880	NA	NA
88698_1	chr1	-	22	0	0	1	22	156084901	156084922	NA	NA
88699_1	chr12	-	22	0	0	1	22	56536064	56536085	NA	NA
88700_1	chr15	-	22	0	0	1	22	43815582	43815603	NA	NA
88701_1	chr7	-	22	0	0	1	22	158342705	158342726	NA	NA
88702_1	chr5	-	22	0	0	1	22	139961681	139961702	NA	NA
88703_1	chr2	-	22	0	0	1	22	85133151	85133172	NA	NA
# blasting completed