88704_9	chrY	-	23	0	0	1	23	10037852	10037874	NA	NA
88705_1	chr1	-	23	0	0	1	23	39898746	39898768	NA	NA
88706_172	chr9	-	23	0	0	1	23	136933666	136933688	NA	NA
88707_1	chrE	-	23	0	0	1	23	688	710	NA	NA
88708_1	chr18	-	23	0	0	1	23	211154	211176	NA	NA
88709_1	chr6	-	23	0	0	1	23	44199762	44199784	NA	NA
88710_1	chrE	-	23	0	0	1	23	650	672	NA	NA
88711_4	chrY	-	23	0	0	1	23	10037861	10037883	NA	NA
88712_1	chrE	-	23	0	0	1	23	2302	2324	NA	NA
88713_1	chr2	-	23	0	0	1	23	133012865	133012843	NA	NA
88714_1	chr22	-	23	0	0	1	23	22210628	22210650	NA	NA
88715_1	chr12	-	23	0	0	1	23	3393020	3393042	NA	NA
88716_1	chr6	-	23	0	0	1	23	26033817	26033795	NA	NA
88717_1	chr6	-	23	0	0	1	23	133136162	133136184	NA	NA
88718_1	chr7	-	23	0	0	1	23	94292882	94292904	NA	NA
88719_1	chr2	-	23	0	0	1	23	209119716	209119694	NA	NA
88720_1	chr21	-	23	0	0	1	23	9827113	9827135	NA	NA
88721_1	chr5	-	23	0	0	1	23	71146886	71146908	NA	NA
88722_1	chr8	-	23	0	0	1	23	22473700	22473722	NA	NA
88723_1	chr7	-	23	0	0	1	23	26236208	26236186	NA	NA
88724_2	chrE	-	23	0	0	1	23	3340	3362	NA	NA
88725_1	chr17	-	23	0	0	1	23	79813570	79813548	NA	NA
88726_1	chr19	-	23	0	0	1	23	42364848	42364870	NA	NA
88727_2	chr21	-	23	0	0	1	23	9827291	9827313	NA	NA
88728_1	chr16	-	23	0	0	1	23	31484776	31484798	NA	NA
88729_1	chr19	-	23	0	0	1	23	39963949	39963971	NA	NA
88730_1	chr2	-	23	0	0	1	23	230045521	230045499	NA	NA
88731_7	chr21	-	23	0	0	1	23	9827148	9827170	NA	NA
88732_1	chr11	-	23	0	0	1	23	118889701	118889723	NA	NA
88733_2	chr20	-	23	0	0	1	23	32399353	32399375	NA	NA
88734_1	chr9	-	23	0	0	1	23	94711914	94711892	NA	NA
88735_1	chr6	-	23	0	0	1	23	7052124	7052102	NA	NA
88736_1	chr8	-	23	0	0	1	23	99985159	99985181	NA	NA
88737_1	chr20	-	23	0	0	1	23	40084502	40084480	NA	NA
88738_1	chrE	-	23	0	0	1	23	3138	3160	NA	NA
88739_1	chr6	-	23	0	0	1	23	26225328	26225350	NA	NA
88740_1	chr9	-	23	0	0	1	23	130286342	130286320	NA	NA
88741_1	chr7	-	23	0	0	1	23	94294605	94294627	NA	NA
88742_1	chr6	-	23	0	0	1	23	133135887	133135909	NA	NA
88743_1	chr16	-	23	0	0	1	23	87903331	87903353	NA	NA
88744_2	chrX	-	23	0	0	1	23	108297803	108297825	NA	NA
88745_1	chr2	-	23	0	0	1	23	133012337	133012315	NA	NA
88746_1	chr6	-	23	0	0	1	23	44223220	44223198	NA	NA
88747_1	chr13	-	23	0	0	1	23	48835660	48835682	NA	NA
88748_2	chr21	-	23	0	0	1	23	9827293	9827315	NA	NA
88749_11	chr16	-	23	0	0	1	23	73091880	73091902	NA	NA
88750_3	chr2	-	23	0	0	1	23	71565820	71565798	NA	NA
88751_18	chr19	-	23	0	0	1	23	3463169	3463147	NA	NA
88752_1	chr6	-	23	0	0	1	23	26045969	26045991	NA	NA
88753_1	chr18	-	23	0	0	1	23	51751028	51751006	NA	NA
88754_1	chr15	-	23	0	0	1	23	40763108	40763130	NA	NA
88755_1	chrX	-	23	0	0	1	23	30870932	30870910	NA	NA
88756_1	chr5	-	23	0	0	1	23	150158353	150158375	NA	NA
88757_2	chr1	-	23	0	0	1	23	20693172	20693194	NA	NA
88758_2	chr6	-	23	0	0	1	23	143268829	143268807	NA	NA
88759_2	chr6	-	23	0	0	1	23	26217160	26217182	NA	NA
88760_1	chr1	-	23	0	0	1	23	70385080	70385102	NA	NA
88761_1	chr6	-	23	0	0	1	23	159239786	159239764	NA	NA
88762_69	chr16	-	23	0	0	1	23	47538725	47538747	NA	NA
88763_1	chr11	-	23	0	0	1	23	48184303	48184325	NA	NA
88764_1	chr12	-	23	0	0	1	23	98897328	98897350	NA	NA
88765_1	chr21	-	23	0	0	1	23	9827499	9827521	NA	NA
88766_1	chr2	-	23	0	0	1	23	133038795	133038773	NA	NA
88767_1	chr7	-	23	0	0	1	23	128695164	128695142	NA	NA
88768_1	chr2	-	23	0	0	1	23	85626351	85626329	NA	NA
88769_3	chr16	-	23	0	0	1	23	33963717	33963739	NA	NA
88770_1	chr6	-	23	0	0	1	23	144522075	144522053	NA	NA
88771_1	chrE	-	23	0	0	1	23	588	610	NA	NA
88772_2	chr2	-	23	0	0	1	23	133039194	133039172	NA	NA
88773_1	chr1	-	23	0	0	1	23	49224663	49224641	NA	NA
88774_1	chr15	-	23	0	0	1	23	35149007	35148985	NA	NA
88775_1	chr1	-	23	0	0	1	23	113460610	113460588	NA	NA
88776_1	chr19	-	23	0	0	1	23	39924373	39924351	NA	NA
88777_1	chr1	-	23	0	0	1	23	154245175	154245197	NA	NA
88778_1	chr6	-	23	0	0	1	23	27778062	27778084	NA	NA
88779_1	chrE	-	23	0	0	1	23	1758	1780	NA	NA
88780_1	chr1	-	23	0	0	1	23	150266570	150266592	NA	NA
88781_1	chr4	-	23	0	0	1	23	88343839	88343861	NA	NA
88782_1	chr6	-	23	0	0	1	23	90428916	90428894	NA	NA
88783_1	chr19	-	23	0	0	1	23	4910949	4910971	NA	NA
88784_1	chr1	-	23	0	0	1	23	93811542	93811564	NA	NA
88785_1	chrX	-	23	0	0	1	23	41027383	41027405	NA	NA
88786_1	chr11	-	23	0	0	1	23	7110841	7110863	NA	NA
88787_1	chrE	-	23	0	0	1	23	4811	4833	NA	NA
88788_1	chr6	-	23	0	0	1	23	79679812	79679790	NA	NA
88789_1	chrE	-	23	0	0	1	23	3153	3175	NA	NA
88790_28	chr19	-	23	0	0	1	23	24185253	24185231	NA	NA
88791_2	chr16	-	23	0	0	1	23	33963230	33963252	NA	NA
88792_1	chr9	-	23	0	0	1	23	140149863	140149885	NA	NA
88793_1	chr4	-	23	0	0	1	23	41540212	41540234	NA	NA
88794_11	chr16	-	23	0	0	1	23	33963180	33963202	NA	NA
88795_1	chr3	-	23	0	0	1	23	149686182	149686160	NA	NA
88796_1	chr10	-	23	0	0	1	23	26500886	26500864	NA	NA
88797_1	chr4	-	23	0	0	1	23	17597029	17597051	NA	NA
88798_1	chr7	-	23	0	0	1	23	1607467	1607445	NA	NA
88799_6	chr9	-	23	0	0	1	23	136933665	136933687	NA	NA
88800_1	chr7	-	23	0	0	1	23	48942911	48942889	NA	NA
88801_1	chrE	-	23	0	0	1	23	6136	6158	NA	NA
88802_1	chr14	-	23	0	0	1	23	90798213	90798191	NA	NA
88803_1	chr2	-	23	0	0	1	23	133038145	133038123	NA	NA
88804_1	chr11	-	23	0	0	1	23	118375468	118375490	NA	NA
88805_1	chr17	-	23	0	0	1	23	62499448	62499426	NA	NA
88806_1	chr15	-	23	0	0	1	23	49448047	49448069	NA	NA
88807_1	chr16	-	23	0	0	1	23	23647430	23647408	NA	NA
88808_1	chr5	-	23	0	0	1	23	176900526	176900504	NA	NA
88809_1	chr3	-	23	0	0	1	23	115529319	115529341	NA	NA
88810_1	chr5	-	23	0	0	1	23	132362229	132362207	NA	NA
88811_1	chr21	-	23	0	0	1	23	38339047	38339025	NA	NA
88812_1	chrX	-	23	0	0	1	23	131202562	131202584	NA	NA
88813_1	chr14	-	23	0	0	1	23	23495327	23495305	NA	NA
88814_1	chr1	-	23	0	0	1	23	156721220	156721198	NA	NA
88815_1	chr6	-	23	0	0	1	23	26225377	26225399	NA	NA
88816_1	chr7	-	23	0	0	1	23	129330295	129330317	NA	NA
88817_1	chr9	-	23	0	0	1	23	111754741	111754719	NA	NA
88818_1	chrE	-	23	0	0	1	23	4825	4847	NA	NA
88819_1	chr22	-	23	0	0	1	23	28396756	28396778	NA	NA
88820_1	chr1	-	23	0	0	1	23	95363550	95363528	NA	NA
88821_1	chr11	-	23	0	0	1	23	2531005	2530983	NA	NA
88822_1	chr3	-	23	0	0	1	23	52009276	52009298	NA	NA
88823_1	chr2	-	23	0	0	1	23	69300183	69300205	NA	NA
88824_1332	chr9	-	23	0	0	1	23	136933667	136933689	NA	NA
88825_1	chr17	-	23	0	0	1	23	46128124	46128146	NA	NA
88826_3	chr16	-	23	0	0	1	23	33963232	33963254	NA	NA
88827_1	chr8	-	23	0	0	1	23	25898429	25898407	NA	NA
88828_1	chr1	-	23	0	0	1	23	150484026	150484048	NA	NA
88829_1	chrE	-	23	0	0	1	23	1761	1783	NA	NA
88830_2	chr21	-	23	0	0	1	23	9827285	9827307	NA	NA
88831_26	chr9	-	23	0	0	1	23	136293915	136293893	NA	NA
88832_1	chr6	-	23	0	0	1	23	26104328	26104350	NA	NA
88833_1	chr15	-	23	0	0	1	23	89878350	89878372	NA	NA
88834_1	chrY	-	23	0	0	1	23	10037763	10037785	NA	NA
88835_1	chr20	-	23	0	0	1	23	39801090	39801112	NA	NA
88836_1	chr3	-	23	0	0	1	23	12705576	12705554	NA	NA
88837_1	chr6	-	23	0	0	1	23	26032290	26032268	NA	NA
88838_16	chrX	-	23	0	0	1	23	108297806	108297828	NA	NA
88839_1	chr10	-	23	0	0	1	23	118502131	118502153	NA	NA
88840_1	chrE	-	23	0	0	1	23	760	782	NA	NA
88841_1	chr13	-	23	0	0	1	23	21834297	21834319	NA	NA
88842_1	chr6	-	23	0	0	1	23	26045936	26045958	NA	NA
88843_1	chr15	-	23	0	0	1	23	42978276	42978298	NA	NA
88844_2	chr12	-	23	0	0	1	23	127650658	127650636	NA	NA
88845_1	chr2	-	23	0	0	1	23	133012897	133012875	NA	NA
88846_1	chrX	-	23	0	0	1	23	153061983	153062005	NA	NA
88847_1	chr3	-	23	0	0	1	23	47030166	47030188	NA	NA
88848_1	chr15	-	23	0	0	1	23	32163034	32163012	NA	NA
88849_1	chrX	-	23	0	0	1	23	41043909	41043931	NA	NA
88850_1	chr6	-	23	0	0	1	23	26250647	26250625	NA	NA
88851_1	chr7	-	23	0	0	1	23	150923578	150923556	NA	NA
88852_1	chr9	-	23	0	0	1	23	136571988	136572010	NA	NA
88853_2	chr13	-	23	0	0	1	23	27334974	27334952	NA	NA
88854_3	chr9	-	23	0	0	1	23	36258335	36258357	NA	NA
88855_1	chr9	-	23	0	0	1	23	76235164	76235142	NA	NA
88856_1	chr5	-	23	0	0	1	23	178311836	178311858	NA	NA
88857_1	chr11	-	23	0	0	1	23	126145303	126145325	NA	NA
88858_1	chrX	-	23	0	0	1	23	151869633	151869655	NA	NA
88859_1	chr1	-	23	0	0	1	23	222736625	222736603	NA	NA
88860_1	chr11	-	23	0	0	1	23	100558095	100558117	NA	NA
88861_1	chr7	-	23	0	0	1	23	102584822	102584844	NA	NA
88862_1	chr17	-	23	0	0	1	23	79479317	79479295	NA	NA
88863_1	chrE	-	23	0	0	1	23	741	763	NA	NA
88864_1	chr11	-	23	0	0	1	23	126142911	126142933	NA	NA
88865_1	chr14	-	23	0	0	1	23	81993277	81993255	NA	NA
88866_1	chr9	-	23	0	0	1	23	127933389	127933367	NA	NA
88867_1	chrX	-	23	0	0	1	23	25664139	25664117	NA	NA
88868_1	chr16	-	23	0	0	1	23	30376452	30376430	NA	NA
88869_1	chr11	-	23	0	0	1	23	122928600	122928578	NA	NA
88870_1	chr6	-	23	0	0	1	23	44374164	44374186	NA	NA
88871_1	chr11	-	23	0	0	1	23	2153293	2153271	NA	NA
88872_1	chr6	-	23	0	0	1	23	30181175	30181153	NA	NA
88873_1	chr2	-	23	0	0	1	23	133012872	133012850	NA	NA
88874_1	chr9	-	23	0	0	1	23	130248075	130248097	NA	NA
88875_1	chr7	-	23	0	0	1	23	139106941	139106963	NA	NA
88876_1	chrE	-	23	0	0	1	23	1252	1274	NA	NA
88877_1	chrE	-	23	0	0	1	23	5474	5496	NA	NA
88878_1	chrE	-	23	0	0	1	23	2430	2452	NA	NA
88879_1	chr1	-	23	0	0	1	23	20982637	20982615	NA	NA
88880_1	chr1	-	23	0	0	1	23	46068003	46068025	NA	NA
88881_1	chr2	-	23	0	0	1	23	183846018	183845996	NA	NA
88882_1	chr5	-	23	0	0	1	23	77437042	77437020	NA	NA
88883_1	chrX	-	23	0	0	1	23	49056690	49056712	NA	NA
88884_1	chr4	-	23	0	0	1	23	41259694	41259716	NA	NA
88885_1	chr9	-	23	0	0	1	23	75780091	75780113	NA	NA
88886_609	chr21	-	23	0	0	1	23	9827207	9827229	NA	NA
88887_1	chr13	-	23	0	0	1	23	47355673	47355651	NA	NA
88888_1	chr5	-	23	0	0	1	23	71146741	71146763	NA	NA
88889_1	chr2	-	23	0	0	1	23	241511906	241511928	NA	NA
88890_1	chrE	-	23	0	0	1	23	3809	3831	NA	NA
88891_1	chr14	-	23	0	0	1	23	68274535	68274513	NA	NA
88892_1	chr10	-	23	0	0	1	23	120810792	120810770	NA	NA
88893_1	chr8	-	23	0	0	1	23	144357993	144358015	NA	NA
88894_1	chr6	-	23	0	0	1	23	26022203	26022225	NA	NA
88895_1	chr1	-	23	0	0	1	23	16011002	16011024	NA	NA
88896_1	chr18	-	23	0	0	1	23	57569922	57569944	NA	NA
88897_1	chr17	-	23	0	0	1	23	61907679	61907701	NA	NA
88898_1	chr19	-	23	0	0	1	23	36168790	36168812	NA	NA
88899_1	chr16	-	23	0	0	1	23	33963342	33963364	NA	NA
88900_1	chr7	-	23	0	0	1	23	128556658	128556636	NA	NA
88901_1	chrE	-	23	0	0	1	23	6629	6651	NA	NA
88902_1	chr18	-	23	0	0	1	23	13749840	13749818	NA	NA
88903_1	chr14	-	23	0	0	1	23	58790305	58790327	NA	NA
88904_1	chr1	-	23	0	0	1	23	93826165	93826187	NA	NA
88905_1	chr2	-	23	0	0	1	23	86315728	86315706	NA	NA
88906_1	chrX	-	23	0	0	1	23	47442867	47442889	NA	NA
88907_1	chrX	-	23	0	0	1	23	47092465	47092487	NA	NA
88908_1	chr7	-	23	0	0	1	23	54825258	54825236	NA	NA
88909_1	chr19	-	23	0	0	1	23	3977340	3977318	NA	NA
88910_1	chr1	-	23	0	0	1	23	38484150	38484172	NA	NA
88911_1	chr8	-	23	0	0	1	23	56755057	56755035	NA	NA
88912_1	chrE	-	23	0	0	1	23	6684	6706	NA	NA
88913_1	chrE	-	23	0	0	1	23	4420	4442	NA	NA
88914_2	chr19	-	23	0	0	1	23	51171063	51171041	NA	NA
88915_1	chr19	-	23	0	0	1	23	11307757	11307735	NA	NA
88916_1	chr11	-	23	0	0	1	23	747476	747498	NA	NA
88917_1	chr5	-	23	0	0	1	23	71146745	71146767	NA	NA
88918_1	chr1	-	23	0	0	1	23	240997466	240997488	NA	NA
88919_1	chr16	-	23	0	0	1	23	75682020	75682042	NA	NA
88920_1	chr17	-	23	0	0	1	23	76060965	76060987	NA	NA
88921_2	chr16	-	23	0	0	1	23	33963222	33963244	NA	NA
88922_1	chr16	-	23	0	0	1	23	21294998	21294976	NA	NA
88923_3	chrY	-	23	0	0	1	23	10037767	10037789	NA	NA
88924_1	chr1	-	23	0	0	1	23	205568440	205568418	NA	NA
88925_1	chr6	-	23	0	0	1	23	26251882	26251904	NA	NA
88926_1	chrE	-	23	0	0	1	23	4229	4251	NA	NA
88927_1	chr19	-	23	0	0	1	23	50223249	50223227	NA	NA
88928_1	chr10	-	23	0	0	1	23	127525333	127525311	NA	NA
88929_1	chr16	-	23	0	0	1	23	3073362	3073340	NA	NA
88930_2	chr19	-	23	0	0	1	23	24184631	24184609	NA	NA
88931_1	chr19	-	23	0	0	1	23	1577888	1577866	NA	NA
88932_1	chr1	-	23	0	0	1	23	173454550	173454572	NA	NA
88933_2	chrM	-	23	0	0	1	23	1880	1902	NA	NA
88934_1	chr21	-	23	0	0	1	23	9827178	9827200	NA	NA
88935_1	chrE	-	23	0	0	1	23	2574	2596	NA	NA
88936_1	chr4	-	23	0	0	1	23	177190103	177190081	NA	NA
88937_1	chr15	-	23	0	0	1	23	21905671	21905649	NA	NA
88938_1	chr16	-	23	0	0	1	23	47538723	47538745	NA	NA
88939_1	chr19	-	23	0	0	1	23	52693368	52693390	NA	NA
88940_1	chr2	-	23	0	0	1	23	232326475	232326453	NA	NA
88941_3	chr12	-	23	0	0	1	23	127650657	127650635	NA	NA
88942_5	chr16	-	23	0	0	1	23	33963223	33963245	NA	NA
88943_1	chr4	-	23	0	0	1	23	185631304	185631282	NA	NA
88944_1	chrX	-	23	0	0	1	23	53681078	53681056	NA	NA
88945_1	chr14	-	23	0	0	1	23	51378543	51378521	NA	NA
88946_1	chr7	-	23	0	0	1	23	55713462	55713484	NA	NA
88947_1	chrY	-	23	0	0	1	23	10037765	10037787	NA	NA
88948_2	chr1	-	23	0	0	1	23	11968287	11968309	NA	NA
88949_1	chr17	-	23	0	0	1	23	27024021	27024043	NA	NA
88950_1	chr7	-	23	0	0	1	23	6655338	6655316	NA	NA
88951_1	chr5	-	23	0	0	1	23	149681992	149682014	NA	NA
88952_1	chr2	-	23	0	0	1	23	112995978	112995956	NA	NA
88953_1	chr12	-	23	0	0	1	23	113772680	113772658	NA	NA
88954_1	chr11	-	23	0	0	1	23	71720093	71720071	NA	NA
88955_1	chrE	-	23	0	0	1	23	4770	4792	NA	NA
88956_1	chr11	-	23	0	0	1	23	85195209	85195231	NA	NA
88957_1	chr19	-	23	0	0	1	23	1625417	1625439	NA	NA
88958_1	chr6	-	23	0	0	1	23	26056374	26056352	NA	NA
88959_1	chr19	-	23	0	0	1	23	38869942	38869964	NA	NA
88960_1	chr1	-	23	0	0	1	23	12042067	12042089	NA	NA
88961_1	chr21	-	23	0	0	1	23	47402572	47402594	NA	NA
88962_1	chr1	-	23	0	0	1	23	24301563	24301541	NA	NA
88963_2	chr16	-	23	0	0	1	23	33963219	33963241	NA	NA
88964_1	chr14	-	23	0	0	1	23	32545699	32545677	NA	NA
88965_1	chr9	-	23	0	0	1	23	140083234	140083256	NA	NA
88966_1	chr6	-	23	0	0	1	23	26031982	26031960	NA	NA
88967_1	chrE	-	23	0	0	1	23	730	752	NA	NA
88968_1	chr9	-	23	0	0	1	23	35657812	35657790	NA	NA
88969_5	chr16	-	23	0	0	1	23	33963340	33963362	NA	NA
88970_1	chr16	-	23	0	0	1	23	755836	755858	NA	NA
88971_1	chr3	-	23	0	0	1	23	52312327	52312305	NA	NA
88972_1	chr19	-	23	0	0	1	23	12691853	12691831	NA	NA
88973_6	chr14	-	23	0	0	1	23	96343100	96343078	NA	NA
88974_1	chr3	-	23	0	0	1	23	18486159	18486181	NA	NA
88975_1	chr16	-	23	0	0	1	23	33963343	33963365	NA	NA
88976_5	chr2	-	23	0	0	1	23	133012338	133012316	NA	NA
88977_1	chrE	-	23	0	0	1	23	2331	2353	NA	NA
88978_1	chrX	-	23	0	0	1	23	19140680	19140658	NA	NA
88979_1	chr15	-	23	0	0	1	23	43819590	43819612	NA	NA
88980_1	chr14	-	23	0	0	1	23	55649150	55649128	NA	NA
88981_1	chr16	-	23	0	0	1	23	23563591	23563569	NA	NA
88982_1	chr19	-	23	0	0	1	23	34745639	34745617	NA	NA
88983_1	chr2	-	23	0	0	1	23	230045522	230045500	NA	NA
88984_1	chr7	-	23	0	0	1	23	92027862	92027884	NA	NA
88985_1	chr22	-	23	0	0	1	23	50726138	50726116	NA	NA
88986_25	chr9	-	23	0	0	1	23	79186674	79186696	NA	NA
88987_1	chr1	-	23	0	0	1	23	154575054	154575032	NA	NA
88988_1	chr6	-	23	0	0	1	23	26285539	26285517	NA	NA
88989_1	chr7	-	23	0	0	1	23	124405970	124405948	NA	NA
88990_1	chr1	-	23	0	0	1	23	23376913	23376935	NA	NA
88991_1	chr14	-	23	0	0	1	23	105958975	105958997	NA	NA
88992_1	chr6	-	23	0	0	1	23	26197278	26197256	NA	NA
88993_1	chr7	-	23	0	0	1	23	94285732	94285754	NA	NA
88994_3	chr5	-	23	0	0	1	23	71146888	71146910	NA	NA
88995_1	chr2	-	23	0	0	1	23	133012057	133012035	NA	NA
88996_1	chr1	-	23	0	0	1	23	120285581	120285603	NA	NA
88997_1	chr3	-	23	0	0	1	23	33155696	33155718	NA	NA
88998_1	chr6	-	23	0	0	1	23	132270446	132270424	NA	NA
88999_1	chr19	-	23	0	0	1	23	41196509	41196487	NA	NA
89000_1	chr2	-	23	0	0	1	23	220283486	220283508	NA	NA
89001_1	chr1	-	23	0	0	1	23	156756456	156756478	NA	NA
89002_1	chrE	-	23	0	0	1	23	5548	5570	NA	NA
89003_1	chr8	-	23	0	0	1	23	144904079	144904057	NA	NA
89004_1	chr10	-	23	0	0	1	23	26500885	26500863	NA	NA
89005_1	chr16	-	23	0	0	1	23	9057210	9057232	NA	NA
89006_1	chr12	-	23	0	0	1	23	20704444	20704466	NA	NA
89007_1	chr2	-	23	0	0	1	23	133012154	133012132	NA	NA
89008_1	chr7	-	23	0	0	1	23	64042991	64043013	NA	NA
89009_1	chr2	-	23	0	0	1	23	85133179	85133201	NA	NA
89010_1	chrE	-	23	0	0	1	23	782	804	NA	NA
89011_1	chr19	-	23	0	0	1	23	11121096	11121118	NA	NA
89012_1	chr11	-	23	0	0	1	23	47660583	47660561	NA	NA
89013_1	chr1	-	23	0	0	1	23	210547535	210547513	NA	NA
89014_1	chr12	-	23	0	0	1	23	98987799	98987821	NA	NA
89015_1	chr2	-	23	0	0	1	23	61708380	61708358	NA	NA
89016_1	chrE	-	23	0	0	1	23	3022	3044	NA	NA
89017_1	chr2	-	23	0	0	1	23	109276120	109276142	NA	NA
89018_1	chrM	-	23	0	0	1	23	10066	10088	NA	NA
89019_1	chr1	-	23	0	0	1	23	66458139	66458161	NA	NA
89020_1	chr12	-	23	0	0	1	23	6875676	6875698	NA	NA
89021_1	chrE	-	23	0	0	1	23	1025	1047	NA	NA
89022_1	chr20	-	23	0	0	1	23	11899785	11899807	NA	NA
89023_1	chr1	-	23	0	0	1	23	897380	897402	NA	NA
89024_1	chr2	-	23	0	0	1	23	198288573	198288551	NA	NA
89025_3	chr16	-	23	0	0	1	23	33963347	33963369	NA	NA
89026_1	chr5	-	23	0	0	1	23	65350460	65350482	NA	NA
89027_1	chr1	-	23	0	0	1	23	155228704	155228682	NA	NA
89028_1	chr9	-	23	0	0	1	23	79186850	79186872	NA	NA
89029_1	chr8	-	23	0	0	1	23	113068631	113068609	NA	NA
89030_1	chr6	-	23	0	0	1	23	26022107	26022129	NA	NA
89031_1	chr2	-	23	0	0	1	23	96953292	96953270	NA	NA
89032_1	chr12	-	23	0	0	1	23	127650919	127650897	NA	NA
89033_1	chr4	-	23	0	0	1	23	43003674	43003652	NA	NA
89034_1	chrE	-	23	0	0	1	23	1013	1035	NA	NA
89035_1	chr6	-	23	0	0	1	23	96034361	96034383	NA	NA
89036_1	chr6	-	23	0	0	1	23	139235883	139235861	NA	NA
89037_1	chr6	-	23	0	0	1	23	35840482	35840460	NA	NA
89038_1	chr9	-	23	0	0	1	23	131580838	131580860	NA	NA
89039_1	chr6	-	23	0	0	1	23	42985051	42985073	NA	NA
89040_1	chr8	-	23	0	0	1	23	61768644	61768666	NA	NA
89041_2	chr8	-	23	0	0	1	23	101734283	101734261	NA	NA
89042_1	chr7	-	23	0	0	1	23	1470943	1470965	NA	NA
89043_1	chr2	-	23	0	0	1	23	133037869	133037847	NA	NA
89044_1	chr7	-	23	0	0	1	23	94292862	94292884	NA	NA
89045_1	chrY	-	23	0	0	1	23	10036576	10036598	NA	NA
89046_1	chr7	-	23	0	0	1	23	100450431	100450453	NA	NA
89047_1	chr13	-	23	0	0	1	23	110821995	110821973	NA	NA
89048_1	chr8	-	23	0	0	1	23	101724915	101724893	NA	NA
89049_1	chr21	-	23	0	0	1	23	9827461	9827483	NA	NA
89050_1	chr10	-	23	0	0	1	23	134973466	134973444	NA	NA
89051_1	chr1	-	23	0	0	1	23	109940409	109940387	NA	NA
89052_1	chr11	-	23	0	0	1	23	809971	809993	NA	NA
89053_1	chr6	-	23	0	0	1	23	27775626	27775604	NA	NA
89054_1	chr2	-	23	0	0	1	23	133038796	133038774	NA	NA
89055_1	chr5	-	23	0	0	1	23	32444421	32444399	NA	NA
89056_1	chr7	-	23	0	0	1	23	98645398	98645376	NA	NA
89057_1	chr9	-	23	0	0	1	23	33025319	33025341	NA	NA
89058_1	chr18	-	23	0	0	1	23	48703446	48703424	NA	NA
89059_1	chr11	-	23	0	0	1	23	10822079	10822057	NA	NA
89060_2	chr2	-	23	0	0	1	23	133012335	133012313	NA	NA
89061_1	chrX	-	23	0	0	1	23	53630447	53630425	NA	NA
89062_1	chr21	-	23	0	0	1	23	9827156	9827178	NA	NA
89063_1	chr1	-	23	0	0	1	23	117064566	117064544	NA	NA
89064_1	chr6	-	23	0	0	1	23	26032205	26032183	NA	NA
89065_1	chr12	-	23	0	0	1	23	9527345	9527323	NA	NA
89066_1	chr21	-	23	0	0	1	23	9827373	9827395	NA	NA
89067_1	chr7	-	23	0	0	1	23	98246830	98246852	NA	NA
89068_1	chr8	-	23	0	0	1	23	144896232	144896210	NA	NA
89069_3	chr2	-	23	0	0	1	23	230045517	230045495	NA	NA
89070_5	chr12	-	23	0	0	1	23	127650656	127650634	NA	NA
89071_1	chr10	-	23	0	0	1	23	75006561	75006539	NA	NA
89072_1	chr6	-	23	0	0	1	23	127440593	127440615	NA	NA
89073_1	chr7	-	23	0	0	1	23	5428312	5428290	NA	NA
89074_6	chr19	-	23	0	0	1	23	24185477	24185455	NA	NA
89075_1	chr16	-	23	0	0	1	23	33963079	33963101	NA	NA
89076_1	chr5	-	23	0	0	1	23	1280194	1280172	NA	NA
89077_1	chr7	-	23	0	0	1	23	5410498	5410476	NA	NA
89078_1	chrX	-	23	0	0	1	23	122318632	122318654	NA	NA
89079_1	chr2	-	23	0	0	1	23	133012334	133012312	NA	NA
89080_1	chr12	-	23	0	0	1	23	57637313	57637291	NA	NA
89081_1	chr2	-	23	0	0	1	23	32804400	32804378	NA	NA
89082_1	chr10	-	23	0	0	1	23	73591668	73591646	NA	NA
89083_11	chr18	-	23	0	0	1	23	35065632	35065610	NA	NA
89084_1	chr7	-	23	0	0	1	23	75958997	75958975	NA	NA
89085_7	chr12	-	23	0	0	1	23	127650918	127650896	NA	NA
89086_1	chrE	-	23	0	0	1	23	635	657	NA	NA
89087_1	chr2	-	23	0	0	1	23	230045516	230045494	NA	NA
89088_1	chr11	-	23	0	0	1	23	14810674	14810696	NA	NA
89089_1	chr22	-	23	0	0	1	23	38073021	38073043	NA	NA
89090_1	chr2	-	23	0	0	1	23	230045515	230045493	NA	NA
89091_1	chr8	-	23	0	0	1	23	145150853	145150875	NA	NA
89092_11	chr21	-	23	0	0	1	23	9827299	9827321	NA	NA
89093_1	chr6	-	23	0	0	1	23	107955955	107955933	NA	NA
89094_1	chr2	-	23	0	0	1	23	43452682	43452660	NA	NA
89095_3	chr10	-	23	0	0	1	23	128593719	128593741	NA	NA
89096_1	chr18	-	23	0	0	1	23	61077555	61077533	NA	NA
89097_1	chrX	-	23	0	0	1	23	12838862	12838884	NA	NA
89098_1	chr2	-	23	0	0	1	23	171806118	171806140	NA	NA
89099_1	chr15	-	23	0	0	1	23	45007634	45007656	NA	NA
89100_1	chr12	-	23	0	0	1	23	10365620	10365642	NA	NA
89101_1	chr10	-	23	0	0	1	23	79795124	79795146	NA	NA
89102_1	chr18	-	23	0	0	1	23	43914351	43914373	NA	NA
89103_1	chr6	-	23	0	0	1	23	25727508	25727530	NA	NA
89104_1	chr1	-	23	0	0	1	23	45285591	45285569	NA	NA
89105_1	chrE	-	23	0	0	1	23	1415	1437	NA	NA
89106_1	chr8	-	23	0	0	1	23	17421121	17421143	NA	NA
89107_1	chr1	-	23	0	0	1	23	45196761	45196739	NA	NA
89108_1	chr7	-	23	0	0	1	23	154760414	154760392	NA	NA
89109_1	chr2	-	23	0	0	1	23	217069092	217069114	NA	NA
89110_1	chr7	-	23	0	0	1	23	5570103	5570081	NA	NA
89111_1	chr2	-	23	0	0	1	23	65245345	65245367	NA	NA
89112_1	chr15	-	23	0	0	1	23	52861443	52861465	NA	NA
89113_1	chr1	-	23	0	0	1	23	183100470	183100492	NA	NA
89114_1	chr12	-	23	0	0	1	23	127650661	127650639	NA	NA
89115_1	chr11	-	23	0	0	1	23	62598710	62598688	NA	NA
89116_1	chr3	-	23	0	0	1	23	122545732	122545754	NA	NA
89117_7	chr8	-	23	0	0	1	23	21455983	21456005	NA	NA
89118_2	chr7	-	23	0	0	1	23	92462888	92462866	NA	NA
89119_1	chr1	-	23	0	0	1	23	16134064	16134042	NA	NA
89120_1	chr6	-	23	0	0	1	23	26045634	26045656	NA	NA
89121_1	chr19	-	23	0	0	1	23	39191234	39191256	NA	NA
89122_1	chr7	-	23	0	0	1	23	6502788	6502766	NA	NA
89123_1	chrE	-	23	0	0	1	23	4570	4592	NA	NA
89124_1	chr7	-	23	0	0	1	23	101645789	101645811	NA	NA
89125_2	chr21	-	23	0	0	1	23	9827150	9827172	NA	NA
89126_1	chr7	-	23	0	0	1	23	6505781	6505759	NA	NA
89127_1	chr1	-	23	0	0	1	23	21113821	21113799	NA	NA
89128_1	chr22	-	23	0	0	1	23	41075117	41075095	NA	NA
89129_4	chrY	-	23	0	0	1	23	10037862	10037884	NA	NA
89130_1	chr6	-	23	0	0	1	23	26022048	26022070	NA	NA
89131_1	chrE	-	23	0	0	1	23	2475	2497	NA	NA
89132_1	chr5	-	23	0	0	1	23	71146889	71146911	NA	NA
89133_1	chrE	-	23	0	0	1	23	5887	5909	NA	NA
89134_1	chr2	-	23	0	0	1	23	85132786	85132808	NA	NA
89135_2	chrM	-	23	0	0	1	23	2518	2540	NA	NA
89136_1	chrY	-	23	0	0	1	23	7527203	7527225	NA	NA
89137_1	chrE	-	23	0	0	1	23	6296	6318	NA	NA
89138_4	chr21	-	23	0	0	1	23	9827013	9827035	NA	NA
89139_1	chr6	-	23	0	0	1	23	30691547	30691569	NA	NA
89140_7	chr1	-	23	0	0	1	23	40254260	40254282	NA	NA
89141_1	chrM	-	23	0	0	1	23	2859	2881	NA	NA
89142_1	chr17	-	23	0	0	1	23	79196565	79196543	NA	NA
89143_1	chrE	-	23	0	0	1	23	2219	2241	NA	NA
89144_1	chr12	-	23	0	0	1	23	89745664	89745642	NA	NA
89145_9	chr21	-	23	0	0	1	23	9827009	9827031	NA	NA
89146_2	chr12	-	23	0	0	1	23	127650520	127650498	NA	NA
89147_1	chr7	-	23	0	0	1	23	64838848	64838870	NA	NA
89148_1	chr12	-	23	0	0	1	23	33049882	33049904	NA	NA
89149_1	chr6	-	23	0	0	1	23	27860760	27860738	NA	NA
89150_1	chr19	-	23	0	0	1	23	51010925	51010903	NA	NA
89151_1	chr1	-	23	0	0	1	23	1342544	1342522	NA	NA
89152_1	chrX	-	23	0	0	1	23	51638593	51638615	NA	NA
89153_1	chr2	-	23	0	0	1	23	189870955	189870977	NA	NA
89154_1	chrX	-	23	0	0	1	23	70351438	70351460	NA	NA
89155_1	chr1	-	23	0	0	1	23	23645184	23645162	NA	NA
89156_1	chr9	-	23	0	0	1	23	23762092	23762070	NA	NA
89157_1	chr15	-	23	0	0	1	23	91537782	91537760	NA	NA
89158_1	chr1	-	23	0	0	1	23	28833972	28833994	NA	NA
89159_1	chr17	-	23	0	0	1	23	62496064	62496042	NA	NA
89160_1	chrE	-	23	0	0	1	23	5657	5679	NA	NA
89161_2	chr21	-	23	0	0	1	23	9827011	9827033	NA	NA
89162_1	chr1	-	23	0	0	1	23	28343711	28343689	NA	NA
89163_1	chr16	-	23	0	0	1	23	33963337	33963359	NA	NA
89164_1	chrE	-	23	0	0	1	23	2784	2806	NA	NA
89165_1	chr17	-	23	0	0	1	23	45757385	45757407	NA	NA
89166_1	chr12	-	23	0	0	1	23	6643705	6643727	NA	NA
89167_2	chr16	-	23	0	0	1	23	33963344	33963366	NA	NA
89168_2	chr16	-	23	0	0	1	23	47538730	47538752	NA	NA
89169_1	chrX	-	23	0	0	1	23	151903269	151903291	NA	NA
89170_1	chr1	-	23	0	0	1	23	151958681	151958659	NA	NA
89171_1	chr6	-	23	0	0	1	23	27860762	27860740	NA	NA
89172_1	chr7	-	23	0	0	1	23	92247423	92247401	NA	NA
89173_1	chr17	-	23	0	0	1	23	8025429	8025407	NA	NA
89174_1	chr16	-	23	0	0	1	23	19547830	19547852	NA	NA
89175_1	chr9	-	23	0	0	1	23	79186851	79186873	NA	NA
89176_1	chr15	-	23	0	0	1	23	40707661	40707683	NA	NA
89177_107	chr2	-	23	0	0	1	23	71565817	71565795	NA	NA
89178_1	chr8	-	23	0	0	1	23	28747918	28747940	NA	NA
89179_1	chr2	-	23	0	0	1	23	189915321	189915299	NA	NA
89180_1	chr11	-	23	0	0	1	23	62334983	62334961	NA	NA
89181_1	chr4	-	23	0	0	1	23	87871007	87870985	NA	NA
89182_1	chr5	-	23	0	0	1	23	167924250	167924272	NA	NA
89183_1	chr12	-	23	0	0	1	23	53610630	53610652	NA	NA
89184_3	chr9	-	23	0	0	1	23	95940135	95940157	NA	NA
89185_1	chr12	-	23	0	0	1	23	127650917	127650895	NA	NA
89186_1	chr2	-	23	0	0	1	23	43906035	43906057	NA	NA
89187_1	chr9	-	23	0	0	1	23	139744568	139744590	NA	NA
89188_1	chr7	-	23	0	0	1	23	72972112	72972090	NA	NA
89189_1	chr11	-	23	0	0	1	23	75946930	75946908	NA	NA
89190_1	chr17	-	23	0	0	1	23	15554952	15554930	NA	NA
89191_1	chr5	-	23	0	0	1	23	137495790	137495768	NA	NA
89192_1	chr6	-	23	0	0	1	23	157522586	157522608	NA	NA
89193_1	chrE	-	23	0	0	1	23	2780	2802	NA	NA
89194_4	chr16	-	23	0	0	1	23	33963229	33963251	NA	NA
89195_1	chrE	-	23	0	0	1	23	2078	2100	NA	NA
89196_2	chr7	-	23	0	0	1	23	56126334	56126356	NA	NA
89197_3	chr6	-	23	0	0	1	23	37093703	37093725	NA	NA
89198_1	chr10	-	23	0	0	1	23	123927350	123927372	NA	NA
89199_3	chr21	-	23	0	0	1	23	43373757	43373779	NA	NA
89200_1	chr2	-	23	0	0	1	23	225729620	225729598	NA	NA
89201_1	chr20	-	23	0	0	1	23	5935820	5935842	NA	NA
89202_1	chrE	-	23	0	0	1	23	6953	6975	NA	NA
89203_1	chr11	-	23	0	0	1	23	64851023	64851001	NA	NA
89204_1	chr1	-	23	0	0	1	23	91403451	91403429	NA	NA
89205_1	chr21	-	23	0	0	1	23	16436717	16436739	NA	NA
89206_1	chr11	-	23	0	0	1	23	12549426	12549448	NA	NA
89207_1	chr13	-	23	0	0	1	23	113976725	113976747	NA	NA
89208_1	chr7	-	23	0	0	1	23	17338487	17338509	NA	NA
89209_1	chr9	-	23	0	0	1	23	135555156	135555178	NA	NA
89210_1	chrE	-	23	0	0	1	23	731	753	NA	NA
89211_1	chr5	-	23	0	0	1	23	14359534	14359556	NA	NA
89212_1	chrX	-	23	0	0	1	23	19560096	19560074	NA	NA
89213_1	chr7	-	23	0	0	1	23	129498762	129498740	NA	NA
89214_1	chr9	-	23	0	0	1	23	131486376	131486354	NA	NA
89215_1	chr11	-	23	0	0	1	23	74329653	74329675	NA	NA
89216_1	chr2	-	23	0	0	1	23	148653964	148653986	NA	NA
89217_1	chrE	-	23	0	0	1	23	1844	1866	NA	NA
89218_1	chr17	-	23	0	0	1	23	46714089	46714067	NA	NA
89219_1	chr19	-	23	0	0	1	23	282804	282782	NA	NA
89220_1	chr21	-	23	0	0	1	23	9827203	9827225	NA	NA
89221_1	chrX	-	23	0	0	1	23	67291102	67291080	NA	NA
89222_1	chr16	-	23	0	0	1	23	33963220	33963242	NA	NA
89223_1	chr7	-	23	0	0	1	23	99688065	99688087	NA	NA
89224_1	chrX	-	23	0	0	1	23	63383539	63383561	NA	NA
89225_1	chr9	-	23	0	0	1	23	74979819	74979797	NA	NA
89226_1	chr16	-	23	0	0	1	23	28855120	28855098	NA	NA
89227_1	chr17	-	23	0	0	1	23	36872749	36872771	NA	NA
89228_1	chr3	-	23	0	0	1	23	151986823	151986845	NA	NA
89229_1	chrY	-	23	0	0	1	23	10035891	10035913	NA	NA
89230_2	chr3	-	23	0	0	1	23	9974569	9974591	NA	NA
89231_1	chr16	-	23	0	0	1	23	4796416	4796438	NA	NA
89232_1	chr22	-	23	0	0	1	23	22210630	22210652	NA	NA
89233_1	chr8	-	23	0	0	1	23	142529072	142529094	NA	NA
89234_1	chr10	-	23	0	0	1	23	17496349	17496327	NA	NA
89235_1	chrE	-	23	0	0	1	23	5544	5566	NA	NA
89236_1	chr19	-	23	0	0	1	23	55691290	55691312	NA	NA
89237_1	chr19	-	23	0	0	1	23	56172401	56172423	NA	NA
89238_2	chr19	-	23	0	0	1	23	24185250	24185228	NA	NA
89239_1	chr7	-	23	0	0	1	23	75157402	75157380	NA	NA
89240_1	chrX	-	23	0	0	1	23	47032546	47032568	NA	NA
89241_1	chr8	-	23	0	0	1	23	90955507	90955485	NA	NA
89242_1	chr1	-	23	0	0	1	23	197127709	197127687	NA	NA
89243_1	chr16	-	23	0	0	1	23	30078575	30078597	NA	NA
89244_1	chr2	-	23	0	0	1	23	232326525	232326503	NA	NA
89245_1	chr12	-	23	0	0	1	23	127650522	127650500	NA	NA
89246_1	chr6	-	23	0	0	1	23	27777858	27777880	NA	NA
89247_1	chr21	-	23	0	0	1	23	9827048	9827070	NA	NA
89248_1	chr17	-	23	0	0	1	23	56754977	56754955	NA	NA
89249_1	chr7	-	23	0	0	1	23	94292730	94292752	NA	NA
89250_1	chr2	-	23	0	0	1	23	96874350	96874328	NA	NA
89251_1	chrE	-	23	0	0	1	23	1799	1821	NA	NA
89252_1	chr9	-	23	0	0	1	23	129076623	129076601	NA	NA
89253_1	chr17	-	23	0	0	1	23	47874204	47874226	NA	NA
89254_1	chr2	-	23	0	0	1	23	230045606	230045584	NA	NA
89255_1	chr6	-	23	0	0	1	23	132272033	132272011	NA	NA
89256_1	chr2	-	23	0	0	1	23	220366234	220366256	NA	NA
89257_1	chr10	-	23	0	0	1	23	90988046	90988024	NA	NA
89258_1	chr7	-	23	0	0	1	23	5568044	5568022	NA	NA
89259_27	chr21	-	23	0	0	1	23	9827053	9827075	NA	NA
89260_1	chr3	-	23	0	0	1	23	47144875	47144853	NA	NA
89261_6	chr21	-	23	0	0	1	23	9827205	9827227	NA	NA
89262_1	chr2	-	23	0	0	1	23	242036744	242036722	NA	NA
89263_1	chrE	-	23	0	0	1	23	5963	5985	NA	NA
89264_1	chr7	-	23	0	0	1	23	107236332	107236354	NA	NA
89265_1	chr11	-	23	0	0	1	23	82997010	82996988	NA	NA
89266_1	chr17	-	23	0	0	1	23	29701559	29701581	NA	NA
89267_1	chr17	-	23	0	0	1	23	4689339	4689317	NA	NA
89268_1	chr8	-	23	0	0	1	23	57390211	57390189	NA	NA
89269_1	chrE	-	23	0	0	1	23	5785	5807	NA	NA
89270_1	chr4	-	23	0	0	1	23	155468197	155468175	NA	NA
89271_1	chr13	-	23	0	0	1	23	37607623	37607601	NA	NA
89272_1	chrX	-	23	0	0	1	23	23693196	23693218	NA	NA
89273_1	chr17	-	23	0	0	1	23	33478294	33478272	NA	NA
89274_1	chrE	-	23	0	0	1	23	1277	1299	NA	NA
89275_1	chr1	-	23	0	0	1	23	9294783	9294761	NA	NA
89276_2	chr2	-	23	0	0	1	23	71565816	71565794	NA	NA
89277_2	chrE	-	23	0	0	1	23	3878	3900	NA	NA
89278_1	chr8	-	23	0	0	1	23	29208126	29208104	NA	NA
89279_1	chr17	-	23	0	0	1	23	73844697	73844675	NA	NA
89280_22	chr17	-	23	0	0	1	23	33478297	33478275	NA	NA
89281_1	chr2	-	23	0	0	1	23	133036279	133036257	NA	NA
89282_1	chr19	-	23	0	0	1	23	49588864	49588886	NA	NA
89283_1	chrX	-	23	0	0	1	23	153131215	153131193	NA	NA
89284_1	chr1	-	23	0	0	1	23	91852997	91852975	NA	NA
89285_1	chr11	-	23	0	0	1	23	7110836	7110858	NA	NA
89286_1	chr10	-	23	0	0	1	23	133109915	133109937	NA	NA
89287_1	chr1	-	23	0	0	1	23	244615101	244615079	NA	NA
89288_1	chr14	-	23	0	0	1	23	105931093	105931115	NA	NA
89289_1	chr10	-	23	0	0	1	23	104126205	104126227	NA	NA
89290_1	chr1	-	23	0	0	1	23	91853089	91853067	NA	NA
89291_1	chr2	-	23	0	0	1	23	219130405	219130383	NA	NA
89292_1	chr2	-	23	0	0	1	23	96861241	96861219	NA	NA
89293_1	chr2	-	23	0	0	1	23	43453821	43453799	NA	NA
89294_1	chr10	-	23	0	0	1	23	134016280	134016302	NA	NA
89295_1	chrE	-	23	0	0	1	23	6987	7009	NA	NA
89296_1	chr4	-	23	0	0	1	23	41937182	41937204	NA	NA
89297_1	chr11	-	23	0	0	1	23	61093100	61093078	NA	NA
89298_1	chr5	-	23	0	0	1	23	1344767	1344789	NA	NA
89299_1	chrY	-	23	0	0	1	23	10037768	10037790	NA	NA
89300_1	chr17	-	23	0	0	1	23	66040095	66040117	NA	NA
89301_2	chr21	-	23	0	0	1	23	9827290	9827312	NA	NA
89302_2	chr21	-	23	0	0	1	23	9827052	9827074	NA	NA
89303_1	chr1	-	23	0	0	1	23	43999171	43999149	NA	NA
89304_1	chr5	-	23	0	0	1	23	177027093	177027115	NA	NA
89305_1	chr1	-	23	0	0	1	23	165883579	165883601	NA	NA
89306_1	chr4	-	23	0	0	1	23	89912203	89912181	NA	NA
89307_2	chr13	-	23	0	0	1	23	99404734	99404756	NA	NA
89308_1	chr1	-	23	0	0	1	23	73015760	73015782	NA	NA
89309_3	chr19	-	23	0	0	1	23	11689628	11689650	NA	NA
89310_1	chr1	-	23	0	0	1	23	24022354	24022376	NA	NA
89311_1	chr5	-	23	0	0	1	23	488384	488406	NA	NA
89312_7	chr10	-	23	0	0	1	23	6245404	6245426	NA	NA
89313_1	chr22	-	23	0	0	1	23	43011376	43011398	NA	NA
89314_3	chr21	-	23	0	0	1	23	9827295	9827317	NA	NA
89315_1	chr21	-	23	0	0	1	23	27484343	27484321	NA	NA
89316_1	chrE	-	23	0	0	1	23	7030	7052	NA	NA
89317_1	chr9	-	23	0	0	1	23	139743931	139743953	NA	NA
89318_1	chr2	-	23	0	0	1	23	43184704	43184682	NA	NA
89319_1	chrY	-	23	0	0	1	23	10035890	10035912	NA	NA
89320_1	chr16	-	23	0	0	1	23	56782206	56782228	NA	NA
89321_1	chrE	-	23	0	0	1	23	4413	4435	NA	NA
89322_1	chr2	-	23	0	0	1	23	105946125	105946103	NA	NA
89323_1	chr21	-	23	0	0	1	23	27097580	27097558	NA	NA
89324_1	chr8	-	23	0	0	1	23	48801780	48801758	NA	NA
89325_12	chr21	-	23	0	0	1	23	9827206	9827228	NA	NA
89326_1	chr3	-	23	0	0	1	23	50333038	50333016	NA	NA
89327_1	chr5	-	23	0	0	1	23	176560558	176560536	NA	NA
89328_1	chr15	-	23	0	0	1	23	77363342	77363320	NA	NA
89329_1	chr19	-	23	0	0	1	23	4102406	4102384	NA	NA
89330_1	chr6	-	23	0	0	1	23	82455740	82455718	NA	NA
89331_2	chr10	-	23	0	0	1	23	5948337	5948359	NA	NA
89332_1	chr7	-	23	0	0	1	23	94293561	94293583	NA	NA
89333_1	chr12	-	23	0	0	1	23	6379355	6379333	NA	NA
89334_1	chr19	-	23	0	0	1	23	38398107	38398129	NA	NA
89335_1	chr8	-	23	0	0	1	23	28013479	28013501	NA	NA
89336_1	chr4	-	23	0	0	1	23	187532697	187532675	NA	NA
89337_1	chr6	-	23	0	0	1	23	27861438	27861460	NA	NA
89338_2	chr16	-	23	0	0	1	23	33963221	33963243	NA	NA
89339_1	chr17	-	23	0	0	1	23	4578431	4578409	NA	NA
89340_1	chr9	-	23	0	0	1	23	129851286	129851264	NA	NA
89341_2	chrE	-	23	0	0	1	23	3271	3293	NA	NA
89342_1	chr19	-	23	0	0	1	23	42788585	42788607	NA	NA
89343_1	chr7	-	23	0	0	1	23	75932297	75932319	NA	NA
89344_1	chr12	-	23	0	0	1	23	46764982	46764960	NA	NA
89345_1	chr9	-	23	0	0	1	23	135906530	135906552	NA	NA
89346_1	chr19	-	23	0	0	1	23	4453981	4453959	NA	NA
89347_2	chr2	-	23	0	0	1	23	170783851	170783873	NA	NA
89348_2	chr21	-	23	0	0	1	23	9827296	9827318	NA	NA
89349_1	chr14	-	23	0	0	1	23	105259597	105259575	NA	NA
89350_1	chr21	-	23	0	0	1	23	45196322	45196344	NA	NA
89351_1	chr18	-	23	0	0	1	23	662150	662172	NA	NA
89352_1	chr11	-	23	0	0	1	23	8016039	8016061	NA	NA
89353_1	chr17	-	23	0	0	1	23	42976781	42976759	NA	NA
89354_1	chr17	-	23	0	0	1	23	19356689	19356711	NA	NA
89355_1	chr16	-	23	0	0	1	23	3333600	3333622	NA	NA
89356_1	chr19	-	23	0	0	1	23	460804	460782	NA	NA
89357_3	chr16	-	23	0	0	1	23	47538729	47538751	NA	NA
89358_8	chr13	-	23	0	0	1	23	112758184	112758162	NA	NA
89359_1	chr17	-	23	0	0	1	23	47489161	47489139	NA	NA
89360_6	chr1	-	23	0	0	1	23	21113823	21113801	NA	NA
89361_1	chrE	-	23	0	0	1	23	4305	4327	NA	NA
89362_1	chr3	-	23	0	0	1	23	125062915	125062893	NA	NA
89363_1	chr1	-	23	0	0	1	23	112162395	112162417	NA	NA
89364_1	chrE	-	23	0	0	1	23	5816	5838	NA	NA
89365_1	chr2	-	23	0	0	1	23	189872301	189872323	NA	NA
89366_1	chr11	-	23	0	0	1	23	18418378	18418400	NA	NA
89367_1	chr17	-	23	0	0	1	23	60765666	60765688	NA	NA
89368_1	chr1	-	23	0	0	1	23	1655722	1655700	NA	NA
89369_1	chr5	-	23	0	0	1	23	140189125	140189147	NA	NA
89370_2	chr19	-	23	0	0	1	23	1470632	1470610	NA	NA
89371_1	chr19	-	23	0	0	1	23	6374513	6374535	NA	NA
89372_1	chr1	-	23	0	0	1	23	229599392	229599370	NA	NA
89373_2	chr14	-	23	0	0	1	23	96001606	96001628	NA	NA
89374_1	chr6	-	23	0	0	1	23	3024061	3024039	NA	NA
89375_1	chr7	-	23	0	0	1	23	102580001	102580023	NA	NA
89376_1	chr2	-	23	0	0	1	23	54855285	54855307	NA	NA
89377_11	chr18	-	23	0	0	1	23	43914350	43914372	NA	NA
89378_1	chr21	-	23	0	0	1	23	9827149	9827171	NA	NA
89379_1	chr2	-	23	0	0	1	23	162364382	162364360	NA	NA
89380_1	chr4	-	23	0	0	1	23	91049187	91049165	NA	NA
89381_1	chr12	-	23	0	0	1	23	127650922	127650900	NA	NA
89382_1	chr17	-	23	0	0	1	23	5342103	5342081	NA	NA
89383_2	chr21	-	23	0	0	1	23	45719930	45719908	NA	NA
89384_1	chr5	-	23	0	0	1	23	71146887	71146909	NA	NA
89385_1	chr1	-	23	0	0	1	23	46083779	46083801	NA	NA
89386_1	chr2	-	23	0	0	1	23	230045581	230045559	NA	NA
89387_1	chr7	-	23	0	0	1	23	7670771	7670749	NA	NA
89388_1	chr2	-	23	0	0	1	23	179909878	179909900	NA	NA
89389_1	chr1	-	23	0	0	1	23	178995241	178995263	NA	NA
89390_1	chr1	-	23	0	0	1	23	27057656	27057678	NA	NA
89391_1	chr11	-	23	0	0	1	23	65746315	65746337	NA	NA
89392_1	chr2	-	23	0	0	1	23	232326474	232326452	NA	NA
89393_1	chr12	-	23	0	0	1	23	56553435	56553457	NA	NA
89394_1	chr1	-	23	0	0	1	23	27440575	27440553	NA	NA
89395_1	chr1	-	23	0	0	1	23	52489224	52489202	NA	NA
89396_1	chr17	-	23	0	0	1	23	65720174	65720196	NA	NA
89397_1	chr5	-	23	0	0	1	23	140855581	140855603	NA	NA
89398_2	chr2	-	23	0	0	1	23	230045508	230045486	NA	NA
89399_1	chr16	-	23	0	0	1	23	88724412	88724390	NA	NA
89400_1	chr21	-	23	0	0	1	23	9827385	9827407	NA	NA
89401_38	chr17	-	23	0	0	1	23	33478296	33478274	NA	NA
89402_1	chr19	-	23	0	0	1	23	3204051	3204073	NA	NA
89403_1	chr18	-	23	0	0	1	23	20715230	20715252	NA	NA
89404_1	chr2	-	23	0	0	1	23	201680189	201680211	NA	NA
89405_1	chr3	-	23	0	0	1	23	187872102	187872124	NA	NA
89406_1	chr15	-	23	0	0	1	23	96877538	96877560	NA	NA
89407_1	chr7	-	23	0	0	1	23	99696995	99696973	NA	NA
89408_1	chrM	-	23	0	0	1	23	2517	2539	NA	NA
89409_1	chr19	-	23	0	0	1	23	44096780	44096758	NA	NA
89410_1	chr8	-	23	0	0	1	23	6692983	6692961	NA	NA
89411_1	chr2	-	23	0	0	1	23	173292336	173292358	NA	NA
89412_1	chrX	-	23	0	0	1	23	108297764	108297786	NA	NA
89413_1	chr5	-	23	0	0	1	23	122990814	122990836	NA	NA
89414_1	chr4	-	23	0	0	1	23	187517833	187517811	NA	NA
89415_1	chr5	-	23	0	0	1	23	139091854	139091876	NA	NA
89416_4	chr21	-	23	0	0	1	23	9827172	9827194	NA	NA
89417_1	chr8	-	23	0	0	1	23	30209798	30209820	NA	NA
89418_1	chr3	-	23	0	0	1	23	100432602	100432624	NA	NA
89419_29	chr2	-	23	0	0	1	23	71565821	71565799	NA	NA
89420_1	chr19	-	23	0	0	1	23	16187312	16187334	NA	NA
89421_2	chr2	-	23	0	0	1	23	71565819	71565797	NA	NA
89422_1	chr1	-	23	0	0	1	23	173855011	173855033	NA	NA
89423_1	chr5	-	23	0	0	1	23	71146890	71146912	NA	NA
89424_1	chr2	-	23	0	0	1	23	187618707	187618729	NA	NA
89425_1	chr5	-	23	0	0	1	23	14405999	14406021	NA	NA
89426_1	chr8	-	23	0	0	1	23	131104289	131104267	NA	NA
89427_1	chr10	-	23	0	0	1	23	131761937	131761915	NA	NA
89428_1	chr1	-	23	0	0	1	23	10854010	10853988	NA	NA
89429_1	chr2	-	23	0	0	1	23	133012881	133012859	NA	NA
89430_1	chr13	-	23	0	0	1	23	80055417	80055439	NA	NA
89431_1	chr6	-	23	0	0	1	23	26217234	26217256	NA	NA
89432_1	chr17	-	23	0	0	1	23	56395780	56395802	NA	NA
89433_7	chr16	-	23	0	0	1	23	72991734	72991712	NA	NA
89434_1	chr7	-	23	0	0	1	23	94292996	94293018	NA	NA
89435_1	chr6	-	23	0	0	1	23	27100518	27100496	NA	NA
89436_1	chr1	-	23	0	0	1	23	54872649	54872627	NA	NA
89437_1	chr11	-	23	0	0	1	23	66529203	66529181	NA	NA
89438_1	chr9	-	23	0	0	1	23	90112950	90112972	NA	NA
89439_1	chr6	-	23	0	0	1	23	26199185	26199163	NA	NA
89440_39	chr16	-	23	0	0	1	23	47538727	47538749	NA	NA
89441_1	chr22	-	23	0	0	1	23	21174178	21174156	NA	NA
89442_1	chr3	-	23	0	0	1	23	52265199	52265177	NA	NA
89443_1	chr1	-	23	0	0	1	23	184041971	184041993	NA	NA
89444_1	chr1	-	23	0	0	1	23	110563370	110563392	NA	NA
89445_2	chr19	-	23	0	0	1	23	44096781	44096759	NA	NA
89446_1	chr11	-	23	0	0	1	23	119290781	119290759	NA	NA
89447_1	chr19	-	23	0	0	1	23	8056692	8056670	NA	NA
89448_1	chr5	-	23	0	0	1	23	102342510	102342532	NA	NA
89449_1	chr11	-	23	0	0	1	23	47463288	47463266	NA	NA
89450_30	chr17	-	23	0	0	1	23	81037676	81037654	NA	NA
89451_1	chrE	-	23	0	0	1	23	5231	5253	NA	NA
89452_1	chr21	-	23	0	0	1	23	9827171	9827193	NA	NA
89453_2	chr21	-	23	0	0	1	23	9827041	9827063	NA	NA
89454_1	chr16	-	23	0	0	1	23	47538805	47538827	NA	NA
89455_1	chr12	-	23	0	0	1	23	44148996	44148974	NA	NA
89456_1	chr7	-	23	0	0	1	23	75695608	75695630	NA	NA
89457_1	chr15	-	23	0	0	1	23	43818062	43818084	NA	NA
89458_1	chr2	-	23	0	0	1	23	230456547	230456525	NA	NA
89459_1	chr19	-	23	0	0	1	23	18684121	18684143	NA	NA
89460_1	chr8	-	23	0	0	1	23	145150909	145150931	NA	NA
89461_7	chr5	-	23	0	0	1	23	3595782	3595760	NA	NA
89462_1	chr10	-	23	0	0	1	23	118030618	118030596	NA	NA
89463_1	chr1	-	23	0	0	1	23	46072240	46072262	NA	NA
89464_1	chr19	-	23	0	0	1	23	55752760	55752738	NA	NA
89465_2	chr21	-	23	0	0	1	23	9827161	9827183	NA	NA
89466_1	chr4	-	23	0	0	1	23	125633678	125633656	NA	NA
89467_1	chr7	-	23	0	0	1	23	99688688	99688710	NA	NA
89468_1	chr7	-	23	0	0	1	23	56125705	56125727	NA	NA
89469_1	chr12	-	23	0	0	1	23	97295231	97295209	NA	NA
89470_1	chr12	-	23	0	0	1	23	20704386	20704408	NA	NA
89471_1	chr7	-	23	0	0	1	23	105753089	105753067	NA	NA
89472_1	chr11	-	23	0	0	1	23	85195251	85195273	NA	NA
89473_1	chr6	-	23	0	0	1	23	26104221	26104243	NA	NA
89474_1	chr3	-	23	0	0	1	23	112358289	112358267	NA	NA
89475_1	chr7	-	23	0	0	1	23	94294753	94294775	NA	NA
89476_1	chr6	-	23	0	0	1	23	42176035	42176013	NA	NA
89477_1	chrE	-	23	0	0	1	23	841	863	NA	NA
89478_1	chr14	-	23	0	0	1	23	61451501	61451523	NA	NA
89479_1	chr2	-	23	0	0	1	23	85133148	85133170	NA	NA
89480_2	chr6	-	23	0	0	1	23	30294707	30294685	NA	NA
89481_1	chr1	-	23	0	0	1	23	38442577	38442555	NA	NA
89482_8	chr16	-	23	0	0	1	23	47538728	47538750	NA	NA
89483_1	chr17	-	23	0	0	1	23	29877137	29877159	NA	NA
89484_1	chr12	-	23	0	0	1	23	31868719	31868697	NA	NA
89485_1	chr17	-	23	0	0	1	23	40975862	40975840	NA	NA
89486_1	chr21	-	23	0	0	1	23	9827110	9827132	NA	NA
89487_1	chrY	-	23	0	0	1	23	10036575	10036597	NA	NA
89488_1	chr17	-	23	0	0	1	23	76853713	76853691	NA	NA
89489_1	chr4	-	23	0	0	1	23	135966619	135966641	NA	NA
89490_1	chrX	-	23	0	0	1	23	108297729	108297751	NA	NA
89491_1	chr9	-	23	0	0	1	23	95858692	95858670	NA	NA
89492_2	chrY	-	23	0	0	1	23	10037851	10037873	NA	NA
89493_1	chr6	-	23	0	0	1	23	28626048	28626026	NA	NA
89494_6	chr21	-	23	0	0	1	23	9827176	9827198	NA	NA
89495_1	chr1	-	23	0	0	1	23	10529342	10529320	NA	NA
89496_1	chr6	-	23	0	0	1	23	148861600	148861622	NA	NA
89497_1	chr15	-	23	0	0	1	23	90344399	90344377	NA	NA
89498_1	chr1	-	23	0	0	1	23	153591435	153591413	NA	NA
89499_1	chr5	-	23	0	0	1	23	149681993	149682015	NA	NA
89500_1	chr1	-	23	0	0	1	23	68152128	68152150	NA	NA
89501_1	chr5	-	23	0	0	1	23	140856494	140856516	NA	NA
89502_1	chr9	-	23	0	0	1	23	128001474	128001452	NA	NA
89503_3	chr12	-	23	0	0	1	23	33049885	33049907	NA	NA
89504_1	chr21	-	23	0	0	1	23	9827049	9827071	NA	NA
89505_1	chr15	-	23	0	0	1	23	45427477	45427499	NA	NA
89506_3	chr2	-	23	0	0	1	23	133012967	133012945	NA	NA
89507_3	chr2	-	23	0	0	1	23	230045586	230045564	NA	NA
89508_1	chr8	-	23	0	0	1	23	128806723	128806701	NA	NA
89509_1	chrX	-	23	0	0	1	23	108297728	108297750	NA	NA
89510_1	chr2	-	23	0	0	1	23	39485528	39485506	NA	NA
89511_1	chr6	-	23	0	0	1	23	26031993	26031971	NA	NA
89512_1	chr6	-	23	0	0	1	23	114270197	114270175	NA	NA
89513_2	chrY	-	23	0	0	1	23	10037853	10037875	NA	NA
89514_9	chr17	-	23	0	0	1	23	33478266	33478244	NA	NA
89515_1	chr11	-	23	0	0	1	23	85195072	85195094	NA	NA
89516_9	chr21	-	23	0	0	1	23	9827298	9827320	NA	NA
89517_1	chr6	-	23	0	0	1	23	26225401	26225423	NA	NA
89518_1	chr20	-	23	0	0	1	23	35865081	35865103	NA	NA
89519_1	chr14	-	23	0	0	1	23	50074198	50074220	NA	NA
89520_1	chr8	-	23	0	0	1	23	110334672	110334650	NA	NA
89521_1	chr2	-	23	0	0	1	23	189875487	189875509	NA	NA
89522_1	chr19	-	23	0	0	1	23	24185249	24185227	NA	NA
89523_1	chr19	-	23	0	0	1	23	48893732	48893710	NA	NA
89524_1	chr3	-	23	0	0	1	23	10345771	10345749	NA	NA
89525_1	chrE	-	23	0	0	1	23	1630	1652	NA	NA
89526_1	chr12	-	23	0	0	1	23	7153884	7153862	NA	NA
89527_1	chr19	-	23	0	0	1	23	36606978	36607000	NA	NA
89528_5	chr9	-	23	0	0	1	23	79186675	79186697	NA	NA
89529_3	chr2	-	23	0	0	1	23	114736923	114736945	NA	NA
89530_1	chr7	-	23	0	0	1	23	94285695	94285717	NA	NA
89531_50	chr2	-	23	0	0	1	23	71565818	71565796	NA	NA
89532_3	chr9	-	23	0	0	1	23	79186676	79186698	NA	NA
89533_1	chr5	-	23	0	0	1	23	90676681	90676659	NA	NA
89534_3	chr17	-	23	0	0	1	23	1928712	1928734	NA	NA
89535_1	chr22	-	23	0	0	1	23	50810535	50810557	NA	NA
89536_1	chr9	-	23	0	0	1	23	126761925	126761947	NA	NA
89537_1	chr11	-	23	0	0	1	23	8017526	8017548	NA	NA
89538_1	chr17	-	23	0	0	1	23	29298257	29298235	NA	NA
89539_1	chr1	-	23	0	0	1	23	70644657	70644635	NA	NA
89540_1	chr17	-	23	0	0	1	23	33478334	33478312	NA	NA
89541_1	chr11	-	23	0	0	1	23	61131882	61131904	NA	NA
89542_1	chr8	-	23	0	0	1	23	22022502	22022524	NA	NA
89543_1	chr13	-	23	0	0	1	23	27847581	27847603	NA	NA
89544_2	chr22	-	23	0	0	1	23	43583172	43583194	NA	NA
89545_1	chr2	-	23	0	0	1	23	133036317	133036295	NA	NA
89546_1	chrX	-	23	0	0	1	23	51636742	51636764	NA	NA
89547_1	chr21	-	23	0	0	1	23	9827289	9827311	NA	NA
89548_1	chr10	-	23	0	0	1	23	91637251	91637273	NA	NA
89549_1	chrE	-	23	0	0	1	23	6370	6392	NA	NA
89550_1	chr21	-	23	0	0	1	23	9827334	9827356	NA	NA
89551_1	chr2	-	23	0	0	1	23	133038792	133038770	NA	NA
89552_1	chr2	-	23	0	0	1	23	113240509	113240531	NA	NA
89553_1	chr7	-	23	0	0	1	23	5569197	5569175	NA	NA
89554_1	chr9	-	23	0	0	1	23	114415974	114415996	NA	NA
89555_1	chr19	-	23	0	0	1	23	53727333	53727311	NA	NA
89556_1	chr2	-	23	0	0	1	23	20647375	20647397	NA	NA
89557_1	chrE	-	23	0	0	1	23	1083	1105	NA	NA
89558_1	chr6	-	23	0	0	1	23	43501667	43501645	NA	NA
89559_1	chr14	-	23	0	0	1	23	76668116	76668138	NA	NA
89560_1	chrE	-	23	0	0	1	23	5808	5830	NA	NA
89561_1	chr2	-	23	0	0	1	23	47630250	47630228	NA	NA
89562_2	chr17	-	23	0	0	1	23	33478265	33478243	NA	NA
89563_3	chr21	-	23	0	0	1	23	9827377	9827399	NA	NA
89564_3	chr9	-	23	0	0	1	23	79186847	79186869	NA	NA
89565_1	chr1	-	23	0	0	1	23	42094558	42094536	NA	NA
89566_6	chrX	-	23	0	0	1	23	108297804	108297826	NA	NA
89567_1	chr1	-	23	0	0	1	23	92712122	92712100	NA	NA
89568_2	chr9	-	23	0	0	1	23	136933668	136933690	NA	NA
89569_1	chr6	-	23	0	0	1	23	26205049	26205071	NA	NA
89570_39	chr21	-	23	0	0	1	23	9827300	9827322	NA	NA
89571_1	chr17	-	23	0	0	1	23	61851699	61851721	NA	NA
89572_1	chr6	-	23	0	0	1	23	3030225	3030247	NA	NA
89573_1	chr3	-	23	0	0	1	23	10345857	10345835	NA	NA
89574_1	chrE	-	23	0	0	1	23	3648	3670	NA	NA
89575_1	chr13	-	23	0	0	1	23	27334975	27334953	NA	NA
89576_1	chrE	-	23	0	0	1	23	1624	1646	NA	NA
89577_1	chr5	-	23	0	0	1	23	71146746	71146768	NA	NA
89578_1	chr22	-	23	0	0	1	23	37415579	37415601	NA	NA
89579_1	chr9	-	23	0	0	1	23	117849247	117849225	NA	NA
89580_1	chr15	-	23	0	0	1	23	40763111	40763133	NA	NA
89581_1	chr11	-	23	0	0	1	23	9459486	9459508	NA	NA
89582_1	chr2	-	23	0	0	1	23	189876433	189876455	NA	NA
89583_1	chr10	-	23	0	0	1	23	19799020	19799042	NA	NA
89584_1	chr5	-	23	0	0	1	23	138717555	138717577	NA	NA
89585_1	chr11	-	23	0	0	1	23	6629326	6629348	NA	NA
89586_1	chr6	-	23	0	0	1	23	27783071	27783093	NA	NA
89587_1	chr11	-	23	0	0	1	23	32622315	32622337	NA	NA
89588_1	chr6	-	23	0	0	1	23	27806059	27806037	NA	NA
89589_1	chr6	-	23	0	0	1	23	30690400	30690422	NA	NA
89590_1	chr21	-	23	0	0	1	23	9827375	9827397	NA	NA
89591_1	chr2	-	23	0	0	1	23	135893439	135893461	NA	NA
89592_1	chr1	-	23	0	0	1	23	24117512	24117534	NA	NA
89593_1	chrE	-	23	0	0	1	23	976	998	NA	NA
89594_1	chr19	-	23	0	0	1	23	11559084	11559106	NA	NA
89595_1	chr1	-	23	0	0	1	23	178871314	178871336	NA	NA
89596_1	chrX	-	23	0	0	1	23	54224969	54224947	NA	NA
89597_1	chr4	-	23	0	0	1	23	39460141	39460119	NA	NA
89598_1	chr3	-	23	0	0	1	23	37366496	37366518	NA	NA
89599_1	chr7	-	23	0	0	1	23	97499111	97499089	NA	NA
89600_1	chr6	-	23	0	0	1	23	52860712	52860734	NA	NA
89601_2	chr12	-	23	0	0	1	23	6875675	6875697	NA	NA
89602_1	chr10	-	23	0	0	1	23	6245399	6245421	NA	NA
89603_2	chr4	-	23	0	0	1	23	187541161	187541139	NA	NA
89604_1	chr16	-	23	0	0	1	23	28834585	28834607	NA	NA
89605_1	chr6	-	23	0	0	1	23	26598496	26598518	NA	NA
89606_1	chr2	-	23	0	0	1	23	203044451	203044473	NA	NA
89607_1	chr19	-	23	0	0	1	23	47341776	47341754	NA	NA
89608_1	chr20	-	23	0	0	1	23	691055	691033	NA	NA
89609_1	chr9	-	23	0	0	1	23	127167679	127167657	NA	NA
89610_1	chr1	-	23	0	0	1	23	110125103	110125125	NA	NA
89611_1	chrX	-	23	0	0	1	23	77369275	77369297	NA	NA
89612_6	chr16	-	23	0	0	1	23	33963233	33963255	NA	NA
89613_1	chr18	-	23	0	0	1	23	32844185	32844163	NA	NA
89614_1	chr2	-	23	0	0	1	23	73340109	73340131	NA	NA
89615_1	chr1	-	23	0	0	1	23	118426129	118426107	NA	NA
89616_1	chr10	-	23	0	0	1	23	31608293	31608271	NA	NA
89617_1	chrE	-	23	0	0	1	23	4569	4591	NA	NA
89618_1	chr20	-	23	0	0	1	23	22502714	22502736	NA	NA
89619_1	chr2	-	23	0	0	1	23	74753946	74753924	NA	NA
89620_1	chrE	-	23	0	0	1	23	844	866	NA	NA
89621_1	chr17	-	23	0	0	1	23	76799945	76799923	NA	NA
89622_1	chrE	-	23	0	0	1	23	1306	1328	NA	NA
89623_1	chrE	-	23	0	0	1	23	5640	5662	NA	NA
89624_1	chr17	-	23	0	0	1	23	65821933	65821911	NA	NA
89625_1	chr6	-	23	0	0	1	23	105388583	105388605	NA	NA
89626_1	chr8	-	23	0	0	1	23	63679485	63679463	NA	NA
89627_1	chr5	-	23	0	0	1	23	10261682	10261704	NA	NA
89628_1	chr2	-	23	0	0	1	23	230045545	230045523	NA	NA
89629_1	chr4	-	23	0	0	1	23	16258143	16258121	NA	NA
89630_2	chr16	-	23	0	0	1	23	72991733	72991711	NA	NA
89631_1	chr5	-	23	0	0	1	23	81573635	81573613	NA	NA
89632_1	chr22	-	23	0	0	1	23	42998986	42998964	NA	NA
89633_1	chr6	-	23	0	0	1	23	26204858	26204880	NA	NA
89634_1	chr8	-	23	0	0	1	23	29886289	29886311	NA	NA
89635_1	chr2	-	23	0	0	1	23	85628726	85628704	NA	NA
89636_1	chr20	-	23	0	0	1	23	62680857	62680835	NA	NA
89637_1	chr10	-	23	0	0	1	23	60447742	60447764	NA	NA
89638_1	chr5	-	23	0	0	1	23	130500924	130500902	NA	NA
89639_1	chr6	-	23	0	0	1	23	133594125	133594147	NA	NA
89640_1	chr10	-	23	0	0	1	23	35689197	35689219	NA	NA
89641_1	chr4	-	23	0	0	1	23	102004362	102004340	NA	NA
89642_1	chr12	-	23	0	0	1	23	48272901	48272879	NA	NA
89643_1	chr11	-	23	0	0	1	23	63580804	63580826	NA	NA
89644_1	chr6	-	23	0	0	1	23	27366647	27366669	NA	NA
89645_1	chr3	-	23	0	0	1	23	128208061	128208083	NA	NA
89646_1	chr5	-	23	0	0	1	23	71146742	71146764	NA	NA
89647_1	chr16	-	23	0	0	1	23	72984734	72984712	NA	NA
89648_1	chr16	-	23	0	0	1	23	12995349	12995371	NA	NA
89649_1	chr9	-	23	0	0	1	23	132630627	132630649	NA	NA
89650_1	chr5	-	23	0	0	1	23	72178948	72178970	NA	NA
89651_1	chr20	-	23	0	0	1	23	60585187	60585165	NA	NA
89652_3	chr5	-	23	0	0	1	23	149681997	149682019	NA	NA
89653_1	chr3	-	23	0	0	1	23	54156434	54156412	NA	NA
89654_1	chr14	-	23	0	0	1	23	69853746	69853724	NA	NA
89655_1	chr12	-	23	0	0	1	23	127650519	127650497	NA	NA
89656_1	chr17	-	23	0	0	1	23	81037677	81037655	NA	NA
89657_13	chr8	-	23	0	0	1	23	21455982	21456004	NA	NA
89658_1	chr19	-	23	0	0	1	23	13246142	13246164	NA	NA
89659_1	chr16	-	23	0	0	1	23	33963217	33963239	NA	NA
89660_1	chrE	-	23	0	0	1	23	3571	3593	NA	NA
89661_1	chr4	-	23	0	0	1	23	144469264	144469286	NA	NA
89662_1	chr18	-	23	0	0	1	23	671395	671417	NA	NA
89663_1	chr2	-	23	0	0	1	23	170783355	170783377	NA	NA
89664_1	chr2	-	23	0	0	1	23	71565822	71565800	NA	NA
89665_1	chr11	-	23	0	0	1	23	118516265	118516243	NA	NA
89666_1	chrE	-	23	0	0	1	23	605	627	NA	NA
89667_1	chr1	-	23	0	0	1	23	168169674	168169696	NA	NA
89668_1	chr13	-	23	0	0	1	23	30110299	30110277	NA	NA
89669_1	chr12	-	23	0	0	1	23	117318913	117318935	NA	NA
89670_1	chrE	-	23	0	0	1	23	589	611	NA	NA
89671_1	chr21	-	23	0	0	1	23	46596293	46596315	NA	NA
89672_1	chr1	-	23	0	0	1	23	149858519	149858541	NA	NA
89673_1	chrM	-	23	0	0	1	23	2519	2541	NA	NA
89674_1	chrE	-	23	0	0	1	23	3832	3854	NA	NA
89675_1	chr16	-	23	0	0	1	23	74505127	74505105	NA	NA
89676_1	chr21	-	23	0	0	1	23	9827376	9827398	NA	NA
89677_1	chr2	-	23	0	0	1	23	162091993	162092015	NA	NA
89678_31	chr19	-	23	0	0	1	23	1470634	1470612	NA	NA
89679_1	chr6	-	23	0	0	1	23	27782522	27782500	NA	NA
89680_51	chr3	-	23	0	0	1	23	194407584	194407606	NA	NA
89681_1	chr5	-	23	0	0	1	23	149681994	149682016	NA	NA
89682_1	chr6	-	23	0	0	1	23	43608045	43608067	NA	NA
89683_1	chr21	-	23	0	0	1	23	9827014	9827036	NA	NA
89684_9	chr17	-	23	0	0	1	23	33478267	33478245	NA	NA
89685_1	chr22	-	23	0	0	1	23	20804239	20804261	NA	NA
89686_1	chr17	-	23	0	0	1	23	8925695	8925717	NA	NA
89687_1	chr17	-	23	0	0	1	23	79849363	79849341	NA	NA
89688_1	chr17	-	23	0	0	1	23	75484875	75484897	NA	NA
89689_2	chr12	-	23	0	0	1	23	20704447	20704469	NA	NA
89690_1	chr6	-	23	0	0	1	23	26021996	26022018	NA	NA
89691_12	chr21	-	23	0	0	1	23	9827204	9827226	NA	NA
89692_1	chr11	-	23	0	0	1	23	36511932	36511910	NA	NA
89693_1	chr2	-	23	0	0	1	23	232326318	232326296	NA	NA
89694_1	chr19	-	23	0	0	1	23	50209338	50209360	NA	NA
89695_1	chr16	-	23	0	0	1	23	1245369	1245347	NA	NA
89696_1	chr19	-	23	0	0	1	23	36612510	36612532	NA	NA
89697_1	chr17	-	23	0	0	1	23	39974690	39974712	NA	NA
89698_1	chr1	-	23	0	0	1	23	28833973	28833995	NA	NA
89699_1	chr1	-	23	0	0	1	23	185280423	185280401	NA	NA
89700_1	chr12	-	23	0	0	1	23	65153171	65153149	NA	NA
89701_1	chr20	-	23	0	0	1	23	47710750	47710772	NA	NA
89702_1	chr11	-	23	0	0	1	23	86013358	86013380	NA	NA
89703_1	chr9	-	23	0	0	1	23	36150880	36150902	NA	NA
89704_1	chr14	-	23	0	0	1	23	20811297	20811275	NA	NA
89705_1	chr1	-	23	0	0	1	23	156280968	156280946	NA	NA
89706_1	chr6	-	23	0	0	1	23	26285523	26285501	NA	NA
89707_1	chr11	-	23	0	0	1	23	85374597	85374575	NA	NA
89708_1	chr19	-	23	0	0	1	23	17160801	17160779	NA	NA
89709_1	chr5	-	23	0	0	1	23	174919152	174919174	NA	NA
89710_1	chr9	-	23	0	0	1	23	4299863	4299841	NA	NA
89711_1	chr17	-	23	0	0	1	23	79320046	79320024	NA	NA
89712_1	chr5	-	23	0	0	1	23	176560557	176560535	NA	NA
89713_2	chr17	-	23	0	0	1	23	81037678	81037656	NA	NA
89714_1	chr6	-	23	0	0	1	23	41557506	41557528	NA	NA
89715_1	chr8	-	23	0	0	1	23	18729470	18729448	NA	NA
89716_1	chr17	-	23	0	0	1	23	33478268	33478246	NA	NA
89717_1	chr12	-	23	0	0	1	23	124835183	124835161	NA	NA
89718_22	chrX	-	23	0	0	1	23	108297808	108297830	NA	NA
89719_1	chr13	-	23	0	0	1	23	103257182	103257204	NA	NA
89720_1	chr2	-	23	0	0	1	23	37507061	37507039	NA	NA
89721_1	chr7	-	23	0	0	1	23	75959160	75959138	NA	NA
89722_1	chr20	-	23	0	0	1	23	57466815	57466837	NA	NA
89723_1	chr12	-	23	0	0	1	23	14923924	14923902	NA	NA
89724_1	chr21	-	23	0	0	1	23	28213462	28213440	NA	NA
89725_1	chr9	-	23	0	0	1	23	32425950	32425972	NA	NA
89726_1	chr1	-	23	0	0	1	23	45285590	45285568	NA	NA
89727_1	chrX	-	23	0	0	1	23	118604068	118604090	NA	NA
89728_3	chr2	-	23	0	0	1	23	133037871	133037849	NA	NA
89729_70	chr16	-	23	0	0	1	23	47538726	47538748	NA	NA
89730_1	chr19	-	23	0	0	1	23	16663726	16663704	NA	NA
89731_1	chr4	-	23	0	0	1	23	70296636	70296614	NA	NA
89732_5	chr20	-	23	0	0	1	23	62119562	62119584	NA	NA
89733_2	chr9	-	23	0	0	1	23	79186673	79186695	NA	NA
89734_1	chr21	-	23	0	0	1	23	9827210	9827232	NA	NA
89735_1	chr19	-	23	0	0	1	23	39406890	39406868	NA	NA
89736_1	chr14	-	23	0	0	1	23	103580395	103580417	NA	NA
89737_1	chr9	-	23	0	0	1	23	140446607	140446629	NA	NA
89738_1	chr9	-	23	0	0	1	23	81430829	81430851	NA	NA
89739_3	chr3	-	23	0	0	1	23	47029381	47029359	NA	NA
89740_1	chr5	-	23	0	0	1	23	151051245	151051223	NA	NA
89741_1	chr9	-	23	0	0	1	23	136293913	136293891	NA	NA
89742_1	chr8	-	23	0	0	1	23	98788112	98788134	NA	NA
89743_3	chr2	-	23	0	0	1	23	197791374	197791352	NA	NA
89744_1	chr11	-	23	0	0	1	23	35211440	35211462	NA	NA
89745_1	chr19	-	23	0	0	1	23	39109902	39109924	NA	NA
89746_1	chr1	-	23	0	0	1	23	31437601	31437579	NA	NA
89747_1	chr7	-	23	0	0	1	23	99716955	99716933	NA	NA
89748_1	chrE	-	23	0	0	1	23	5242	5264	NA	NA
89749_1	chr17	-	23	0	0	1	23	39914999	39914977	NA	NA
89750_7	chr1	-	23	0	0	1	23	36789345	36789323	NA	NA
89751_1	chr7	-	23	0	0	1	23	94292832	94292854	NA	NA
89752_1	chr19	-	23	0	0	1	23	59056010	59056032	NA	NA
89753_1	chr16	-	23	0	0	1	23	103505	103483	NA	NA
89754_1	chr16	-	23	0	0	1	23	25268922	25268900	NA	NA
89755_1	chr7	-	23	0	0	1	23	5567981	5567959	NA	NA
89756_1	chr5	-	23	0	0	1	23	71146910	71146932	NA	NA
89757_1	chrE	-	23	0	0	1	23	3164	3186	NA	NA
89758_8	chr19	-	23	0	0	1	23	1470633	1470611	NA	NA
89759_1	chr10	-	23	0	0	1	23	103912180	103912202	NA	NA
89760_1	chrX	-	23	0	0	1	23	19140679	19140657	NA	NA
89761_1	chr7	-	23	0	0	1	23	94293944	94293966	NA	NA
89762_1	chr7	-	23	0	0	1	23	99690945	99690923	NA	NA
89763_1	chr8	-	23	0	0	1	23	141595297	141595275	NA	NA
89764_1	chr3	-	23	0	0	1	23	9989058	9989036	NA	NA
89765_1	chrE	-	23	0	0	1	23	2151	2173	NA	NA
89766_1	chr1	-	23	0	0	1	23	26038140	26038162	NA	NA
89767_1	chr17	-	23	0	0	1	23	79803791	79803769	NA	NA
89768_1	chr1	-	23	0	0	1	23	228555838	228555816	NA	NA
89769_1	chr19	-	23	0	0	1	23	3464551	3464573	NA	NA
89770_1	chr8	-	23	0	0	1	23	30648788	30648766	NA	NA
89771_1	chrE	-	23	0	0	1	23	4596	4618	NA	NA
89772_1	chr19	-	23	0	0	1	23	1592680	1592658	NA	NA
89773_1	chr16	-	23	0	0	1	23	73091881	73091903	NA	NA
89774_5	chr2	-	23	0	0	1	23	230045523	230045501	NA	NA
89775_1	chr2	-	23	0	0	1	23	189876385	189876407	NA	NA
89776_1	chr14	-	23	0	0	1	23	45268124	45268146	NA	NA
89777_1	chr10	-	23	0	0	1	23	7804508	7804486	NA	NA
89778_1	chrE	-	23	0	0	1	23	6957	6979	NA	NA
89779_1	chr21	-	23	0	0	1	23	9827163	9827185	NA	NA
89780_13	chr12	-	23	0	0	1	23	127650659	127650637	NA	NA
89781_19	chr1	-	23	0	0	1	23	109940407	109940385	NA	NA
89782_1	chr19	-	23	0	0	1	23	18685951	18685973	NA	NA
89783_1	chr5	-	23	0	0	1	23	129240134	129240112	NA	NA
89784_1	chrE	-	23	0	0	1	23	5285	5307	NA	NA
89785_1	chr19	-	23	0	0	1	23	18685684	18685706	NA	NA
89786_1	chr8	-	23	0	0	1	23	145750349	145750327	NA	NA
89787_35	chr16	-	23	0	0	1	23	47538724	47538746	NA	NA
89788_1	chr22	-	23	0	0	1	23	50319069	50319091	NA	NA
89789_1	chr17	-	23	0	0	1	23	30771569	30771591	NA	NA
89790_5	chr5	-	23	0	0	1	23	71146744	71146766	NA	NA
89791_1	chr5	-	23	0	0	1	23	179462353	179462331	NA	NA
89792_1	chr10	-	23	0	0	1	23	88854506	88854484	NA	NA
89793_4	chr12	-	23	0	0	1	23	51633045	51633023	NA	NA
89794_1	chr6	-	23	0	0	1	23	170862311	170862289	NA	NA
89795_1	chr16	-	23	0	0	1	23	57562926	57562904	NA	NA
89796_1	chr5	-	23	0	0	1	23	154320778	154320800	NA	NA
89797_1	chr10	-	23	0	0	1	23	102992093	102992115	NA	NA
89798_2	chr12	-	23	0	0	1	23	51633046	51633024	NA	NA
89799_1	chr19	-	23	0	0	1	23	55252094	55252116	NA	NA
89800_1	chr3	-	23	0	0	1	23	8542678	8542656	NA	NA
89801_1	chr1	-	23	0	0	1	23	91852922	91852900	NA	NA
89802_1	chr5	-	23	0	0	1	23	107095534	107095512	NA	NA
89803_1	chr7	-	23	0	0	1	23	92247512	92247490	NA	NA
89804_1	chr17	-	23	0	0	1	23	5292198	5292176	NA	NA
89805_2	chr2	-	23	0	0	1	23	133038144	133038122	NA	NA
89806_1	chr11	-	23	0	0	1	23	12159958	12159980	NA	NA
89807_1	chr2	-	23	0	0	1	23	230045585	230045563	NA	NA
89808_1	chrE	-	23	0	0	1	23	889	911	NA	NA
89809_1	chr1	-	23	0	0	1	23	247014607	247014585	NA	NA
89810_1	chr8	-	23	0	0	1	23	70602398	70602376	NA	NA
89811_1	chr15	-	23	0	0	1	23	53623883	53623861	NA	NA
89812_1	chr15	-	23	0	0	1	23	65597108	65597130	NA	NA
89813_1	chr19	-	23	0	0	1	23	50103159	50103181	NA	NA
89814_1	chr19	-	23	0	0	1	23	57802226	57802248	NA	NA
89815_1	chr10	-	23	0	0	1	23	121411302	121411324	NA	NA
89816_1	chr4	-	23	0	0	1	23	2263798	2263776	NA	NA
89817_1	chr1	-	23	0	0	1	23	40557744	40557722	NA	NA
89818_1	chr19	-	23	0	0	1	23	2811703	2811725	NA	NA
89819_1	chr1	-	23	0	0	1	23	159889610	159889588	NA	NA
89820_12	chr20	-	23	0	0	1	23	62119561	62119583	NA	NA
89821_1	chr1	-	23	0	0	1	23	245021399	245021377	NA	NA
89822_1	chr19	-	23	0	0	1	23	42801517	42801495	NA	NA
89823_4	chr9	-	23	0	0	1	23	79186848	79186870	NA	NA
89824_1	chr6	-	23	0	0	1	23	160200201	160200179	NA	NA
89825_1	chrX	-	23	0	0	1	23	48458701	48458723	NA	NA
89826_2	chr7	-	23	0	0	1	23	92462889	92462867	NA	NA
89827_1	chr6	-	23	0	0	1	23	26199153	26199131	NA	NA
89828_1	chr7	-	23	0	0	1	23	5568325	5568303	NA	NA
89829_1	chr1	-	23	0	0	1	23	91853101	91853079	NA	NA
89830_1	chr2	-	23	0	0	1	23	189874956	189874978	NA	NA
89831_1	chr2	-	23	0	0	1	23	85133538	85133560	NA	NA
89832_1	chr1	-	23	0	0	1	23	78429957	78429935	NA	NA
89833_1	chr1	-	23	0	0	1	23	154932256	154932234	NA	NA
89834_1	chr22	-	23	0	0	1	23	43869673	43869695	NA	NA
89835_1	chr19	-	23	0	0	1	23	24184632	24184610	NA	NA
89836_1	chr2	-	23	0	0	1	23	54197779	54197757	NA	NA
89837_1	chr1	-	23	0	0	1	23	214557347	214557325	NA	NA
89838_1	chr21	-	23	0	0	1	23	43373758	43373780	NA	NA
89839_1	chr4	-	23	0	0	1	23	122744663	122744641	NA	NA
89840_1	chr5	-	23	0	0	1	23	161279800	161279822	NA	NA
89841_2	chrE	-	23	0	0	1	23	6636	6658	NA	NA
89842_1	chr11	-	23	0	0	1	23	71821174	71821152	NA	NA
89843_1	chr2	-	23	0	0	1	23	230045583	230045561	NA	NA
89844_1	chrE	-	23	0	0	1	23	1858	1880	NA	NA
89845_1	chr10	-	23	0	0	1	23	103897764	103897786	NA	NA
89846_1	chr16	-	23	0	0	1	23	33963341	33963363	NA	NA
89847_1	chr1	-	23	0	0	1	23	19433218	19433196	NA	NA
89848_1	chr19	-	23	0	0	1	23	13065324	13065302	NA	NA
89849_1	chr19	-	23	0	0	1	23	4279451	4279473	NA	NA
89850_1	chr1	-	23	0	0	1	23	155837811	155837833	NA	NA
89851_1	chr10	-	23	0	0	1	23	88649444	88649466	NA	NA
89852_2	chr19	-	23	0	0	1	23	13199861	13199839	NA	NA
89853_1	chr7	-	23	0	0	1	23	134635238	134635260	NA	NA
89854_1	chr19	-	23	0	0	1	23	11547303	11547325	NA	NA
89855_1	chr7	-	23	0	0	1	23	100479277	100479299	NA	NA
89856_1	chrE	-	23	0	0	1	23	783	805	NA	NA
89857_1	chr12	-	23	0	0	1	23	53610629	53610651	NA	NA
89858_1	chr5	-	23	0	0	1	23	134670825	134670803	NA	NA
89859_1	chr3	-	23	0	0	1	23	27525492	27525470	NA	NA
89860_1	chr1	-	23	0	0	1	23	115276424	115276402	NA	NA
89861_1	chr6	-	23	0	0	1	23	26157297	26157319	NA	NA
89862_1	chr12	-	23	0	0	1	23	104235178	104235156	NA	NA
89863_1	chr6	-	23	0	0	1	23	44192223	44192245	NA	NA
89864_1	chr1	-	23	0	0	1	23	208670234	208670256	NA	NA
89865_1	chr21	-	23	0	0	1	23	9827173	9827195	NA	NA
89866_1	chrE	-	23	0	0	1	23	2170	2192	NA	NA
89867_1	chr12	-	23	0	0	1	23	89997017	89996995	NA	NA
89868_1	chr3	-	23	0	0	1	23	127387371	127387393	NA	NA
89869_2	chr16	-	23	0	0	1	23	73091882	73091904	NA	NA
89870_1	chr16	-	23	0	0	1	23	48779776	48779798	NA	NA
89871_1	chrE	-	23	0	0	1	23	6632	6654	NA	NA
89872_1	chr16	-	23	0	0	1	23	33963353	33963375	NA	NA
89873_1	chr14	-	23	0	0	1	23	20811298	20811276	NA	NA
89874_1	chr19	-	23	0	0	1	23	5131304	5131326	NA	NA
89875_1	chr6	-	23	0	0	1	23	26250746	26250724	NA	NA
89876_1	chr2	-	23	0	0	1	23	88751972	88751994	NA	NA
89877_1	chr11	-	23	0	0	1	23	73099175	73099197	NA	NA
89878_1	chrE	-	23	0	0	1	23	5040	5062	NA	NA
89879_1	chr9	-	23	0	0	1	23	136293914	136293892	NA	NA
89880_1	chr15	-	23	0	0	1	23	65597093	65597115	NA	NA
89881_1	chr17	-	23	0	0	1	23	80045898	80045876	NA	NA
89882_1	chrX	-	23	0	0	1	23	102885080	102885102	NA	NA
89883_1	chrE	-	23	0	0	1	23	4717	4739	NA	NA
89884_3	chr21	-	23	0	0	1	23	9827337	9827359	NA	NA
89885_1	chr19	-	23	0	0	1	23	55897735	55897757	NA	NA
89886_1	chr1	-	23	0	0	1	23	71546680	71546658	NA	NA
89887_1	chr2	-	23	0	0	1	23	48023085	48023107	NA	NA
89888_1	chr15	-	23	0	0	1	23	40756058	40756080	NA	NA
89889_1	chr20	-	23	0	0	1	23	62421649	62421671	NA	NA
89890_1	chr2	-	23	0	0	1	23	86756485	86756463	NA	NA
89891_1	chr15	-	23	0	0	1	23	30260765	30260787	NA	NA
89892_2	chr9	-	23	0	0	1	23	79186845	79186867	NA	NA
89893_1	chr1	-	23	0	0	1	23	228645879	228645901	NA	NA
89894_1	chr1	-	23	0	0	1	23	68615889	68615867	NA	NA
89895_1	chr16	-	23	0	0	1	23	25151521	25151543	NA	NA
89896_1	chr9	-	23	0	0	1	23	139758314	139758292	NA	NA
89897_1	chrE	-	23	0	0	1	23	4629	4651	NA	NA
89898_1	chr5	-	23	0	0	1	23	140090893	140090915	NA	NA
89899_1	chr16	-	23	0	0	1	23	33963351	33963373	NA	NA
89900_1	chr5	-	23	0	0	1	23	138699449	138699471	NA	NA
89901_1	chr17	-	23	0	0	1	23	73084084	73084062	NA	NA
89902_1	chrE	-	23	0	0	1	23	669	691	NA	NA
89903_1	chr1	-	23	0	0	1	23	117791512	117791490	NA	NA
89904_1	chrE	-	23	0	0	1	23	2649	2671	NA	NA
89905_1	chr3	-	23	0	0	1	23	149356659	149356681	NA	NA
89906_1	chr12	-	23	0	0	1	23	120546256	120546234	NA	NA
89907_1	chr4	-	23	0	0	1	23	30725595	30725617	NA	NA
89908_1	chr20	-	23	0	0	1	23	690695	690673	NA	NA
89909_1	chr2	-	23	0	0	1	23	42936188	42936210	NA	NA
89910_1	chr19	-	23	0	0	1	23	1418226	1418248	NA	NA
89911_1	chr17	-	23	0	0	1	23	78765276	78765298	NA	NA
89912_1	chr1	-	23	0	0	1	23	50941232	50941210	NA	NA
89913_1	chr7	-	23	0	0	1	23	128486397	128486419	NA	NA
89914_1	chr2	-	23	0	0	1	23	176044851	176044829	NA	NA
89915_1	chr2	-	23	0	0	1	23	190316575	190316597	NA	NA
89916_1	chr15	-	23	0	0	1	23	93485126	93485148	NA	NA
89917_1	chr6	-	23	0	0	1	23	34208648	34208670	NA	NA
89918_1	chr9	-	23	0	0	1	23	79186852	79186874	NA	NA
89919_1	chr11	-	23	0	0	1	23	122929415	122929393	NA	NA
89920_1	chr12	-	23	0	0	1	23	124908117	124908095	NA	NA
89921_1	chr11	-	23	0	0	1	23	819121	819143	NA	NA
89922_1	chr9	-	23	0	0	1	23	137020836	137020858	NA	NA
89923_1	chr19	-	23	0	0	1	23	803579	803601	NA	NA
89924_1	chr17	-	23	0	0	1	23	41392772	41392750	NA	NA
89925_1	chr15	-	23	0	0	1	23	91499876	91499898	NA	NA
89926_1	chr2	-	23	0	0	1	23	32664688	32664710	NA	NA
89927_1	chr19	-	23	0	0	1	23	1918927	1918949	NA	NA
89928_1	chr21	-	23	0	0	1	23	9827378	9827400	NA	NA
89929_1	chr6	-	23	0	0	1	23	32826181	32826203	NA	NA
89930_20	chr19	-	23	0	0	1	23	24185476	24185454	NA	NA
89931_1	chr6	-	23	0	0	1	23	36564706	36564728	NA	NA
89932_1	chr17	-	23	0	0	1	23	19881117	19881095	NA	NA
89933_1	chr12	-	23	0	0	1	23	124071320	124071342	NA	NA
89934_1	chr2	-	23	0	0	1	23	44549969	44549947	NA	NA
89935_1	chr11	-	23	0	0	1	23	34477588	34477610	NA	NA
89936_1	chr17	-	23	0	0	1	23	40845527	40845549	NA	NA
89937_1	chr17	-	23	0	0	1	23	66016075	66016053	NA	NA
89938_1	chr12	-	23	0	0	1	23	20704452	20704474	NA	NA
89939_2	chr5	-	23	0	0	1	23	174178766	174178744	NA	NA
89940_1	chr6	-	23	0	0	1	23	26156955	26156977	NA	NA
89941_1	chr20	-	23	0	0	1	23	3026872	3026894	NA	NA
89942_1	chr12	-	23	0	0	1	23	49221643	49221665	NA	NA
89943_1	chr6	-	23	0	0	1	23	26045789	26045811	NA	NA
89944_1	chr3	-	23	0	0	1	23	9974568	9974590	NA	NA
89945_1	chr9	-	23	0	0	1	23	21971125	21971103	NA	NA
89946_1	chr1	-	23	0	0	1	23	23665087	23665065	NA	NA
89947_1	chr2	-	23	0	0	1	23	133038212	133038190	NA	NA
89948_1	chr12	-	23	0	0	1	23	112460031	112460053	NA	NA
89949_1	chr17	-	23	0	0	1	23	37071334	37071356	NA	NA
89950_1	chr6	-	23	0	0	1	23	26250812	26250790	NA	NA
89951_1	chr3	-	23	0	0	1	23	117985773	117985795	NA	NA
89952_1	chr5	-	23	0	0	1	23	71490152	71490174	NA	NA
89953_1	chr17	-	23	0	0	1	23	40353840	40353818	NA	NA
89954_2	chr4	-	23	0	0	1	23	70296638	70296616	NA	NA
89955_1	chr9	-	23	0	0	1	23	77567519	77567497	NA	NA
89956_1	chr17	-	23	0	0	1	23	37557378	37557400	NA	NA
89957_1	chr6	-	23	0	0	1	23	1615006	1614984	NA	NA
89958_1	chr1	-	23	0	0	1	23	9992173	9992151	NA	NA
89959_1	chr21	-	23	0	0	1	23	9827154	9827176	NA	NA
89960_1	chr19	-	23	0	0	1	23	39924381	39924359	NA	NA
89961_1	chr17	-	23	0	0	1	23	66016074	66016052	NA	NA
89962_1	chr15	-	23	0	0	1	23	68948528	68948506	NA	NA
89963_1	chr19	-	23	0	0	1	23	24183427	24183405	NA	NA
89964_1	chr4	-	23	0	0	1	23	191043015	191042993	NA	NA
89965_1	chr1	-	23	0	0	1	23	28562668	28562690	NA	NA
89966_1	chr17	-	23	0	0	1	23	1552180	1552158	NA	NA
89967_1	chr7	-	23	0	0	1	23	151329737	151329715	NA	NA
89968_1	chrE	-	23	0	0	1	23	2524	2546	NA	NA
89969_1	chrX	-	23	0	0	1	23	106890890	106890912	NA	NA
89970_1	chr10	-	23	0	0	1	23	14965045	14965023	NA	NA
89971_2	chr9	-	23	0	0	1	23	79186855	79186877	NA	NA
89972_1	chr12	-	23	0	0	1	23	49523328	49523306	NA	NA
89973_4	chr1	-	23	0	0	1	23	21113822	21113800	NA	NA
89974_1	chr2	-	23	0	0	1	23	133012863	133012841	NA	NA
89975_1	chr12	-	23	0	0	1	23	128270897	128270875	NA	NA
89976_1	chr12	-	23	0	0	1	23	53491578	53491600	NA	NA
89977_1	chr11	-	23	0	0	1	23	75946931	75946909	NA	NA
89978_1	chr2	-	23	0	0	1	23	37899010	37898988	NA	NA
89979_1	chrE	-	23	0	0	1	23	5504	5526	NA	NA
89980_1	chr7	-	23	0	0	1	23	99696960	99696938	NA	NA
89981_1	chr17	-	23	0	0	1	23	22023749	22023771	NA	NA
89982_3	chr2	-	23	0	0	1	23	130635391	130635413	NA	NA
89983_1	chr2	-	23	0	0	1	23	10267048	10267070	NA	NA
89984_1	chr16	-	23	0	0	1	23	12995345	12995367	NA	NA
89985_1	chr3	-	23	0	0	1	23	47912452	47912430	NA	NA
89986_1	chr16	-	23	0	0	1	23	69458677	69458699	NA	NA
89987_1	chrE	-	23	0	0	1	23	4221	4243	NA	NA
89988_1	chr1	-	23	0	0	1	23	36025978	36026000	NA	NA
89989_1	chr6	-	23	0	0	1	23	26156952	26156974	NA	NA
89990_1	chr1	-	23	0	0	1	23	153507193	153507171	NA	NA
89991_1	chr6	-	23	0	0	1	23	26204935	26204957	NA	NA
89992_1	chr17	-	23	0	0	1	23	58308917	58308895	NA	NA
89993_2	chr4	-	23	0	0	1	23	77227756	77227734	NA	NA
89994_1	chr5	-	23	0	0	1	23	14316805	14316827	NA	NA
89995_1	chr20	-	23	0	0	1	23	2448364	2448342	NA	NA
89996_1	chr1	-	23	0	0	1	23	46083192	46083214	NA	NA
89997_1	chr2	-	23	0	0	1	23	97526984	97526962	NA	NA
89998_1	chr11	-	23	0	0	1	23	77925439	77925417	NA	NA
89999_1	chr6	-	23	0	0	1	23	26250513	26250491	NA	NA
90000_5	chr21	-	23	0	0	1	23	9827294	9827316	NA	NA
90001_1	chr9	-	23	0	0	1	23	37636885	37636863	NA	NA
90002_1	chr5	-	23	0	0	1	23	71146909	71146931	NA	NA
90003_1	chr2	-	23	0	0	1	23	207988527	207988505	NA	NA
90004_1	chr16	-	23	0	0	1	23	28333499	28333521	NA	NA
90005_1	chr14	-	23	0	0	1	23	100728779	100728801	NA	NA
90006_6	chr1	-	23	0	0	1	23	40254261	40254283	NA	NA
90007_1	chrX	-	23	0	0	1	23	122318634	122318656	NA	NA
90008_1	chr1	-	23	0	0	1	23	245023674	245023652	NA	NA
90009_1	chr2	-	23	0	0	1	23	220072052	220072074	NA	NA
90010_2	chr2	-	23	0	0	1	23	107503225	107503247	NA	NA
90011_34	chr13	-	23	0	0	1	23	112758181	112758159	NA	NA
90012_1	chrY	-	23	0	0	1	23	10037855	10037877	NA	NA
90013_1	chr1	-	23	0	0	1	23	39901247	39901269	NA	NA
90014_1	chr6	-	23	0	0	1	23	13620665	13620687	NA	NA
90015_1	chr2	-	23	0	0	1	23	62100359	62100337	NA	NA
90016_4	chr10	-	23	0	0	1	23	94979074	94979096	NA	NA
90017_23	chrX	-	23	0	0	1	23	108297807	108297829	NA	NA
90018_2	chr14	-	23	0	0	1	23	23450046	23450024	NA	NA
90019_1	chr6	-	23	0	0	1	23	27775982	27776004	NA	NA
90020_1	chr14	-	23	0	0	1	23	21081974	21081952	NA	NA
90021_1	chr6	-	23	0	0	1	23	27858556	27858534	NA	NA
90022_3	chrY	-	23	0	0	1	23	10037848	10037870	NA	NA
90023_1	chr19	-	23	0	0	1	23	54692361	54692339	NA	NA
90024_1	chr15	-	23	0	0	1	23	43803365	43803387	NA	NA
90025_1	chr6	-	23	0	0	1	23	52149446	52149424	NA	NA
90026_1	chr1	-	23	0	0	1	23	241669451	241669429	NA	NA
90027_2	chr21	-	23	0	0	1	23	9827297	9827319	NA	NA
90028_1	chr7	-	23	0	0	1	23	107580704	107580682	NA	NA
90029_1	chr16	-	23	0	0	1	23	67913365	67913387	NA	NA
90030_1	chr16	-	23	0	0	1	23	30380660	30380638	NA	NA
90031_39	chr13	-	23	0	0	1	23	112758183	112758161	NA	NA
90032_1	chr10	-	23	0	0	1	23	33214903	33214881	NA	NA
90033_1	chrX	-	23	0	0	1	23	108297802	108297824	NA	NA
90034_1	chr6	-	23	0	0	1	23	26225436	26225458	NA	NA
90035_1	chr5	-	23	0	0	1	23	70948506	70948528	NA	NA
90036_1	chr10	-	23	0	0	1	23	31608826	31608848	NA	NA
90037_1	chr15	-	23	0	0	1	23	59203715	59203737	NA	NA
90038_44	chrX	-	23	0	0	1	23	108297805	108297827	NA	NA
90039_1	chr11	-	23	0	0	1	23	12534881	12534903	NA	NA
90040_1	chr7	-	23	0	0	1	23	30656766	30656788	NA	NA
90041_1	chr7	-	23	0	0	1	23	94294417	94294439	NA	NA
90042_1	chr17	-	23	0	0	1	23	79826893	79826871	NA	NA
90043_1	chrY	-	23	0	0	1	23	10037770	10037792	NA	NA
90044_1	chr21	-	23	0	0	1	23	9827151	9827173	NA	NA
90045_1	chr17	-	23	0	0	1	23	57758813	57758835	NA	NA
90046_1	chr12	-	23	0	0	1	23	120729622	120729600	NA	NA
90047_1	chr17	-	23	0	0	1	23	1579632	1579610	NA	NA
90048_1	chr17	-	23	0	0	1	23	78954940	78954962	NA	NA
90049_1	chr6	-	23	0	0	1	23	153603870	153603848	NA	NA
90050_1	chr1	-	23	0	0	1	23	68171234	68171212	NA	NA
90051_1	chr7	-	23	0	0	1	23	94293579	94293601	NA	NA
90052_1	chr3	-	23	0	0	1	23	149689461	149689483	NA	NA
90053_1	chr22	-	23	0	0	1	23	41215239	41215217	NA	NA
90054_1	chr3	-	23	0	0	1	23	50295089	50295111	NA	NA
90055_1	chr11	-	23	0	0	1	23	107779259	107779281	NA	NA
90056_1	chrM	-	23	0	0	1	23	2858	2880	NA	NA
90057_1	chr6	-	23	0	0	1	23	26199474	26199452	NA	NA
90058_1	chr19	-	23	0	0	1	23	46191727	46191705	NA	NA
90059_30	chrY	-	23	0	0	1	23	10037849	10037871	NA	NA
90060_1	chr12	-	23	0	0	1	23	24989465	24989443	NA	NA
90061_1	chr1	-	23	0	0	1	23	40539785	40539763	NA	NA
90062_76	chr21	-	23	0	0	1	23	9827208	9827230	NA	NA
90063_1	chr17	-	23	0	0	1	23	66031865	66031887	NA	NA
90064_1	chr19	-	23	0	0	1	23	18530328	18530350	NA	NA
90065_1	chr17	-	23	0	0	1	23	55197673	55197695	NA	NA
90066_1	chr21	-	23	0	0	1	23	9827146	9827168	NA	NA
90067_1	chr6	-	23	0	0	1	23	26157042	26157064	NA	NA
90068_1	chr19	-	23	0	0	1	23	48675079	48675101	NA	NA
90069_1	chr7	-	23	0	0	1	23	101636073	101636051	NA	NA
90070_8	chr9	-	23	0	0	1	23	79186854	79186876	NA	NA
90071_1	chr9	-	23	0	0	1	23	116359127	116359149	NA	NA
90072_1	chr16	-	23	0	0	1	23	33963895	33963917	NA	NA
90073_1	chr16	-	23	0	0	1	23	87417649	87417627	NA	NA
90074_1	chrY	-	23	0	0	1	23	10036117	10036139	NA	NA
90075_1	chr12	-	23	0	0	1	23	15957533	15957555	NA	NA
90076_13	chr21	-	23	0	0	1	23	9827209	9827231	NA	NA
90077_1	chr16	-	23	0	0	1	23	89629302	89629324	NA	NA
90078_1	chr19	-	23	0	0	1	23	4366558	4366536	NA	NA
90079_1	chr2	-	23	0	0	1	23	230045544	230045522	NA	NA
90080_1	chr17	-	23	0	0	1	23	33478269	33478247	NA	NA
90081_1	chr2	-	23	0	0	1	23	62107443	62107421	NA	NA
90082_1	chr2	-	23	0	0	1	23	241374899	241374921	NA	NA
90083_1	chr5	-	23	0	0	1	23	180665213	180665191	NA	NA
90084_1	chr5	-	23	0	0	1	23	3068634	3068612	NA	NA
90085_1	chrX	-	23	0	0	1	23	40457948	40457970	NA	NA
90086_1	chr6	-	23	0	0	1	23	25727266	25727288	NA	NA
90087_1	chr12	-	23	0	0	1	23	20704454	20704476	NA	NA
90088_1	chr1	-	23	0	0	1	23	43637925	43637903	NA	NA
90089_1	chr5	-	23	0	0	1	23	102326046	102326068	NA	NA
90090_1	chr8	-	23	0	0	1	23	22034525	22034547	NA	NA
90091_1	chr12	-	23	0	0	1	23	57614173	57614195	NA	NA
90092_1	chr19	-	23	0	0	1	23	56179915	56179937	NA	NA
90093_1	chr19	-	23	0	0	1	23	39114742	39114764	NA	NA
90094_1	chr3	-	23	0	0	1	23	100053729	100053751	NA	NA
90095_1	chr12	-	23	0	0	1	23	13367584	13367606	NA	NA
90096_1	chr16	-	23	0	0	1	23	2814283	2814305	NA	NA
90097_1	chr16	-	23	0	0	1	23	30676032	30676054	NA	NA
90098_1	chr14	-	23	0	0	1	23	33980726	33980704	NA	NA
90099_1	chr12	-	23	0	0	1	23	63132763	63132785	NA	NA
90100_1	chr17	-	23	0	0	1	23	62272411	62272389	NA	NA
90101_8	chr19	-	23	0	0	1	23	24185254	24185232	NA	NA
90102_1	chrE	-	23	0	0	1	23	3792	3814	NA	NA
90103_1	chrE	-	23	0	0	1	23	1400	1422	NA	NA
90104_1	chrE	-	23	0	0	1	23	1936	1958	NA	NA
90105_3	chrX	-	23	0	0	1	23	122318633	122318655	NA	NA
90106_1	chr8	-	23	0	0	1	23	122827877	122827899	NA	NA
90107_1	chr21	-	23	0	0	1	23	16338008	16337986	NA	NA
90108_1	chr4	-	23	0	0	1	23	6988693	6988671	NA	NA
90109_6	chr15	-	23	0	0	1	23	65597107	65597129	NA	NA
90110_1	chr6	-	23	0	0	1	23	26197466	26197444	NA	NA
90111_1	chr20	-	23	0	0	1	23	1144983	1145005	NA	NA
90112_1	chrE	-	23	0	0	1	23	2149	2171	NA	NA
90113_1	chrX	-	23	0	0	1	23	47028831	47028853	NA	NA
90114_1	chr4	-	23	0	0	1	23	109541795	109541817	NA	NA
90115_1	chr4	-	23	0	0	1	23	2059918	2059940	NA	NA
90116_1	chr6	-	23	0	0	1	23	26032275	26032253	NA	NA
90117_3	chrY	-	23	0	0	1	23	10037850	10037872	NA	NA
90118_1	chrE	-	23	0	0	1	23	652	674	NA	NA
90119_1	chr17	-	23	0	0	1	23	7797498	7797520	NA	NA
90120_2	chr19	-	23	0	0	1	23	24185987	24185965	NA	NA
90121_1	chr5	-	23	0	0	1	23	138643692	138643714	NA	NA
90122_1	chr7	-	23	0	0	1	23	91630428	91630450	NA	NA
90123_1	chr10	-	23	0	0	1	23	103542306	103542284	NA	NA
90124_1	chr15	-	23	0	0	1	23	65849193	65849215	NA	NA
90125_1	chrE	-	23	0	0	1	23	715	737	NA	NA
90126_1	chrY	-	23	0	0	1	23	10036439	10036461	NA	NA
90127_1	chr9	-	23	0	0	1	23	104160859	104160837	NA	NA
90128_1	chr16	-	23	0	0	1	23	33963559	33963581	NA	NA
90129_1	chr11	-	23	0	0	1	23	76507099	76507121	NA	NA
90130_1	chr12	-	23	0	0	1	23	127650518	127650496	NA	NA
90131_1	chr14	-	23	0	0	1	23	55467309	55467287	NA	NA
90132_1	chr4	-	23	0	0	1	23	83776178	83776156	NA	NA
90133_1	chr6	-	23	0	0	1	23	26199792	26199814	NA	NA
90134_1	chr16	-	23	0	0	1	23	33962707	33962729	NA	NA
90135_2	chr17	-	23	0	0	1	23	33478333	33478311	NA	NA
90136_1	chr3	-	23	0	0	1	23	142896264	142896286	NA	NA
90137_1	chr12	-	23	0	0	1	23	89745529	89745507	NA	NA
# blasting completed