87103_1	chr2	-	20	0	0	1	20	20402963	20402944	NA	NA
87104_1	chr1	-	20	0	0	1	20	17012124	17012105	NA	NA
87105_1	chr2	-	20	0	0	1	20	71565813	71565794	NA	NA
87106_1	chr6	-	20	0	0	1	20	27115280	27115299	NA	NA
87107_1	chr3	-	20	0	0	1	20	175164034	175164053	NA	NA
87108_1	chr16	-	20	0	0	1	20	62517006	62516987	NA	NA
87109_1	chr10	-	20	0	0	1	20	88471123	88471104	NA	NA
87110_1	chr7	-	20	0	0	1	20	30068455	30068436	NA	NA
87111_7	chr5	-	20	0	0	1	20	488387	488406	NA	NA
87112_2	chr16	-	20	0	0	1	20	47538730	47538749	NA	NA
87113_1	chrE	-	20	0	0	1	20	7078	7097	NA	NA
87114_3	chr5	-	20	0	0	1	20	174220895	174220876	NA	NA
87115_1	chr4	-	20	0	0	1	20	13612647	13612628	NA	NA
87116_14	chrX	-	20	0	0	1	20	108297809	108297828	NA	NA
87117_1	chr5	-	20	0	0	1	20	175815487	175815468	NA	NA
87118_1	chrE	-	20	0	0	1	20	747	766	NA	NA
87119_1	chr6	-	20	0	0	1	20	70577372	70577391	NA	NA
87120_1	chr9	-	20	0	0	1	20	36258335	36258354	NA	NA
87121_1	chr10	-	20	0	0	1	20	49863746	49863727	NA	NA
87122_1	chrE	-	20	0	0	1	20	618	637	NA	NA
87123_1	chr17	-	20	0	0	1	20	78954963	78954944	NA	NA
87124_1	chr22	-	20	0	0	1	20	43011327	43011346	NA	NA
87125_1	chr12	-	20	0	0	1	20	50146286	50146305	NA	NA
87126_1	chr8	-	20	0	0	1	20	21455985	21456004	NA	NA
87127_1	chr2	-	20	0	0	1	20	189899692	189899673	NA	NA
87128_1	chr3	-	20	0	0	1	20	71721153	71721172	NA	NA
87129_1	chr12	-	20	0	0	1	20	127650657	127650638	NA	NA
87130_1	chr4	-	20	0	0	1	20	177245383	177245402	NA	NA
87131_1	chr11	-	20	0	0	1	20	77336829	77336810	NA	NA
87132_1	chr19	-	20	0	0	1	20	38519138	38519119	NA	NA
87133_1	chr2	-	20	0	0	1	20	9727611	9727592	NA	NA
87134_7	chr1	-	20	0	0	1	20	39325456	39325437	NA	NA
87135_1	chr21	-	20	0	0	1	20	28398218	28398199	NA	NA
87136_4	chr17	-	20	0	0	1	20	33478293	33478274	NA	NA
87137_1	chrE	-	20	0	0	1	20	1052	1071	NA	NA
87138_1	chr16	-	20	0	0	1	20	33963347	33963366	NA	NA
87139_1	chr10	-	20	0	0	1	20	132588138	132588157	NA	NA
87140_1	chr6	-	20	0	0	1	20	167208887	167208906	NA	NA
87141_1	chr12	-	20	0	0	1	20	127650654	127650635	NA	NA
87142_1	chr12	-	20	0	0	1	20	49522582	49522563	NA	NA
87143_1	chr14	-	20	0	0	1	20	90798247	90798228	NA	NA
87144_1	chr12	-	20	0	0	1	20	50355464	50355483	NA	NA
87145_1	chr12	-	20	0	0	1	20	104326626	104326645	NA	NA
87146_1	chr19	-	20	0	0	1	20	7599006	7598987	NA	NA
87147_1	chr12	-	20	0	0	1	20	127650517	127650498	NA	NA
87148_1	chr6	-	20	0	0	1	20	27271628	27271609	NA	NA
87149_1	chr12	-	20	0	0	1	20	127650656	127650637	NA	NA
87150_2	chr8	-	20	0	0	1	20	8751059	8751040	NA	NA
87151_1	chr19	-	20	0	0	1	20	41307152	41307133	NA	NA
87152_1	chr19	-	20	0	0	1	20	24185475	24185456	NA	NA
87153_1	chr6	-	20	0	0	1	20	26204940	26204959	NA	NA
87154_1	chr11	-	20	0	0	1	20	60609817	60609836	NA	NA
87155_1	chr21	-	20	0	0	1	20	9827017	9827036	NA	NA
87156_1	chr17	-	20	0	0	1	20	45750868	45750887	NA	NA
87157_1	chr17	-	20	0	0	1	20	78968379	78968398	NA	NA
87158_1	chr19	-	20	0	0	1	20	16682669	16682650	NA	NA
87159_1	chr21	-	20	0	0	1	20	9827013	9827032	NA	NA
87160_1	chr19	-	20	0	0	1	20	11591708	11591689	NA	NA
87161_1	chrX	-	20	0	0	1	20	108297811	108297830	NA	NA
87162_1	chr1	-	20	0	0	1	20	119466212	119466193	NA	NA
87163_1	chrX	-	20	0	0	1	20	118557827	118557846	NA	NA
87164_1	chr2	-	20	0	0	1	20	55119620	55119639	NA	NA
87165_1	chr2	-	20	0	0	1	20	220041510	220041491	NA	NA
87166_1	chr16	-	20	0	0	1	20	33963344	33963363	NA	NA
87167_1	chr13	-	20	0	0	1	20	36743019	36743038	NA	NA
87168_1	chr3	-	20	0	0	1	20	48689917	48689898	NA	NA
87169_1	chr17	-	20	0	0	1	20	41165834	41165853	NA	NA
87170_1	chr18	-	20	0	0	1	20	29672533	29672514	NA	NA
87171_1	chr19	-	20	0	0	1	20	1446351	1446370	NA	NA
87172_1	chr6	-	20	0	0	1	20	27833424	27833443	NA	NA
87173_1	chr21	-	20	0	0	1	20	43972440	43972421	NA	NA
87174_1	chr6	-	20	0	0	1	20	34985061	34985080	NA	NA
87175_1	chr11	-	20	0	0	1	20	78369102	78369121	NA	NA
87176_1	chr2	-	20	0	0	1	20	71565817	71565798	NA	NA
87177_2	chr1	-	20	0	0	1	20	35247486	35247505	NA	NA
87178_1	chr4	-	20	0	0	1	20	8478106	8478125	NA	NA
87179_2	chr17	-	20	0	0	1	20	74396251	74396232	NA	NA
87180_1	chr1	-	20	0	0	1	20	43830083	43830064	NA	NA
87181_1	chr6	-	20	0	0	1	20	26124504	26124523	NA	NA
87182_4	chr2	-	20	0	0	1	20	71565815	71565796	NA	NA
87183_1	chr4	-	20	0	0	1	20	30724575	30724594	NA	NA
87184_1	chr9	-	20	0	0	1	20	133962952	133962933	NA	NA
87185_1	chr4	-	20	0	0	1	20	83372196	83372215	NA	NA
87186_1	chr1	-	20	0	0	1	20	149858186	149858167	NA	NA
87187_1	chrE	-	20	0	0	1	20	2823	2842	NA	NA
87188_1	chr21	-	20	0	0	1	20	9827381	9827400	NA	NA
87189_3	chr19	-	20	0	0	1	20	24185250	24185231	NA	NA
87190_1	chr17	-	20	0	0	1	20	17695057	17695076	NA	NA
87191_1	chr2	-	20	0	0	1	20	133012864	133012845	NA	NA
87192_4	chr13	-	20	0	0	1	20	112758181	112758162	NA	NA
87193_1	chr11	-	20	0	0	1	20	62609141	62609122	NA	NA
87194_1	chr2	-	20	0	0	1	20	63822578	63822597	NA	NA
87195_1	chr21	-	20	0	0	1	20	9827205	9827224	NA	NA
87196_1	chr14	-	20	0	0	1	20	45590748	45590729	NA	NA
87197_1	chr19	-	20	0	0	1	20	54158341	54158322	NA	NA
87198_11	chr17	-	20	0	0	1	20	33478294	33478275	NA	NA
87199_2	chr19	-	20	0	0	1	20	17356330	17356349	NA	NA
87200_1	chr2	-	20	0	0	1	20	201694750	201694769	NA	NA
87201_1	chr16	-	20	0	0	1	20	1191093	1191074	NA	NA
87202_1	chr1	-	20	0	0	1	20	23382481	23382500	NA	NA
87203_1	chr19	-	20	0	0	1	20	16296453	16296472	NA	NA
87204_1	chr9	-	20	0	0	1	20	131451298	131451279	NA	NA
87205_1	chr12	-	20	0	0	1	20	47186924	47186905	NA	NA
87206_1	chr1	-	20	0	0	1	20	171509527	171509546	NA	NA
87207_2	chr10	-	20	0	0	1	20	49863747	49863728	NA	NA
87208_2	chr21	-	20	0	0	1	20	9827204	9827223	NA	NA
87209_1	chrX	-	20	0	0	1	20	109441754	109441735	NA	NA
87210_1	chr5	-	20	0	0	1	20	171544504	171544485	NA	NA
87211_3	chr16	-	20	0	0	1	20	47538729	47538748	NA	NA
87212_1	chr2	-	20	0	0	1	20	136499518	136499537	NA	NA
87213_1	chr17	-	20	0	0	1	20	56065846	56065827	NA	NA
87214_1	chr2	-	20	0	0	1	20	240322127	240322146	NA	NA
87215_1	chr12	-	20	0	0	1	20	127650915	127650896	NA	NA
87216_2	chr2	-	20	0	0	1	20	71565819	71565800	NA	NA
87217_1	chr2	-	20	0	0	1	20	133039191	133039172	NA	NA
87218_1	chr15	-	20	0	0	1	20	89018389	89018408	NA	NA
87219_1	chr16	-	20	0	0	1	20	3580584	3580603	NA	NA
87220_4	chr17	-	20	0	0	1	20	81037676	81037657	NA	NA
87221_1	chr17	-	20	0	0	1	20	1248758	1248739	NA	NA
87222_1	chr7	-	20	0	0	1	20	94590222	94590241	NA	NA
87223_1	chr7	-	20	0	0	1	20	14110795	14110776	NA	NA
87224_1	chr6	-	20	0	0	1	20	31748842	31748823	NA	NA
87225_1	chr12	-	20	0	0	1	20	50146287	50146306	NA	NA
87226_1	chr19	-	20	0	0	1	20	42503107	42503126	NA	NA
87227_1	chrE	-	20	0	0	1	20	3445	3464	NA	NA
87228_1	chr13	-	20	0	0	1	20	112758182	112758163	NA	NA
87229_1	chr1	-	20	0	0	1	20	173446610	173446629	NA	NA
87230_1	chr2	-	20	0	0	1	20	201729318	201729299	NA	NA
87231_1	chr16	-	20	0	0	1	20	28331629	28331648	NA	NA
87232_103	chr12	-	20	0	0	1	20	33049885	33049904	NA	NA
87233_1	chr17	-	20	0	0	1	20	33478266	33478247	NA	NA
87234_1	chr21	-	20	0	0	1	20	9827298	9827317	NA	NA
87235_1	chr11	-	20	0	0	1	20	60778522	60778503	NA	NA
87236_1	chr2	-	20	0	0	1	20	198415045	198415064	NA	NA
87237_2	chr2	-	20	0	0	1	20	71565818	71565799	NA	NA
87238_1	chr9	-	20	0	0	1	20	79186676	79186695	NA	NA
87239_1	chr7	-	20	0	0	1	20	32582837	32582856	NA	NA
87240_2	chr12	-	20	0	0	1	20	3673239	3673258	NA	NA
87241_1	chr3	-	20	0	0	1	20	193788654	193788673	NA	NA
87242_1	chr2	-	20	0	0	1	20	204245065	204245084	NA	NA
87243_2	chr9	-	20	0	0	1	20	79186677	79186696	NA	NA
87244_1	chr7	-	20	0	0	1	20	78431829	78431810	NA	NA
87245_1	chr20	-	20	0	0	1	20	30366748	30366767	NA	NA
87246_1	chr21	-	20	0	0	1	20	9827300	9827319	NA	NA
87247_1	chr1	-	20	0	0	1	20	146676284	146676265	NA	NA
87248_1	chr15	-	20	0	0	1	20	37391818	37391799	NA	NA
87249_1	chr3	-	20	0	0	1	20	159606617	159606636	NA	NA
87250_1	chr17	-	20	0	0	1	20	685489	685470	NA	NA
87251_1	chr12	-	20	0	0	1	20	7053002	7053021	NA	NA
87252_1	chr22	-	20	0	0	1	20	43011326	43011345	NA	NA
87253_1	chr2	-	20	0	0	1	20	189875410	189875429	NA	NA
87254_1	chr5	-	20	0	0	1	20	71146742	71146761	NA	NA
87255_1	chr1	-	20	0	0	1	20	10726102	10726121	NA	NA
87256_3	chr5	-	20	0	0	1	20	135468051	135468032	NA	NA
87257_1	chrE	-	20	0	0	1	20	793	812	NA	NA
87258_1	chr2	-	20	0	0	1	20	169571564	169571583	NA	NA
87259_2	chr6	-	20	0	0	1	20	34664430	34664449	NA	NA
87260_1	chr17	-	20	0	0	1	20	42836452	42836471	NA	NA
87261_1	chr16	-	20	0	0	1	20	47538732	47538751	NA	NA
87262_1	chr7	-	20	0	0	1	20	99697689	99697670	NA	NA
87263_1	chr7	-	20	0	0	1	20	73654296	73654277	NA	NA
87264_2	chrX	-	20	0	0	1	20	108297808	108297827	NA	NA
87265_1	chr3	-	20	0	0	1	20	142133103	142133084	NA	NA
87266_11	chr21	-	20	0	0	1	20	9827210	9827229	NA	NA
87267_1	chr3	-	20	0	0	1	20	58318604	58318585	NA	NA
87268_1	chr21	-	20	0	0	1	20	9827299	9827318	NA	NA
87269_1	chr12	-	20	0	0	1	20	57032998	57032979	NA	NA
87270_1	chrE	-	20	0	0	1	20	5242	5261	NA	NA
87271_1	chrE	-	20	0	0	1	20	4807	4826	NA	NA
87272_1	chr17	-	20	0	0	1	20	35975301	35975282	NA	NA
87273_1	chr22	-	20	0	0	1	20	32889209	32889228	NA	NA
87274_1	chr11	-	20	0	0	1	20	16628643	16628662	NA	NA
87275_1	chr1	-	20	0	0	1	20	53779330	53779311	NA	NA
87276_2	chr19	-	20	0	0	1	20	1625420	1625439	NA	NA
87277_1	chr1	-	20	0	0	1	20	112162395	112162414	NA	NA
87278_1	chr8	-	20	0	0	1	20	119123286	119123267	NA	NA
87279_1	chr10	-	20	0	0	1	20	95089509	95089490	NA	NA
87280_1	chr11	-	20	0	0	1	20	111957425	111957406	NA	NA
87281_1	chr21	-	20	0	0	1	20	9827165	9827184	NA	NA
87282_1	chr9	-	20	0	0	1	20	129623231	129623250	NA	NA
87283_1	chr9	-	20	0	0	1	20	123560991	123561010	NA	NA
87284_1	chr1	-	20	0	0	1	20	19812072	19812053	NA	NA
87285_1	chr12	-	20	0	0	1	20	76448865	76448846	NA	NA
87286_1	chrX	-	20	0	0	1	20	27827616	27827597	NA	NA
87287_1	chr7	-	20	0	0	1	20	100732624	100732643	NA	NA
87288_1	chr16	-	20	0	0	1	20	47538728	47538747	NA	NA
87289_2	chr6	-	20	0	0	1	20	170819850	170819831	NA	NA
87290_2	chr1	-	20	0	0	1	20	150122367	150122348	NA	NA
87291_1	chr12	-	20	0	0	1	20	95010309	95010328	NA	NA
87292_1	chr15	-	20	0	0	1	20	45007678	45007697	NA	NA
87293_1	chr1	-	20	0	0	1	20	161072152	161072133	NA	NA
87294_1	chr6	-	20	0	0	1	20	27782519	27782500	NA	NA
87295_1	chr2	-	20	0	0	1	20	133012331	133012312	NA	NA
87296_1	chr2	-	20	0	0	1	20	55539640	55539621	NA	NA
87297_1	chr15	-	20	0	0	1	20	44097645	44097626	NA	NA
87298_1	chr14	-	20	0	0	1	20	74485998	74486017	NA	NA
87299_1	chr10	-	20	0	0	1	20	82269165	82269184	NA	NA
87300_1	chr8	-	20	0	0	1	20	70984436	70984417	NA	NA
87301_2	chr15	-	20	0	0	1	20	59203717	59203736	NA	NA
87302_1	chrE	-	20	0	0	1	20	4809	4828	NA	NA
87303_1	chr15	-	20	0	0	1	20	43817722	43817741	NA	NA
87304_1	chr9	-	20	0	0	1	20	131581473	131581492	NA	NA
87305_1	chr2	-	20	0	0	1	20	206671067	206671086	NA	NA
87306_1	chr21	-	20	0	0	1	20	9827416	9827435	NA	NA
87307_1	chr5	-	20	0	0	1	20	50081214	50081233	NA	NA
87308_1	chrX	-	20	0	0	1	20	108297810	108297829	NA	NA
87309_1	chr8	-	20	0	0	1	20	46951862	46951843	NA	NA
87310_1	chr6	-	20	0	0	1	20	167727899	167727880	NA	NA
87311_1	chr6	-	20	0	0	1	20	26156898	26156917	NA	NA
87312_1	chr2	-	20	0	0	1	20	71565814	71565795	NA	NA
87313_1	chr9	-	20	0	0	1	20	79186854	79186873	NA	NA
87314_1	chr6	-	20	0	0	1	20	33256838	33256819	NA	NA
87315_1	chr5	-	20	0	0	1	20	180591634	180591615	NA	NA
87316_1	chr14	-	20	0	0	1	20	96343097	96343078	NA	NA
87317_1	chr8	-	20	0	0	1	20	72973048	72973067	NA	NA
87318_1	chr22	-	20	0	0	1	20	43312544	43312563	NA	NA
87319_1	chr21	-	20	0	0	1	20	9827018	9827037	NA	NA
87320_1	chrE	-	20	0	0	1	20	3289	3308	NA	NA
87321_1	chr19	-	20	0	0	1	20	14628774	14628793	NA	NA
87322_1	chr1	-	20	0	0	1	20	35247487	35247506	NA	NA
87323_1	chr6	-	20	0	0	1	20	26225382	26225401	NA	NA
87324_3	chr12	-	20	0	0	1	20	127650518	127650499	NA	NA
# blasting completed