1890124_1	chr17	-	18	0	0	1	18	71702941	71702958	NA	NA
1890125_1	chr11	-	18	0	0	1	18	14665166	14665149	NA	NA
1890126_1	chr2	-	18	0	0	1	18	189870115	189870132	NA	NA
1890127_2	chr21	-	18	0	0	1	18	9827300	9827317	NA	NA
1890128_1	chr17	-	18	0	0	1	18	78120695	78120678	NA	NA
1890129_1	chr9	-	18	0	0	1	18	79186854	79186871	NA	NA
1890130_1	chr1	-	18	0	0	1	18	8923340	8923323	NA	NA
1890131_1	chr16	-	18	0	0	1	18	33965561	33965578	NA	NA
1890132_1	chrX	-	18	0	0	1	18	71150067	71150050	NA	NA
1890133_1	chr2	-	18	0	0	1	18	27121557	27121574	NA	NA
1890134_3	chr11	-	18	0	0	1	18	123431262	123431279	NA	NA
1890135_4	chr9	-	18	0	0	1	18	79186700	79186717	NA	NA
1890136_1	chr5	-	18	0	0	1	18	71146893	71146910	NA	NA
1890137_1	chr19	-	18	0	0	1	18	8527436	8527453	NA	NA
1890138_3	chr21	-	18	0	0	1	18	42540714	42540697	NA	NA
1890139_1	chr11	-	18	0	0	1	18	47198690	47198707	NA	NA
1890140_1	chr17	-	18	0	0	1	18	33478262	33478245	NA	NA
1890141_1	chrE	-	18	0	0	1	18	6339	6356	NA	NA
1890142_1	chr2	-	18	0	0	1	18	133012962	133012945	NA	NA
1890143_2	chr16	-	18	0	0	1	18	47538732	47538749	NA	NA
1890144_1	chr19	-	18	0	0	1	18	52725435	52725452	NA	NA
1890145_1	chrX	-	18	0	0	1	18	153200660	153200677	NA	NA
1890146_1	chr4	-	18	0	0	1	18	37893021	37893038	NA	NA
1890147_2	chr2	-	18	0	0	1	18	70520820	70520803	NA	NA
1890148_1	chr20	-	18	0	0	1	18	30192281	30192264	NA	NA
1890149_1	chr6	-	18	0	0	1	18	26199157	26199140	NA	NA
1890150_8	chrX	-	18	0	0	1	18	108297811	108297828	NA	NA
1890151_1	chr16	-	18	0	0	1	18	33963356	33963373	NA	NA
1890152_1	chrE	-	18	0	0	1	18	753	770	NA	NA
1890153_1	chr16	-	18	0	0	1	18	9185665	9185682	NA	NA
1890154_1	chr1	-	18	0	0	1	18	166312339	166312322	NA	NA
1890155_1	chr5	-	18	0	0	1	18	71146753	71146770	NA	NA
1890156_1	chr21	-	18	0	0	1	18	9827018	9827035	NA	NA
1890157_2	chr17	-	18	0	0	1	18	2295764	2295747	NA	NA
1890158_1	chr2	-	18	0	0	1	18	133012764	133012747	NA	NA
1890159_1	chr20	-	18	0	0	1	18	47700667	47700684	NA	NA
1890160_1	chrX	-	18	0	0	1	18	108297810	108297827	NA	NA
1890161_1	chr19	-	18	0	0	1	18	16408534	16408551	NA	NA
1890162_1	chrY	-	18	0	0	1	18	10037859	10037876	NA	NA
1890163_1	chr22	-	18	0	0	1	18	43011328	43011345	NA	NA
1890164_1	chr19	-	18	0	0	1	18	50331775	50331792	NA	NA
1890165_1	chr21	-	18	0	0	1	18	9827387	9827404	NA	NA
1890166_1	chr16	-	18	0	0	1	18	583631	583614	NA	NA
1890167_1	chr8	-	18	0	0	1	18	101421378	101421361	NA	NA
1890168_1	chr5	-	18	0	0	1	18	82836224	82836241	NA	NA
1890169_1	chr7	-	18	0	0	1	18	5568264	5568247	NA	NA
1890170_1	chr7	-	18	0	0	1	18	155170806	155170789	NA	NA
1890171_1	chr2	-	18	0	0	1	18	183790436	183790419	NA	NA
1890172_2	chr21	-	18	0	0	1	18	9827299	9827316	NA	NA
1890173_1	chr6	-	18	0	0	1	18	150064814	150064797	NA	NA
1890174_1	chr11	-	18	0	0	1	18	65623109	65623092	NA	NA
1890175_1	chrE	-	18	0	0	1	18	2776	2793	NA	NA
1890176_1	chr12	-	18	0	0	1	18	21788533	21788516	NA	NA
1890177_1	chr5	-	18	0	0	1	18	151045952	151045935	NA	NA
1890178_1	chr5	-	18	0	0	1	18	117146544	117146561	NA	NA
1890179_1	chr11	-	18	0	0	1	18	134010575	134010592	NA	NA
1890180_1	chr6	-	18	0	0	1	18	41039388	41039371	NA	NA
1890181_3	chr17	-	18	0	0	1	18	33478291	33478274	NA	NA
1890182_1	chr16	-	18	0	0	1	18	47538731	47538748	NA	NA
1890183_1	chr10	-	18	0	0	1	18	45675982	45675999	NA	NA
1890184_1	chr16	-	18	0	0	1	18	1881913	1881896	NA	NA
1890185_3	chrX	-	18	0	0	1	18	9754589	9754572	NA	NA
1890186_1	chr17	-	18	0	0	1	18	79416014	79415997	NA	NA
1890187_1	chr11	-	18	0	0	1	18	66114564	66114547	NA	NA
1890188_1	chrE	-	18	0	0	1	18	2283	2300	NA	NA
1890189_1	chr1	-	18	0	0	1	18	155408381	155408364	NA	NA
1890190_1	chr3	-	18	0	0	1	18	88104634	88104617	NA	NA
1890191_1	chr22	-	18	0	0	1	18	40053198	40053181	NA	NA
1890192_1	chr12	-	18	0	0	1	18	112450925	112450908	NA	NA
# blasting completed