448949_1	chr22	-	20	0	0	1	20	38610540	38610559	NA	NA
448950_1	chr6	-	20	0	0	1	20	44218280	44218299	NA	NA
448951_1	chr22	-	20	0	0	1	20	35661116	35661135	NA	NA
448952_1	chr12	-	20	0	0	1	20	53689348	53689367	NA	NA
448953_1	chr6	-	20	0	0	1	20	26273465	26273484	NA	NA
448954_1	chr9	-	20	0	0	1	20	117849189	117849170	NA	NA
448955_1	chr19	-	20	0	0	1	20	50183809	50183828	NA	NA
448956_1	chr20	-	20	0	0	1	20	34242612	34242593	NA	NA
448957_1	chr15	-	20	0	0	1	20	91030211	91030230	NA	NA
448958_1	chr22	-	20	0	0	1	20	38038987	38039006	NA	NA
448959_4	chr2	-	20	0	0	1	20	230045521	230045502	NA	NA
448960_1	chr2	-	20	0	0	1	20	75446962	75446981	NA	NA
448961_1	chr2	-	20	0	0	1	20	65316119	65316100	NA	NA
448962_1	chr12	-	20	0	0	1	20	127650551	127650532	NA	NA
448963_1	chr22	-	20	0	0	1	20	42052981	42053000	NA	NA
448964_1	chr2	-	20	0	0	1	20	238681519	238681538	NA	NA
448965_1	chr6	-	20	0	0	1	20	43608060	43608079	NA	NA
448966_1	chr1	-	20	0	0	1	20	153598886	153598867	NA	NA
448967_1	chr6	-	20	0	0	1	20	27839890	27839871	NA	NA
448968_1	chr5	-	20	0	0	1	20	65425064	65425045	NA	NA
448969_1	chr11	-	20	0	0	1	20	47602431	47602450	NA	NA
448970_1	chr6	-	20	0	0	1	20	44217209	44217228	NA	NA
448971_1	chr3	-	20	0	0	1	20	128614168	128614187	NA	NA
448972_1	chr9	-	20	0	0	1	20	140008990	140008971	NA	NA
448973_1	chr21	-	20	0	0	1	20	27425597	27425578	NA	NA
448974_1	chr9	-	20	0	0	1	20	140099713	140099694	NA	NA
448975_1	chr12	-	20	0	0	1	20	132416717	132416736	NA	NA
448976_32	chr5	-	20	0	0	1	20	488387	488406	NA	NA
448977_1	chr13	-	20	0	0	1	20	111366193	111366212	NA	NA
448978_1	chr6	-	20	0	0	1	20	44214879	44214898	NA	NA
448979_1	chr2	-	20	0	0	1	20	26596345	26596364	NA	NA
448980_1	chr7	-	20	0	0	1	20	83764193	83764174	NA	NA
448981_1	chr7	-	20	0	0	1	20	99717451	99717470	NA	NA
448982_1	chr15	-	20	0	0	1	20	72499219	72499200	NA	NA
448983_1	chr19	-	20	0	0	1	20	7960518	7960537	NA	NA
448984_1	chr1	-	20	0	0	1	20	186330965	186330946	NA	NA
448985_1	chr12	-	20	0	0	1	20	50297754	50297735	NA	NA
448986_1	chr9	-	20	0	0	1	20	100881536	100881517	NA	NA
448987_1	chr1	-	20	0	0	1	20	100111679	100111698	NA	NA
448988_1	chr20	-	20	0	0	1	20	62587727	62587708	NA	NA
448989_1	chr17	-	20	0	0	1	20	73775241	73775222	NA	NA
448990_1	chr12	-	20	0	0	1	20	123714983	123714964	NA	NA
448991_1	chr14	-	20	0	0	1	20	105334809	105334828	NA	NA
448992_1	chr6	-	20	0	0	1	20	26250720	26250701	NA	NA
448993_1	chr11	-	20	0	0	1	20	8704778	8704797	NA	NA
448994_1	chr3	-	20	0	0	1	20	195778996	195778977	NA	NA
448995_1	chr11	-	20	0	0	1	20	85195086	85195105	NA	NA
448996_1	chr12	-	20	0	0	1	20	70208396	70208377	NA	NA
448997_1	chr16	-	20	0	0	1	20	11769842	11769861	NA	NA
448998_1	chr10	-	20	0	0	1	20	121598189	121598170	NA	NA
448999_1	chr2	-	20	0	0	1	20	48573767	48573786	NA	NA
449000_1	chr2	-	20	0	0	1	20	27440438	27440457	NA	NA
449001_1	chr17	-	20	0	0	1	20	61678390	61678409	NA	NA
449002_17	chr2	-	20	0	0	1	20	230045520	230045501	NA	NA
449003_1	chr3	-	20	0	0	1	20	193361811	193361830	NA	NA
449004_1	chr1	-	20	0	0	1	20	116926664	116926683	NA	NA
449005_1	chr11	-	20	0	0	1	20	66392741	66392760	NA	NA
449006_1	chr21	-	20	0	0	1	20	27097641	27097622	NA	NA
449007_1	chr7	-	20	0	0	1	20	99002567	99002548	NA	NA
449008_1	chr5	-	20	0	0	1	20	137089132	137089113	NA	NA
449009_1	chr3	-	20	0	0	1	20	53263368	53263349	NA	NA
449010_1	chr15	-	20	0	0	1	20	35085694	35085675	NA	NA
449011_1	chr1	-	20	0	0	1	20	91852910	91852891	NA	NA
449012_1	chrX	-	20	0	0	1	20	47060949	47060968	NA	NA
449013_1	chr16	-	20	0	0	1	20	33963111	33963130	NA	NA
449014_1	chr13	-	20	0	0	1	20	80055528	80055547	NA	NA
449015_1	chr2	-	20	0	0	1	20	133038896	133038877	NA	NA
449016_1	chr11	-	20	0	0	1	20	842468	842449	NA	NA
449017_1	chr2	-	20	0	0	1	20	133011938	133011919	NA	NA
449018_1	chr9	-	20	0	0	1	20	79186693	79186712	NA	NA
449019_1	chr1	-	20	0	0	1	20	46775892	46775911	NA	NA
449020_1	chr17	-	20	0	0	1	20	73231262	73231281	NA	NA
449021_1	chr1	-	20	0	0	1	20	156304558	156304539	NA	NA
449022_1	chr7	-	20	0	0	1	20	100271391	100271410	NA	NA
449023_1	chr12	-	20	0	0	1	20	7079705	7079686	NA	NA
449024_1	chr19	-	20	0	0	1	20	45477760	45477779	NA	NA
449025_1	chr1	-	20	0	0	1	20	201465373	201465354	NA	NA
449026_1	chr2	-	20	0	0	1	20	55277510	55277491	NA	NA
449027_1	chr5	-	20	0	0	1	20	112173610	112173629	NA	NA
449028_1	chr1	-	20	0	0	1	20	156533589	156533570	NA	NA
449029_2	chr2	-	20	0	0	1	20	159440419	159440400	NA	NA
449030_1	chr1	-	20	0	0	1	20	93307410	93307429	NA	NA
449031_1	chr19	-	20	0	0	1	20	10365293	10365312	NA	NA
449032_1	chr17	-	20	0	0	1	20	80037113	80037094	NA	NA
449033_1	chr17	-	20	0	0	1	20	76210840	76210859	NA	NA
449034_1	chrY	-	20	0	0	1	20	10037858	10037877	NA	NA
449035_1	chr12	-	20	0	0	1	20	127650621	127650602	NA	NA
449036_1	chr1	-	20	0	0	1	20	95392457	95392438	NA	NA
449037_1	chr2	-	20	0	0	1	20	101192935	101192954	NA	NA
449038_1	chr19	-	20	0	0	1	20	17448967	17448986	NA	NA
449039_1	chr16	-	20	0	0	1	20	14339390	14339409	NA	NA
449040_3	chr12	-	20	0	0	1	20	127650658	127650639	NA	NA
449041_1	chr6	-	20	0	0	1	20	26056335	26056316	NA	NA
449042_1	chr1	-	20	0	0	1	20	23346181	23346200	NA	NA
449043_1	chr19	-	20	0	0	1	20	36964301	36964282	NA	NA
449044_1	chr2	-	20	0	0	1	20	189876430	189876449	NA	NA
449045_1	chr2	-	20	0	0	1	20	130557595	130557614	NA	NA
449046_1	chr3	-	20	0	0	1	20	99890704	99890723	NA	NA
449047_1	chr8	-	20	0	0	1	20	21456076	21456095	NA	NA
449048_1	chr10	-	20	0	0	1	20	11207803	11207822	NA	NA
449049_1	chr15	-	20	0	0	1	20	38178968	38178987	NA	NA
449050_1	chr8	-	20	0	0	1	20	144361293	144361312	NA	NA
449051_1	chr7	-	20	0	0	1	20	151046245	151046264	NA	NA
449052_1	chr1	-	20	0	0	1	20	115275391	115275372	NA	NA
449053_1	chr7	-	20	0	0	1	20	56132053	56132072	NA	NA
449054_1	chr17	-	20	0	0	1	20	48187363	48187382	NA	NA
449055_1	chr14	-	20	0	0	1	20	102550779	102550760	NA	NA
449056_3	chr1	-	20	0	0	1	20	35247487	35247506	NA	NA
449057_1	chr1	-	20	0	0	1	20	224548216	224548235	NA	NA
449058_1	chr12	-	20	0	0	1	20	124815416	124815397	NA	NA
449059_1	chr4	-	20	0	0	1	20	37246305	37246324	NA	NA
449060_2	chr6	-	20	0	0	1	20	2903714	2903695	NA	NA
449061_1	chr3	-	20	0	0	1	20	47450986	47451005	NA	NA
449062_1	chr6	-	20	0	0	1	20	27858203	27858184	NA	NA
449063_1	chr3	-	20	0	0	1	20	12269587	12269568	NA	NA
449064_1	chr8	-	20	0	0	1	20	63942773	63942754	NA	NA
449065_2	chr16	-	20	0	0	1	20	33963340	33963359	NA	NA
449066_1	chr19	-	20	0	0	1	20	48894701	48894682	NA	NA
449067_1	chrX	-	20	0	0	1	20	49855457	49855476	NA	NA
449068_16	chrX	-	20	0	0	1	20	108297808	108297827	NA	NA
449069_1	chr1	-	20	0	0	1	20	86173387	86173368	NA	NA
449070_1	chr1	-	20	0	0	1	20	149871413	149871432	NA	NA
449071_1	chr11	-	20	0	0	1	20	206011	205992	NA	NA
449072_1	chr11	-	20	0	0	1	20	39205636	39205617	NA	NA
449073_1	chr2	-	20	0	0	1	20	63824666	63824685	NA	NA
449074_1	chr15	-	20	0	0	1	20	31664366	31664385	NA	NA
449075_1	chr11	-	20	0	0	1	20	62302494	62302475	NA	NA
449076_1	chr8	-	20	0	0	1	20	19712499	19712518	NA	NA
449077_1	chr17	-	20	0	0	1	20	79827249	79827230	NA	NA
449078_1	chr14	-	20	0	0	1	20	73822410	73822391	NA	NA
449079_1	chr16	-	20	0	0	1	20	29855867	29855886	NA	NA
449080_1	chr11	-	20	0	0	1	20	85195046	85195065	NA	NA
449081_1	chr2	-	20	0	0	1	20	74399834	74399815	NA	NA
449082_2	chr7	-	20	0	0	1	20	83113520	83113539	NA	NA
449083_1	chr2	-	20	0	0	1	20	198413084	198413103	NA	NA
449084_1	chr7	-	20	0	0	1	20	47323346	47323327	NA	NA
449085_1	chr3	-	20	0	0	1	20	112356894	112356875	NA	NA
449086_1	chr8	-	20	0	0	1	20	21771090	21771109	NA	NA
449087_1	chr11	-	20	0	0	1	20	62340090	62340071	NA	NA
449088_1	chr17	-	20	0	0	1	20	62499370	62499351	NA	NA
449089_1	chr10	-	20	0	0	1	20	69524325	69524344	NA	NA
449090_1	chr8	-	20	0	0	1	20	11696086	11696105	NA	NA
449091_1	chr1	-	20	0	0	1	20	8925453	8925434	NA	NA
449092_1	chr1	-	20	0	0	1	20	103544355	103544336	NA	NA
449093_1	chr17	-	20	0	0	1	20	41847035	41847016	NA	NA
449094_1	chr20	-	20	0	0	1	20	16721496	16721515	NA	NA
449095_1	chr19	-	20	0	0	1	20	47646778	47646797	NA	NA
449096_1	chr1	-	20	0	0	1	20	10726102	10726121	NA	NA
449097_1	chr21	-	20	0	0	1	20	9827205	9827224	NA	NA
449098_1	chr5	-	20	0	0	1	20	141257704	141257685	NA	NA
449099_1	chr1	-	20	0	0	1	20	55188379	55188398	NA	NA
449100_1	chrX	-	20	0	0	1	20	153193567	153193586	NA	NA
449101_1	chr2	-	20	0	0	1	20	113497478	113497497	NA	NA
449102_13	chr12	-	20	0	0	1	20	127650517	127650498	NA	NA
449103_1	chr8	-	20	0	0	1	20	6680556	6680575	NA	NA
449104_1	chr10	-	20	0	0	1	20	79795349	79795368	NA	NA
449105_1	chr1	-	20	0	0	1	20	46049820	46049839	NA	NA
449106_1	chr12	-	20	0	0	1	20	49521835	49521816	NA	NA
449107_2	chr6	-	20	0	0	1	20	27271628	27271609	NA	NA
449108_1	chr12	-	20	0	0	1	20	56994544	56994525	NA	NA
449109_2	chr2	-	20	0	0	1	20	133012335	133012316	NA	NA
449110_8	chr12	-	20	0	0	1	20	127650656	127650637	NA	NA
449111_1	chr1	-	20	0	0	1	20	99203879	99203898	NA	NA
449112_1	chr19	-	20	0	0	1	20	50412397	50412378	NA	NA
449113_1	chr7	-	20	0	0	1	20	138774484	138774465	NA	NA
449114_1	chr16	-	20	0	0	1	20	731221	731240	NA	NA
449115_1	chr12	-	20	0	0	1	20	69764492	69764511	NA	NA
449116_1	chr19	-	20	0	0	1	20	57876427	57876446	NA	NA
449117_2	chr2	-	20	0	0	1	20	133012334	133012315	NA	NA
449118_1	chr12	-	20	0	0	1	20	57644819	57644800	NA	NA
449119_1	chr4	-	20	0	0	1	20	146025554	146025573	NA	NA
449120_1	chr2	-	20	0	0	1	20	200323724	200323743	NA	NA
449121_1	chr5	-	20	0	0	1	20	140039351	140039370	NA	NA
449122_1	chr7	-	20	0	0	1	20	28219085	28219104	NA	NA
449123_1	chr2	-	20	0	0	1	20	232326664	232326645	NA	NA
449124_1	chr11	-	20	0	0	1	20	2950642	2950623	NA	NA
449125_1	chr22	-	20	0	0	1	20	31741445	31741426	NA	NA
449126_5	chr16	-	20	0	0	1	20	33965559	33965578	NA	NA
449127_1	chr19	-	20	0	0	1	20	49121124	49121105	NA	NA
449128_1	chr5	-	20	0	0	1	20	151180361	151180380	NA	NA
449129_1	chr1	-	20	0	0	1	20	229762060	229762079	NA	NA
449130_1	chr16	-	20	0	0	1	20	33963080	33963099	NA	NA
449131_1	chr14	-	20	0	0	1	20	24702493	24702512	NA	NA
449132_1	chr2	-	20	0	0	1	20	37873876	37873857	NA	NA
449133_1	chr5	-	20	0	0	1	20	68660782	68660763	NA	NA
449134_1	chr6	-	20	0	0	1	20	108326281	108326262	NA	NA
449135_1	chr1	-	20	0	0	1	20	62902561	62902580	NA	NA
449136_1	chr11	-	20	0	0	1	20	85195163	85195182	NA	NA
449137_1	chr7	-	20	0	0	1	20	6066551	6066532	NA	NA
449138_1	chr19	-	20	0	0	1	20	10502242	10502223	NA	NA
449139_1	chr12	-	20	0	0	1	20	133405446	133405427	NA	NA
449140_1	chr22	-	20	0	0	1	20	38221482	38221501	NA	NA
449141_1	chr17	-	20	0	0	1	20	40491407	40491388	NA	NA
449142_1	chr11	-	20	0	0	1	20	134115424	134115443	NA	NA
449143_1	chr10	-	20	0	0	1	20	91177094	91177113	NA	NA
449144_4	chr21	-	20	0	0	1	20	9827013	9827032	NA	NA
449145_1	chrX	-	20	0	0	1	20	108297811	108297830	NA	NA
449146_1	chr19	-	20	0	0	1	20	39926344	39926325	NA	NA
449147_1	chr1	-	20	0	0	1	20	151156945	151156926	NA	NA
449148_1	chr6	-	20	0	0	1	20	44219581	44219600	NA	NA
449149_1	chr9	-	20	0	0	1	20	127266935	127266916	NA	NA
449150_1	chr11	-	20	0	0	1	20	65623526	65623507	NA	NA
449151_1	chr3	-	20	0	0	1	20	47823222	47823203	NA	NA
449152_1	chr2	-	20	0	0	1	20	132571128	132571109	NA	NA
449153_1	chr17	-	20	0	0	1	20	47074929	47074948	NA	NA
449154_1	chr16	-	20	0	0	1	20	290115	290096	NA	NA
449155_1	chr1	-	20	0	0	1	20	32645817	32645836	NA	NA
449156_1	chr10	-	20	0	0	1	20	71905963	71905944	NA	NA
449157_1	chr7	-	20	0	0	1	20	99662109	99662128	NA	NA
449158_1	chr16	-	20	0	0	1	20	33963344	33963363	NA	NA
449159_1	chr2	-	20	0	0	1	20	27294323	27294304	NA	NA
449160_1	chr4	-	20	0	0	1	20	158057648	158057667	NA	NA
449161_1	chr14	-	20	0	0	1	20	21101173	21101192	NA	NA
449162_1	chr2	-	20	0	0	1	20	10262941	10262960	NA	NA
449163_1	chr2	-	20	0	0	1	20	10924433	10924414	NA	NA
449164_2	chr1	-	20	0	0	1	20	161163813	161163794	NA	NA
449165_1	chr19	-	20	0	0	1	20	46351035	46351016	NA	NA
449166_1	chr6	-	20	0	0	1	20	170819850	170819831	NA	NA
449167_1	chr2	-	20	0	0	1	20	241569367	241569386	NA	NA
449168_29	chr11	-	20	0	0	1	20	78369102	78369121	NA	NA
449169_1	chr1	-	20	0	0	1	20	35247486	35247505	NA	NA
449170_1	chr16	-	20	0	0	1	20	19556184	19556203	NA	NA
449171_1	chr4	-	20	0	0	1	20	30724223	30724242	NA	NA
449172_1	chr16	-	20	0	0	1	20	33963349	33963368	NA	NA
449173_1	chr17	-	20	0	0	1	20	79378257	79378276	NA	NA
449174_1	chr1	-	20	0	0	1	20	153507228	153507209	NA	NA
449175_1	chr17	-	20	0	0	1	20	40714305	40714324	NA	NA
449176_1	chr18	-	20	0	0	1	20	19418426	19418445	NA	NA
449177_1	chr12	-	20	0	0	1	20	127650917	127650898	NA	NA
449178_1	chr14	-	20	0	0	1	20	98642404	98642423	NA	NA
449179_1	chr7	-	20	0	0	1	20	148712017	148711998	NA	NA
449180_18	chr2	-	20	0	0	1	20	71565815	71565796	NA	NA
449181_3	chr16	-	20	0	0	1	20	33963348	33963367	NA	NA
449182_1	chr1	-	20	0	0	1	20	22516100	22516081	NA	NA
449183_1	chr3	-	20	0	0	1	20	33038794	33038775	NA	NA
449184_1	chr22	-	20	0	0	1	20	42486638	42486619	NA	NA
449185_1	chr7	-	20	0	0	1	20	75692837	75692856	NA	NA
449186_1	chr19	-	20	0	0	1	20	36365421	36365440	NA	NA
449187_1	chr18	-	20	0	0	1	20	66346721	66346702	NA	NA
449188_1	chr16	-	20	0	0	1	20	2483019	2483038	NA	NA
449189_1	chr12	-	20	0	0	1	20	57624665	57624684	NA	NA
449190_1	chr19	-	20	0	0	1	20	7747145	7747164	NA	NA
449191_1	chr2	-	20	0	0	1	20	180858184	180858165	NA	NA
449192_1	chr12	-	20	0	0	1	20	40895384	40895365	NA	NA
449193_1	chr10	-	20	0	0	1	20	43524052	43524033	NA	NA
449194_12	chr19	-	20	0	0	1	20	24185250	24185231	NA	NA
449195_1	chr2	-	20	0	0	1	20	55277412	55277393	NA	NA
449196_1	chr5	-	20	0	0	1	20	93159892	93159873	NA	NA
449197_1	chr15	-	20	0	0	1	20	101747967	101747948	NA	NA
449198_1	chr7	-	20	0	0	1	20	155165022	155165041	NA	NA
449199_1	chr16	-	20	0	0	1	20	47292643	47292624	NA	NA
449200_1	chr9	-	20	0	0	1	20	118358703	118358684	NA	NA
449201_1	chr5	-	20	0	0	1	20	72874859	72874878	NA	NA
449202_1	chr11	-	20	0	0	1	20	111637066	111637047	NA	NA
449203_1	chr4	-	20	0	0	1	20	53579680	53579699	NA	NA
449204_1	chr19	-	20	0	0	1	20	40478091	40478110	NA	NA
449205_1	chr11	-	20	0	0	1	20	24181086	24181067	NA	NA
449206_2	chr5	-	20	0	0	1	20	149682000	149682019	NA	NA
449207_1	chr1	-	20	0	0	1	20	59248727	59248708	NA	NA
449208_1	chr6	-	20	0	0	1	20	33385359	33385340	NA	NA
449209_1	chr4	-	20	0	0	1	20	177143534	177143515	NA	NA
449210_1	chr16	-	20	0	0	1	20	49526429	49526410	NA	NA
449211_1	chr18	-	20	0	0	1	20	66348273	66348254	NA	NA
449212_1	chr17	-	20	0	0	1	20	80477803	80477822	NA	NA
449213_1	chr2	-	20	0	0	1	20	217525335	217525354	NA	NA
449214_1	chr19	-	20	0	0	1	20	38573426	38573445	NA	NA
449215_1	chr3	-	20	0	0	1	20	185655768	185655749	NA	NA
449216_1	chr8	-	20	0	0	1	20	23156429	23156410	NA	NA
449217_1	chr9	-	20	0	0	1	20	130270752	130270733	NA	NA
449218_1	chr19	-	20	0	0	1	20	58839065	58839084	NA	NA
449219_2	chr6	-	20	0	0	1	20	44393848	44393867	NA	NA
449220_1	chr17	-	20	0	0	1	20	36621367	36621386	NA	NA
449221_1	chr11	-	20	0	0	1	20	95568519	95568500	NA	NA
449222_6	chr16	-	20	0	0	1	20	49599353	49599372	NA	NA
449223_1	chr14	-	20	0	0	1	20	69723820	69723801	NA	NA
449224_1	chr14	-	20	0	0	1	20	103986488	103986469	NA	NA
449225_1	chr22	-	20	0	0	1	20	29945142	29945123	NA	NA
449226_1	chr2	-	20	0	0	1	20	189856227	189856246	NA	NA
449227_1	chr1	-	20	0	0	1	20	11188605	11188586	NA	NA
449228_1	chr19	-	20	0	0	1	20	55897974	55897993	NA	NA
449229_1	chr21	-	20	0	0	1	20	9827293	9827312	NA	NA
449230_1	chr7	-	20	0	0	1	20	128495315	128495334	NA	NA
449231_1	chr17	-	20	0	0	1	20	1562021	1562002	NA	NA
449232_1	chr7	-	20	0	0	1	20	142207017	142206998	NA	NA
449233_2	chr12	-	20	0	0	1	20	74853180	74853161	NA	NA
449234_1	chr11	-	20	0	0	1	20	134014749	134014768	NA	NA
449235_2	chr7	-	20	0	0	1	20	5256263	5256282	NA	NA
449236_1	chr2	-	20	0	0	1	20	74173980	74173999	NA	NA
449237_1	chr17	-	20	0	0	1	20	4701375	4701394	NA	NA
449238_1	chr21	-	20	0	0	1	20	9827292	9827311	NA	NA
449239_1	chr9	-	20	0	0	1	20	95051691	95051672	NA	NA
449240_1	chr1	-	20	0	0	1	20	153614826	153614845	NA	NA
449241_1	chr11	-	20	0	0	1	20	61584226	61584207	NA	NA
449242_1	chrX	-	20	0	0	1	20	129200931	129200912	NA	NA
449243_1	chr17	-	20	0	0	1	20	74734106	74734125	NA	NA
449244_1	chr1	-	20	0	0	1	20	215740738	215740757	NA	NA
449245_1	chr3	-	20	0	0	1	20	184605405	184605386	NA	NA
449246_1	chr7	-	20	0	0	1	20	5643012	5643031	NA	NA
449247_1	chr4	-	20	0	0	1	20	17625266	17625285	NA	NA
449248_1	chr4	-	20	0	0	1	20	996158	996177	NA	NA
449249_1	chr4	-	20	0	0	1	20	71891540	71891559	NA	NA
449250_1	chr17	-	20	0	0	1	20	61904241	61904222	NA	NA
449251_1	chr5	-	20	0	0	1	20	179143235	179143254	NA	NA
449252_1	chr5	-	20	0	0	1	20	149826466	149826447	NA	NA
449253_1	chr2	-	20	0	0	1	20	44589182	44589201	NA	NA
449254_1	chr8	-	20	0	0	1	20	48776002	48775983	NA	NA
449255_1	chr14	-	20	0	0	1	20	21852067	21852048	NA	NA
449256_1	chrM	-	20	0	0	1	20	3099	3118	NA	NA
449257_1	chr8	-	20	0	0	1	20	119124330	119124311	NA	NA
449258_1	chr2	-	20	0	0	1	20	241728678	241728659	NA	NA
449259_1	chr11	-	20	0	0	1	20	62398614	62398595	NA	NA
449260_2	chr21	-	20	0	0	1	20	9827296	9827315	NA	NA
449261_1	chr22	-	20	0	0	1	20	47116900	47116881	NA	NA
449262_1	chr22	-	20	0	0	1	20	38318083	38318102	NA	NA
449263_1	chrX	-	20	0	0	1	20	140270998	140270979	NA	NA
449264_4	chr5	-	20	0	0	1	20	38557051	38557070	NA	NA
449265_1	chr2	-	20	0	0	1	20	216229663	216229644	NA	NA
449266_1	chr16	-	20	0	0	1	20	87694333	87694352	NA	NA
449267_1	chr2	-	20	0	0	1	20	223161839	223161820	NA	NA
449268_1	chr7	-	20	0	0	1	20	54825280	54825261	NA	NA
449269_1	chr11	-	20	0	0	1	20	35201887	35201906	NA	NA
449270_1	chr3	-	20	0	0	1	20	49066739	49066720	NA	NA
449271_1	chr7	-	20	0	0	1	20	99696996	99696977	NA	NA
449272_1	chr6	-	20	0	0	1	20	32138811	32138792	NA	NA
449273_1	chr9	-	20	0	0	1	20	99228031	99228050	NA	NA
449274_1	chrX	-	20	0	0	1	20	67719046	67719027	NA	NA
449275_1	chr22	-	20	0	0	1	20	22313539	22313520	NA	NA
449276_1	chr2	-	20	0	0	1	20	26467466	26467447	NA	NA
449277_1	chr4	-	20	0	0	1	20	6711285	6711266	NA	NA
449278_1	chr19	-	20	0	0	1	20	14231437	14231418	NA	NA
449279_1	chr2	-	20	0	0	1	20	190927417	190927398	NA	NA
449280_1	chr11	-	20	0	0	1	20	810311	810330	NA	NA
449281_1	chr1	-	20	0	0	1	20	151374067	151374086	NA	NA
449282_1	chr2	-	20	0	0	1	20	86302277	86302258	NA	NA
449283_1	chr7	-	20	0	0	1	20	98257809	98257828	NA	NA
449284_1	chr19	-	20	0	0	1	20	24185381	24185362	NA	NA
449285_1	chr20	-	20	0	0	1	20	35856977	35856996	NA	NA
449286_1	chr2	-	20	0	0	1	20	233740543	233740562	NA	NA
449287_1	chr19	-	20	0	0	1	20	10257353	10257372	NA	NA
449288_1	chr12	-	20	0	0	1	20	123830101	123830082	NA	NA
449289_1	chr1	-	20	0	0	1	20	33478854	33478835	NA	NA
449290_1	chr11	-	20	0	0	1	20	92531156	92531175	NA	NA
449291_1	chr2	-	20	0	0	1	20	223096957	223096938	NA	NA
449292_1	chr13	-	20	0	0	1	20	45563748	45563767	NA	NA
449293_1	chr6	-	20	0	0	1	20	152614808	152614789	NA	NA
449294_5	chr21	-	20	0	0	1	20	9827055	9827074	NA	NA
449295_1	chrX	-	20	0	0	1	20	38664554	38664573	NA	NA
449296_1	chr19	-	20	0	0	1	20	19015629	19015610	NA	NA
449297_1	chrX	-	20	0	0	1	20	91369399	91369380	NA	NA
449298_1	chr6	-	20	0	0	1	20	36651900	36651919	NA	NA
449299_1	chr20	-	20	0	0	1	20	3784168	3784187	NA	NA
449300_1	chrX	-	20	0	0	1	20	47072197	47072216	NA	NA
449301_1	chr5	-	20	0	0	1	20	140855589	140855608	NA	NA
449302_5	chr4	-	20	0	0	1	20	2263795	2263776	NA	NA
449303_1	chr11	-	20	0	0	1	20	48047571	48047590	NA	NA
449304_1	chr2	-	20	0	0	1	20	169313055	169313074	NA	NA
449305_1	chr4	-	20	0	0	1	20	6733528	6733547	NA	NA
449306_1	chr12	-	20	0	0	1	20	123915161	123915142	NA	NA
449307_1	chr1	-	20	0	0	1	20	29041187	29041206	NA	NA
449308_1	chr15	-	20	0	0	1	20	44084527	44084546	NA	NA
449309_1	chr1	-	20	0	0	1	20	39494411	39494430	NA	NA
449310_1	chr2	-	20	0	0	1	20	85280386	85280405	NA	NA
449311_1	chr9	-	20	0	0	1	20	110726275	110726256	NA	NA
449312_1	chr11	-	20	0	0	1	20	67166040	67166021	NA	NA
449313_1	chr6	-	20	0	0	1	20	27775984	27776003	NA	NA
449314_1	chr4	-	20	0	0	1	20	83348441	83348422	NA	NA
449315_1	chr6	-	20	0	0	1	20	143268787	143268806	NA	NA
449316_69	chr16	-	20	0	0	1	20	47538728	47538747	NA	NA
449317_1	chr19	-	20	0	0	1	20	33870140	33870159	NA	NA
449318_1	chrX	-	20	0	0	1	20	102508597	102508578	NA	NA
449319_1	chr8	-	20	0	0	1	20	106809881	106809862	NA	NA
449320_1	chr19	-	20	0	0	1	20	49219979	49219960	NA	NA
449321_1	chrY	-	20	0	0	1	20	10036575	10036594	NA	NA
449322_1	chr17	-	20	0	0	1	20	66511535	66511554	NA	NA
449323_1	chr4	-	20	0	0	1	20	142147959	142147978	NA	NA
449324_1	chr4	-	20	0	0	1	20	78186524	78186543	NA	NA
449325_2	chr17	-	20	0	0	1	20	33478263	33478244	NA	NA
449326_1	chr7	-	20	0	0	1	20	2671705	2671724	NA	NA
449327_1	chr2	-	20	0	0	1	20	201171625	201171644	NA	NA
449328_1	chr13	-	20	0	0	1	20	26828513	26828532	NA	NA
449329_1	chr5	-	20	0	0	1	20	10391716	10391735	NA	NA
449330_1	chr9	-	20	0	0	1	20	86297895	86297876	NA	NA
449331_1	chr17	-	20	0	0	1	20	71308427	71308446	NA	NA
449332_1	chr7	-	20	0	0	1	20	100465485	100465504	NA	NA
449333_1	chr11	-	20	0	0	1	20	15136521	15136540	NA	NA
449334_1	chr2	-	20	0	0	1	20	201680180	201680199	NA	NA
449335_1	chr5	-	20	0	0	1	20	179405262	179405243	NA	NA
449336_1	chrY	-	20	0	0	1	20	10037853	10037872	NA	NA
449337_1	chr8	-	20	0	0	1	20	26240629	26240648	NA	NA
449338_1	chr6	-	20	0	0	1	20	30166586	30166567	NA	NA
449339_1	chr1	-	20	0	0	1	20	32504168	32504187	NA	NA
449340_1	chrM	-	20	0	0	1	20	2334	2353	NA	NA
449341_1	chr3	-	20	0	0	1	20	185643390	185643371	NA	NA
449342_1	chr18	-	20	0	0	1	20	9117837	9117856	NA	NA
449343_1	chr17	-	20	0	0	1	20	79226054	79226035	NA	NA
449344_2	chr1	-	20	0	0	1	20	161954014	161953995	NA	NA
449345_1	chrX	-	20	0	0	1	20	20130614	20130633	NA	NA
449346_1	chr17	-	20	0	0	1	20	65720230	65720249	NA	NA
449347_1	chr21	-	20	0	0	1	20	38844996	38845015	NA	NA
449348_1	chr10	-	20	0	0	1	20	112773322	112773341	NA	NA
449349_1	chr1	-	20	0	0	1	20	149857967	149857948	NA	NA
449350_1	chr17	-	20	0	0	1	20	33968966	33968985	NA	NA
449351_1	chr2	-	20	0	0	1	20	201943609	201943628	NA	NA
449352_1	chr13	-	20	0	0	1	20	98674013	98674032	NA	NA
449353_1	chr6	-	20	0	0	1	20	27775683	27775664	NA	NA
449354_1	chr7	-	20	0	0	1	20	99697682	99697663	NA	NA
449355_1	chr9	-	20	0	0	1	20	19378749	19378730	NA	NA
449356_1	chr20	-	20	0	0	1	20	35857074	35857093	NA	NA
449357_7	chr21	-	20	0	0	1	20	9827297	9827316	NA	NA
449358_1	chr2	-	20	0	0	1	20	86422486	86422467	NA	NA
449359_3	chr2	-	20	0	0	1	20	73340075	73340056	NA	NA
449360_1	chr11	-	20	0	0	1	20	85195256	85195275	NA	NA
449361_1	chr9	-	20	0	0	1	20	35685449	35685430	NA	NA
449362_1	chr12	-	20	0	0	1	20	6618886	6618905	NA	NA
449363_1	chr12	-	20	0	0	1	20	60878053	60878034	NA	NA
449364_1	chr3	-	20	0	0	1	20	139078593	139078574	NA	NA
449365_1	chr11	-	20	0	0	1	20	50221632	50221613	NA	NA
449366_1	chr2	-	20	0	0	1	20	189873772	189873791	NA	NA
449367_2	chr10	-	20	0	0	1	20	17275831	17275850	NA	NA
449368_2	chr1	-	20	0	0	1	20	115561450	115561469	NA	NA
449369_1	chr10	-	20	0	0	1	20	81053143	81053162	NA	NA
449370_1	chrX	-	20	0	0	1	20	100667457	100667476	NA	NA
449371_1	chr3	-	20	0	0	1	20	55521582	55521563	NA	NA
449372_2	chr9	-	20	0	0	1	20	129623231	129623250	NA	NA
449373_1	chr22	-	20	0	0	1	20	43011326	43011345	NA	NA
449374_3	chr21	-	20	0	0	1	20	9827165	9827184	NA	NA
449375_1	chr1	-	20	0	0	1	20	39757614	39757633	NA	NA
449376_1	chr7	-	20	0	0	1	20	99686652	99686671	NA	NA
449377_1	chr11	-	20	0	0	1	20	75479528	75479547	NA	NA
449378_1	chr6	-	20	0	0	1	20	26022104	26022123	NA	NA
449379_1	chr3	-	20	0	0	1	20	79723180	79723161	NA	NA
449380_1	chr11	-	20	0	0	1	20	44639877	44639896	NA	NA
449381_1	chr8	-	20	0	0	1	20	144662899	144662880	NA	NA
449382_1	chr5	-	20	0	0	1	20	75987375	75987394	NA	NA
449383_1	chr7	-	20	0	0	1	20	115891822	115891841	NA	NA
449384_1	chr22	-	20	0	0	1	20	36698653	36698634	NA	NA
449385_1	chr6	-	20	0	0	1	20	24651145	24651126	NA	NA
449386_1	chr11	-	20	0	0	1	20	2159563	2159544	NA	NA
449387_1	chr16	-	20	0	0	1	20	31201383	31201402	NA	NA
449388_1	chr2	-	20	0	0	1	20	65432255	65432274	NA	NA
449389_1	chr1	-	20	0	0	1	20	42744308	42744289	NA	NA
449390_3	chr6	-	20	0	0	1	20	28626039	28626020	NA	NA
449391_1	chr2	-	20	0	0	1	20	189864274	189864293	NA	NA
449392_1	chr2	-	20	0	0	1	20	201729317	201729298	NA	NA
449393_1	chr7	-	20	0	0	1	20	79764362	79764381	NA	NA
449394_1	chr21	-	20	0	0	1	20	47628189	47628170	NA	NA
449395_1	chr7	-	20	0	0	1	20	44874128	44874109	NA	NA
449396_1	chr21	-	20	0	0	1	20	9827247	9827266	NA	NA
449397_1	chr22	-	20	0	0	1	20	41460268	41460287	NA	NA
449398_1	chr8	-	20	0	0	1	20	6566219	6566238	NA	NA
449399_1	chr21	-	20	0	0	1	20	9827112	9827131	NA	NA
449400_1	chr15	-	20	0	0	1	20	25049423	25049442	NA	NA
449401_1	chr11	-	20	0	0	1	20	47463464	47463445	NA	NA
449402_1	chr17	-	20	0	0	1	20	33478267	33478248	NA	NA
449403_1	chr5	-	20	0	0	1	20	154135207	154135226	NA	NA
449404_1	chr3	-	20	0	0	1	20	44853761	44853780	NA	NA
449405_1	chr2	-	20	0	0	1	20	216300601	216300582	NA	NA
449406_1	chr9	-	20	0	0	1	20	139757859	139757840	NA	NA
449407_1	chr2	-	20	0	0	1	20	85554166	85554147	NA	NA
449408_1	chr5	-	20	0	0	1	20	94852104	94852085	NA	NA
449409_1	chr2	-	20	0	0	1	20	166758341	166758322	NA	NA
449410_1	chr12	-	20	0	0	1	20	3673239	3673258	NA	NA
449411_1	chr6	-	20	0	0	1	20	31830549	31830530	NA	NA
449412_1	chr12	-	20	0	0	1	20	111180483	111180464	NA	NA
449413_1	chr22	-	20	0	0	1	20	38201656	38201675	NA	NA
449414_1	chr6	-	20	0	0	1	20	44221290	44221309	NA	NA
449415_1	chr16	-	20	0	0	1	20	74694979	74694960	NA	NA
449416_1	chr17	-	20	0	0	1	20	75494611	75494630	NA	NA
449417_1	chr6	-	20	0	0	1	20	44221091	44221110	NA	NA
449418_1	chr2	-	20	0	0	1	20	70123577	70123596	NA	NA
449419_1	chr3	-	20	0	0	1	20	52720814	52720833	NA	NA
449420_1	chr6	-	20	0	0	1	20	105627730	105627711	NA	NA
449421_1	chr13	-	20	0	0	1	20	90604542	90604523	NA	NA
449422_1	chr1	-	20	0	0	1	20	168201128	168201147	NA	NA
449423_1	chr19	-	20	0	0	1	20	8056668	8056649	NA	NA
449424_1	chr5	-	20	0	0	1	20	82500691	82500710	NA	NA
449425_1	chr1	-	20	0	0	1	20	45243396	45243415	NA	NA
449426_1	chr1	-	20	0	0	1	20	44432661	44432680	NA	NA
449427_1	chr7	-	20	0	0	1	20	98998028	98998009	NA	NA
449428_1	chr11	-	20	0	0	1	20	47664018	47663999	NA	NA
449429_1	chr7	-	20	0	0	1	20	24325006	24325025	NA	NA
449430_2	chr11	-	20	0	0	1	20	46402350	46402369	NA	NA
449431_1	chr8	-	20	0	0	1	20	53001642	53001661	NA	NA
449432_1	chr13	-	20	0	0	1	20	109371832	109371813	NA	NA
449433_1	chr10	-	20	0	0	1	20	17271820	17271839	NA	NA
449434_1	chr17	-	20	0	0	1	20	66038429	66038448	NA	NA
449435_1	chr21	-	20	0	0	1	20	9827149	9827168	NA	NA
449436_1	chr21	-	20	0	0	1	20	37162863	37162882	NA	NA
449437_7	chr16	-	20	0	0	1	20	47538729	47538748	NA	NA
449438_1	chr11	-	20	0	0	1	20	67800421	67800440	NA	NA
449439_1	chr1	-	20	0	0	1	20	8926438	8926419	NA	NA
449440_5	chr5	-	20	0	0	1	20	71146857	71146876	NA	NA
449441_1	chr22	-	20	0	0	1	20	36334941	36334922	NA	NA
449442_1	chr6	-	20	0	0	1	20	26199865	26199884	NA	NA
449443_1	chr10	-	20	0	0	1	20	33208909	33208890	NA	NA
449444_1	chr1	-	20	0	0	1	20	225600329	225600310	NA	NA
449445_1	chr20	-	20	0	0	1	20	30865806	30865787	NA	NA
449446_1	chr2	-	20	0	0	1	20	230045523	230045504	NA	NA
449447_1	chr9	-	20	0	0	1	20	135201808	135201789	NA	NA
449448_1	chr22	-	20	0	0	1	20	30730620	30730601	NA	NA
449449_10	chr12	-	20	0	0	1	20	127650659	127650640	NA	NA
449450_1	chr16	-	20	0	0	1	20	84651537	84651518	NA	NA
449451_1	chr7	-	20	0	0	1	20	94047595	94047614	NA	NA
449452_1	chr3	-	20	0	0	1	20	19859938	19859957	NA	NA
449453_1	chr2	-	20	0	0	1	20	230045584	230045565	NA	NA
449454_1	chrY	-	20	0	0	1	20	10037861	10037880	NA	NA
449455_1	chr7	-	20	0	0	1	20	77325783	77325802	NA	NA
449456_1	chr1	-	20	0	0	1	20	226595658	226595639	NA	NA
449457_2	chr5	-	20	0	0	1	20	80256485	80256466	NA	NA
449458_1	chr16	-	20	0	0	1	20	2563923	2563942	NA	NA
449459_1	chr1	-	20	0	0	1	20	32180710	32180691	NA	NA
449460_1	chr21	-	20	0	0	1	20	9827161	9827180	NA	NA
449461_1	chr4	-	20	0	0	1	20	166259062	166259081	NA	NA
449462_1	chr15	-	20	0	0	1	20	71211492	71211511	NA	NA
449463_1	chr4	-	20	0	0	1	20	92706349	92706368	NA	NA
449464_1	chr5	-	20	0	0	1	20	74646679	74646698	NA	NA
449465_1	chr20	-	20	0	0	1	20	48329696	48329677	NA	NA
449466_1	chr19	-	20	0	0	1	20	36631925	36631944	NA	NA
449467_1	chr6	-	20	0	0	1	20	136599411	136599392	NA	NA
449468_1	chr12	-	20	0	0	1	20	123926361	123926342	NA	NA
449469_1	chr10	-	20	0	0	1	20	17275796	17275815	NA	NA
449470_1	chr2	-	20	0	0	1	20	230045540	230045521	NA	NA
449471_2	chr12	-	20	0	0	1	20	127650655	127650636	NA	NA
449472_1	chr10	-	20	0	0	1	20	95155922	95155903	NA	NA
449473_1	chr21	-	20	0	0	1	20	9827379	9827398	NA	NA
449474_3	chr2	-	20	0	0	1	20	71565814	71565795	NA	NA
449475_1	chr9	-	20	0	0	1	20	35060821	35060802	NA	NA
449476_1	chr19	-	20	0	0	1	20	33878932	33878913	NA	NA
449477_1	chr10	-	20	0	0	1	20	102289156	102289137	NA	NA
449478_10	chr8	-	20	0	0	1	20	36793974	36793955	NA	NA
449479_1	chr19	-	20	0	0	1	20	44047576	44047557	NA	NA
449480_1	chr19	-	20	0	0	1	20	1040865	1040846	NA	NA
449481_2	chr17	-	20	0	0	1	20	8649433	8649414	NA	NA
449482_1	chr10	-	20	0	0	1	20	112063276	112063257	NA	NA
449483_1	chr2	-	20	0	0	1	20	189860465	189860484	NA	NA
449484_1	chr19	-	20	0	0	1	20	14629147	14629128	NA	NA
449485_7	chr2	-	20	0	0	1	20	230045583	230045564	NA	NA
449486_1	chr10	-	20	0	0	1	20	109065182	109065201	NA	NA
449487_1	chrM	-	20	0	0	1	20	3102	3121	NA	NA
449488_5	chr11	-	20	0	0	1	20	15136522	15136541	NA	NA
449489_1	chr1	-	20	0	0	1	20	183102562	183102581	NA	NA
449490_1	chr20	-	20	0	0	1	20	43514477	43514496	NA	NA
449491_1	chr7	-	20	0	0	1	20	99691898	99691879	NA	NA
449492_1	chr17	-	20	0	0	1	20	79478045	79478026	NA	NA
449493_4	chr22	-	20	0	0	1	20	49923453	49923472	NA	NA
449494_1	chrX	-	20	0	0	1	20	118784038	118784019	NA	NA
449495_1	chr8	-	20	0	0	1	20	32405888	32405907	NA	NA
449496_1	chr17	-	20	0	0	1	20	65907844	65907863	NA	NA
449497_1	chr5	-	20	0	0	1	20	81573610	81573591	NA	NA
449498_1	chr20	-	20	0	0	1	20	47685275	47685294	NA	NA
449499_1	chr3	-	20	0	0	1	20	124952658	124952639	NA	NA
449500_1	chr19	-	20	0	0	1	20	34895377	34895396	NA	NA
449501_1	chr11	-	20	0	0	1	20	125201752	125201771	NA	NA
449502_1	chr1	-	20	0	0	1	20	39457049	39457068	NA	NA
449503_2	chr19	-	20	0	0	1	20	18420699	18420718	NA	NA
449504_1	chr12	-	20	0	0	1	20	49073473	49073454	NA	NA
449505_1	chr15	-	20	0	0	1	20	99798556	99798575	NA	NA
449506_1	chr16	-	20	0	0	1	20	89627741	89627760	NA	NA
449507_1	chr7	-	20	0	0	1	20	107542187	107542206	NA	NA
449508_1	chr6	-	20	0	0	1	20	70577063	70577082	NA	NA
449509_1	chr2	-	20	0	0	1	20	55844727	55844708	NA	NA
449510_2	chr1	-	20	0	0	1	20	45980291	45980272	NA	NA
449511_1	chr2	-	20	0	0	1	20	210444766	210444785	NA	NA
449512_1	chr14	-	20	0	0	1	20	52458099	52458118	NA	NA
449513_1	chr18	-	20	0	0	1	20	3451391	3451372	NA	NA
449514_1	chr19	-	20	0	0	1	20	16683552	16683571	NA	NA
449515_1	chr17	-	20	0	0	1	20	18010482	18010501	NA	NA
449516_1	chr22	-	20	0	0	1	20	35415282	35415301	NA	NA
449517_1	chr5	-	20	0	0	1	20	126146021	126146040	NA	NA
449518_1	chr2	-	20	0	0	1	20	115353507	115353526	NA	NA
449519_1	chr11	-	20	0	0	1	20	68452441	68452422	NA	NA
449520_1	chr5	-	20	0	0	1	20	71146743	71146762	NA	NA
449521_1	chr2	-	20	0	0	1	20	99398985	99399004	NA	NA
449522_1	chr11	-	20	0	0	1	20	64537874	64537855	NA	NA
449523_1	chr2	-	20	0	0	1	20	98262586	98262605	NA	NA
449524_1	chr5	-	20	0	0	1	20	25910559	25910578	NA	NA
449525_1	chr22	-	20	0	0	1	20	41574364	41574383	NA	NA
449526_1	chr19	-	20	0	0	1	20	40331313	40331294	NA	NA
449527_1	chr5	-	20	0	0	1	20	57754281	57754262	NA	NA
449528_1	chr19	-	20	0	0	1	20	18420619	18420600	NA	NA
449529_1	chr16	-	20	0	0	1	20	47538740	47538759	NA	NA
449530_1	chr3	-	20	0	0	1	20	53907149	53907130	NA	NA
449531_1	chr22	-	20	0	0	1	20	21965297	21965316	NA	NA
449532_1	chr1	-	20	0	0	1	20	28559480	28559461	NA	NA
449533_1	chr11	-	20	0	0	1	20	17099001	17098982	NA	NA
449534_1	chr1	-	20	0	0	1	20	93300371	93300390	NA	NA
449535_1	chr17	-	20	0	0	1	20	58603522	58603503	NA	NA
449536_1	chr10	-	20	0	0	1	20	13658496	13658515	NA	NA
449537_1	chr2	-	20	0	0	1	20	48028209	48028228	NA	NA
449538_1	chr7	-	20	0	0	1	20	66410195	66410214	NA	NA
449539_1	chr5	-	20	0	0	1	20	49706752	49706733	NA	NA
449540_1	chr19	-	20	0	0	1	20	4724669	4724650	NA	NA
449541_1	chr4	-	20	0	0	1	20	83748604	83748585	NA	NA
449542_1	chr1	-	20	0	0	1	20	63786941	63786960	NA	NA
449543_1	chr22	-	20	0	0	1	20	38074514	38074533	NA	NA
449544_1	chr1	-	20	0	0	1	20	214820462	214820481	NA	NA
449545_1	chr17	-	20	0	0	1	20	79782206	79782187	NA	NA
449546_1	chr10	-	20	0	0	1	20	17277186	17277205	NA	NA
449547_1	chrY	-	20	0	0	1	20	10037856	10037875	NA	NA
449548_1	chr4	-	20	0	0	1	20	151223854	151223835	NA	NA
449549_1	chr5	-	20	0	0	1	20	180668627	180668608	NA	NA
449550_1	chr2	-	20	0	0	1	20	152266586	152266605	NA	NA
449551_1	chr5	-	20	0	0	1	20	138700387	138700406	NA	NA
449552_1	chr3	-	20	0	0	1	20	113374362	113374343	NA	NA
449553_1	chr4	-	20	0	0	1	20	98970051	98970070	NA	NA
449554_1	chr15	-	20	0	0	1	20	65588469	65588488	NA	NA
449555_1	chr9	-	20	0	0	1	20	125152578	125152597	NA	NA
449556_1	chr7	-	20	0	0	1	20	116166592	116166611	NA	NA
449557_1	chr17	-	20	0	0	1	20	77079112	77079131	NA	NA
449558_1	chr19	-	20	0	0	1	20	47111506	47111525	NA	NA
449559_1	chrX	-	20	0	0	1	20	153763413	153763394	NA	NA
449560_1	chr8	-	20	0	0	1	20	70984436	70984417	NA	NA
449561_1	chr19	-	20	0	0	1	20	24183974	24183955	NA	NA
449562_1	chr18	-	20	0	0	1	20	29126640	29126659	NA	NA
449563_1	chr20	-	20	0	0	1	20	44351082	44351063	NA	NA
449564_1	chr8	-	20	0	0	1	20	145753093	145753074	NA	NA
449565_1	chr7	-	20	0	0	1	20	6064356	6064337	NA	NA
449566_1	chr10	-	20	0	0	1	20	46222749	46222768	NA	NA
449567_1	chr1	-	20	0	0	1	20	204363664	204363683	NA	NA
449568_1	chr19	-	20	0	0	1	20	1585127	1585108	NA	NA
449569_4	chrX	-	20	0	0	1	20	108297807	108297826	NA	NA
449570_1	chr20	-	20	0	0	1	20	4836446	4836427	NA	NA
449571_1	chr2	-	20	0	0	1	20	62115690	62115671	NA	NA
449572_1	chr19	-	20	0	0	1	20	50059836	50059817	NA	NA
449573_1	chr7	-	20	0	0	1	20	138833051	138833070	NA	NA
449574_1	chr3	-	20	0	0	1	20	88263453	88263472	NA	NA
449575_1	chr6	-	20	0	0	1	20	169628297	169628278	NA	NA
449576_1	chrX	-	20	0	0	1	20	135252108	135252127	NA	NA
449577_1	chrX	-	20	0	0	1	20	100667332	100667351	NA	NA
449578_1	chr10	-	20	0	0	1	20	73579626	73579607	NA	NA
449579_1	chr6	-	20	0	0	1	20	27775985	27776004	NA	NA
449580_1	chr16	-	20	0	0	1	20	77926652	77926671	NA	NA
449581_1	chr10	-	20	0	0	1	20	54538318	54538299	NA	NA
449582_1	chr1	-	20	0	0	1	20	206877591	206877610	NA	NA
449583_3	chr5	-	20	0	0	1	20	71146750	71146769	NA	NA
449584_1	chr5	-	20	0	0	1	20	122990816	122990835	NA	NA
449585_1	chr2	-	20	0	0	1	20	133012107	133012088	NA	NA
449586_1	chr9	-	20	0	0	1	20	130430417	130430436	NA	NA
449587_1	chr12	-	20	0	0	1	20	110874453	110874434	NA	NA
449588_1	chr2	-	20	0	0	1	20	188353101	188353082	NA	NA
449589_1	chr19	-	20	0	0	1	20	7601133	7601152	NA	NA
449590_1	chr2	-	20	0	0	1	20	175624239	175624220	NA	NA
449591_1	chr17	-	20	0	0	1	20	76384509	76384528	NA	NA
449592_1	chr14	-	20	0	0	1	20	104129178	104129197	NA	NA
449593_1	chr2	-	20	0	0	1	20	136481808	136481827	NA	NA
449594_1	chr11	-	20	0	0	1	20	65745357	65745338	NA	NA
449595_1	chr3	-	20	0	0	1	20	120054754	120054735	NA	NA
449596_1	chr17	-	20	0	0	1	20	57744239	57744258	NA	NA
449597_1	chr10	-	20	0	0	1	20	6261592	6261611	NA	NA
449598_1	chr19	-	20	0	0	1	20	46190932	46190913	NA	NA
449599_1	chr19	-	20	0	0	1	20	50829744	50829763	NA	NA
449600_1	chr5	-	20	0	0	1	20	121557404	121557385	NA	NA
449601_1	chr19	-	20	0	0	1	20	5609782	5609801	NA	NA
449602_1	chr20	-	20	0	0	1	20	42825959	42825940	NA	NA
449603_1	chr5	-	20	0	0	1	20	44809509	44809528	NA	NA
449604_1	chr3	-	20	0	0	1	20	196663912	196663893	NA	NA
449605_1	chr1	-	20	0	0	1	20	241667436	241667417	NA	NA
449606_1	chr9	-	20	0	0	1	20	131721136	131721155	NA	NA
449607_1	chr7	-	20	0	0	1	20	150872460	150872441	NA	NA
449608_1	chr7	-	20	0	0	1	20	138708647	138708628	NA	NA
449609_1	chr11	-	20	0	0	1	20	504983	504964	NA	NA
449610_1	chr19	-	20	0	0	1	20	35645640	35645659	NA	NA
449611_1	chr8	-	20	0	0	1	20	98788190	98788209	NA	NA
449612_1	chr1	-	20	0	0	1	20	11395163	11395144	NA	NA
449613_1	chr19	-	20	0	0	1	20	1460805	1460824	NA	NA
449614_1	chr9	-	20	0	0	1	20	35057430	35057411	NA	NA
449615_1	chr17	-	20	0	0	1	20	37006646	37006627	NA	NA
449616_1	chr12	-	20	0	0	1	20	20704454	20704473	NA	NA
449617_1	chr5	-	20	0	0	1	20	137909538	137909519	NA	NA
449618_1	chr5	-	20	0	0	1	20	6463130	6463111	NA	NA
449619_38	chr1	-	20	0	0	1	20	10490519	10490538	NA	NA
449620_1	chr5	-	20	0	0	1	20	179126029	179126048	NA	NA
449621_1	chr19	-	20	0	0	1	20	18547516	18547497	NA	NA
449622_1	chr17	-	20	0	0	1	20	75954250	75954269	NA	NA
449623_1	chrM	-	20	0	0	1	20	12276	12295	NA	NA
449624_2	chr2	-	20	0	0	1	20	133039191	133039172	NA	NA
449625_1	chr1	-	20	0	0	1	20	84003428	84003409	NA	NA
449626_1	chr12	-	20	0	0	1	20	56120505	56120486	NA	NA
449627_1	chr12	-	20	0	0	1	20	98987793	98987812	NA	NA
449628_1	chr19	-	20	0	0	1	20	6456509	6456490	NA	NA
449629_1	chr12	-	20	0	0	1	20	69633447	69633466	NA	NA
449630_1	chr4	-	20	0	0	1	20	59032043	59032062	NA	NA
449631_1	chr19	-	20	0	0	1	20	10790526	10790545	NA	NA
449632_1	chr9	-	20	0	0	1	20	105967239	105967220	NA	NA
449633_1	chr8	-	20	0	0	1	20	25295558	25295577	NA	NA
449634_1	chr3	-	20	0	0	1	20	176232888	176232907	NA	NA
449635_1	chr19	-	20	0	0	1	20	11548902	11548921	NA	NA
449636_1	chr2	-	20	0	0	1	20	203241274	203241293	NA	NA
449637_1	chr5	-	20	0	0	1	20	180668628	180668609	NA	NA
449638_1	chr4	-	20	0	0	1	20	186446234	186446215	NA	NA
449639_4	chr10	-	20	0	0	1	20	49863747	49863728	NA	NA
449640_1	chr13	-	20	0	0	1	20	111164456	111164475	NA	NA
449641_1	chr7	-	20	0	0	1	20	38813807	38813788	NA	NA
449642_1	chr20	-	20	0	0	1	20	16712317	16712336	NA	NA
449643_1	chr13	-	20	0	0	1	20	76391306	76391325	NA	NA
449644_1	chr14	-	20	0	0	1	20	100826975	100826956	NA	NA
449645_4	chrY	-	20	0	0	1	20	10037852	10037871	NA	NA
449646_1	chr20	-	20	0	0	1	20	34241589	34241570	NA	NA
449647_1	chr21	-	20	0	0	1	20	9827417	9827436	NA	NA
449648_1	chr22	-	20	0	0	1	20	22899280	22899261	NA	NA
449649_1	chr19	-	20	0	0	1	20	1418199	1418218	NA	NA
449650_1	chr12	-	20	0	0	1	20	62954287	62954306	NA	NA
449651_1	chr5	-	20	0	0	1	20	133393976	133393995	NA	NA
449652_1	chr21	-	20	0	0	1	20	34775853	34775872	NA	NA
449653_1	chr12	-	20	0	0	1	20	80343513	80343494	NA	NA
449654_1	chr16	-	20	0	0	1	20	33963180	33963199	NA	NA
449655_1	chr18	-	20	0	0	1	20	72186275	72186294	NA	NA
449656_1	chr1	-	20	0	0	1	20	49322516	49322535	NA	NA
449657_1	chr10	-	20	0	0	1	20	74167718	74167699	NA	NA
449658_1	chr5	-	20	0	0	1	20	175815487	175815468	NA	NA
449659_1	chr16	-	20	0	0	1	20	20824538	20824557	NA	NA
449660_2	chr5	-	20	0	0	1	20	149016561	149016580	NA	NA
449661_1	chr21	-	20	0	0	1	20	9827148	9827167	NA	NA
449662_1	chr7	-	20	0	0	1	20	43769074	43769055	NA	NA
449663_1	chrX	-	20	0	0	1	20	106243225	106243206	NA	NA
449664_1	chr22	-	20	0	0	1	20	29915111	29915092	NA	NA
449665_1	chr7	-	20	0	0	1	20	96636946	96636965	NA	NA
449666_1	chr9	-	20	0	0	1	20	12973073	12973054	NA	NA
449667_1	chr2	-	20	0	0	1	20	85133175	85133194	NA	NA
449668_1	chr6	-	20	0	0	1	20	44219576	44219595	NA	NA
449669_1	chr16	-	20	0	0	1	20	73092711	73092692	NA	NA
449670_1	chr18	-	20	0	0	1	20	63418336	63418355	NA	NA
449671_1	chr6	-	20	0	0	1	20	33756215	33756234	NA	NA
449672_1	chr22	-	20	0	0	1	20	45912269	45912288	NA	NA
449673_1	chrX	-	20	0	0	1	20	46433496	46433515	NA	NA
449674_1	chr19	-	20	0	0	1	20	15297969	15297950	NA	NA
449675_1	chr1	-	20	0	0	1	20	65243577	65243596	NA	NA
449676_1	chr6	-	20	0	0	1	20	26271407	26271388	NA	NA
449677_1	chr4	-	20	0	0	1	20	122605850	122605831	NA	NA
449678_1	chr8	-	20	0	0	1	20	48889251	48889270	NA	NA
449679_1	chr8	-	20	0	0	1	20	23315117	23315098	NA	NA
449680_1	chr3	-	20	0	0	1	20	133292730	133292749	NA	NA
449681_1	chr2	-	20	0	0	1	20	84658683	84658664	NA	NA
449682_1	chr11	-	20	0	0	1	20	33308751	33308770	NA	NA
449683_1	chr1	-	20	0	0	1	20	116916080	116916099	NA	NA
449684_1	chr20	-	20	0	0	1	20	30102339	30102358	NA	NA
449685_1	chr10	-	20	0	0	1	20	68650154	68650173	NA	NA
449686_1	chr2	-	20	0	0	1	20	70315253	70315272	NA	NA
449687_1	chr1	-	20	0	0	1	20	110116628	110116647	NA	NA
449688_1	chr13	-	20	0	0	1	20	99157133	99157152	NA	NA
449689_1	chr17	-	20	0	0	1	20	7210903	7210922	NA	NA
449690_1	chr16	-	20	0	0	1	20	47538730	47538749	NA	NA
449691_1	chr20	-	20	0	0	1	20	57485039	57485058	NA	NA
449692_1	chrX	-	20	0	0	1	20	102612607	102612626	NA	NA
449693_1	chr17	-	20	0	0	1	20	45730188	45730207	NA	NA
449694_1	chr4	-	20	0	0	1	20	48853865	48853884	NA	NA
449695_1	chr1	-	20	0	0	1	20	151958722	151958703	NA	NA
449696_1	chr1	-	20	0	0	1	20	10292446	10292465	NA	NA
449697_1	chr22	-	20	0	0	1	20	43576888	43576869	NA	NA
449698_1	chr16	-	20	0	0	1	20	4780152	4780133	NA	NA
449699_1	chr4	-	20	0	0	1	20	146297282	146297301	NA	NA
449700_1	chr15	-	20	0	0	1	20	26890624	26890643	NA	NA
449701_1	chr1	-	20	0	0	1	20	234078908	234078927	NA	NA
449702_1	chr19	-	20	0	0	1	20	50322479	50322498	NA	NA
449703_1	chr3	-	20	0	0	1	20	195636822	195636803	NA	NA
449704_2	chr2	-	20	0	0	1	20	133012964	133012945	NA	NA
449705_1	chr9	-	20	0	0	1	20	139756746	139756727	NA	NA
449706_1	chrX	-	20	0	0	1	20	70514319	70514338	NA	NA
449707_1	chr1	-	20	0	0	1	20	108742607	108742588	NA	NA
449708_1	chr17	-	20	0	0	1	20	76183487	76183506	NA	NA
449709_1	chr14	-	20	0	0	1	20	50319464	50319445	NA	NA
449710_1	chr14	-	20	0	0	1	20	103802090	103802109	NA	NA
449711_1	chr5	-	20	0	0	1	20	10258539	10258558	NA	NA
449712_1	chr12	-	20	0	0	1	20	109661631	109661650	NA	NA
449713_1	chr9	-	20	0	0	1	20	100410365	100410384	NA	NA
449714_1	chr3	-	20	0	0	1	20	124457057	124457076	NA	NA
449715_1	chr1	-	20	0	0	1	20	3807154	3807135	NA	NA
449716_1	chr2	-	20	0	0	1	20	171806093	171806112	NA	NA
449717_1	chr3	-	20	0	0	1	20	9432142	9432123	NA	NA
449718_1	chr8	-	20	0	0	1	20	21456074	21456093	NA	NA
449719_1	chrX	-	20	0	0	1	20	151997141	151997122	NA	NA
449720_1	chr7	-	20	0	0	1	20	39773079	39773098	NA	NA
449721_13	chrX	-	20	0	0	1	20	108297809	108297828	NA	NA
449722_1	chr9	-	20	0	0	1	20	136231732	136231713	NA	NA
449723_1	chr5	-	20	0	0	1	20	180670723	180670704	NA	NA
449724_1	chr20	-	20	0	0	1	20	34288820	34288839	NA	NA
449725_1	chr6	-	20	0	0	1	20	26027491	26027472	NA	NA
449726_1	chr14	-	20	0	0	1	20	105478189	105478170	NA	NA
449727_1	chr17	-	20	0	0	1	20	78272157	78272176	NA	NA
449728_1	chr19	-	20	0	0	1	20	10325733	10325752	NA	NA
449729_2	chr7	-	20	0	0	1	20	90893945	90893964	NA	NA
449730_1	chr10	-	20	0	0	1	20	129901891	129901872	NA	NA
449731_1	chr7	-	20	0	0	1	20	26237275	26237256	NA	NA
449732_1	chr19	-	20	0	0	1	20	24182917	24182898	NA	NA
449733_1	chr19	-	20	0	0	1	20	41859141	41859122	NA	NA
449734_1	chr20	-	20	0	0	1	20	47679777	47679796	NA	NA
449735_1	chr3	-	20	0	0	1	20	184429187	184429168	NA	NA
449736_1	chr3	-	20	0	0	1	20	155649601	155649620	NA	NA
449737_1	chr6	-	20	0	0	1	20	107811385	107811404	NA	NA
449738_1	chr6	-	20	0	0	1	20	26250643	26250624	NA	NA
449739_1	chr8	-	20	0	0	1	20	56755052	56755033	NA	NA
449740_1	chr7	-	20	0	0	1	20	87536711	87536730	NA	NA
449741_1	chr6	-	20	0	0	1	20	30691885	30691904	NA	NA
449742_2	chr2	-	20	0	0	1	20	73477527	73477546	NA	NA
449743_1	chr9	-	20	0	0	1	20	32572906	32572887	NA	NA
449744_1	chr17	-	20	0	0	1	20	49244188	49244207	NA	NA
449745_1	chr7	-	20	0	0	1	20	131528132	131528151	NA	NA
449746_1	chr17	-	20	0	0	1	20	75483602	75483621	NA	NA
449747_1	chr4	-	20	0	0	1	20	88312311	88312292	NA	NA
449748_1	chr12	-	20	0	0	1	20	101799652	101799633	NA	NA
449749_2	chr6	-	20	0	0	1	20	27806408	27806427	NA	NA
449750_1	chr2	-	20	0	0	1	20	190650108	190650127	NA	NA
449751_2	chr21	-	20	0	0	1	20	9827159	9827178	NA	NA
449752_1	chr12	-	20	0	0	1	20	53862567	53862586	NA	NA
449753_1	chr1	-	20	0	0	1	20	150122390	150122409	NA	NA
449754_1	chr8	-	20	0	0	1	20	136103768	136103787	NA	NA
449755_1	chr2	-	20	0	0	1	20	175006638	175006619	NA	NA
449756_1	chr4	-	20	0	0	1	20	7006577	7006596	NA	NA
449757_1	chr19	-	20	0	0	1	20	42463445	42463426	NA	NA
449758_1	chr16	-	20	0	0	1	20	66860462	66860443	NA	NA
449759_1	chr2	-	20	0	0	1	20	39213356	39213337	NA	NA
449760_1	chr12	-	20	0	0	1	20	30949358	30949339	NA	NA
449761_1	chr2	-	20	0	0	1	20	242174600	242174581	NA	NA
449762_1	chr14	-	20	0	0	1	20	75601653	75601634	NA	NA
449763_1	chr1	-	20	0	0	1	20	14431033	14431052	NA	NA
449764_1	chr13	-	20	0	0	1	20	79483145	79483164	NA	NA
449765_1	chr6	-	20	0	0	1	20	43543623	43543604	NA	NA
449766_1	chr3	-	20	0	0	1	20	142030438	142030419	NA	NA
449767_1	chr4	-	20	0	0	1	20	667721	667702	NA	NA
449768_1	chr19	-	20	0	0	1	20	50094977	50094996	NA	NA
449769_1	chr22	-	20	0	0	1	20	42915737	42915718	NA	NA
449770_1	chr11	-	20	0	0	1	20	82991252	82991233	NA	NA
449771_1	chr3	-	20	0	0	1	20	55513571	55513552	NA	NA
449772_1	chr7	-	20	0	0	1	20	94294547	94294566	NA	NA
449773_1	chr19	-	20	0	0	1	20	8550936	8550955	NA	NA
449774_1	chr1	-	20	0	0	1	20	28835166	28835185	NA	NA
449775_1	chr1	-	20	0	0	1	20	109492968	109492949	NA	NA
449776_1	chr3	-	20	0	0	1	20	35739562	35739543	NA	NA
449777_1	chr19	-	20	0	0	1	20	10120201	10120220	NA	NA
449778_1	chr19	-	20	0	0	1	20	2246762	2246781	NA	NA
449779_1	chr6	-	20	0	0	1	20	144768370	144768389	NA	NA
449780_1	chr3	-	20	0	0	1	20	38597950	38597931	NA	NA
449781_1	chr5	-	20	0	0	1	20	77225395	77225376	NA	NA
449782_1	chr7	-	20	0	0	1	20	2289598	2289617	NA	NA
449783_1	chr17	-	20	0	0	1	20	4851648	4851629	NA	NA
449784_1	chr1	-	20	0	0	1	20	110553834	110553853	NA	NA
449785_1	chr16	-	20	0	0	1	20	67909892	67909911	NA	NA
449786_1	chr11	-	20	0	0	1	20	65623516	65623497	NA	NA
449787_1	chr17	-	20	0	0	1	20	7144769	7144750	NA	NA
449788_2	chr2	-	20	0	0	1	20	216279650	216279631	NA	NA
449789_1	chr5	-	20	0	0	1	20	151051236	151051217	NA	NA
449790_1	chr2	-	20	0	0	1	20	189907949	189907930	NA	NA
449791_1	chr1	-	20	0	0	1	20	164021147	164021128	NA	NA
449792_1	chr13	-	20	0	0	1	20	110859838	110859819	NA	NA
449793_1	chr3	-	20	0	0	1	20	101384019	101384000	NA	NA
449794_1	chr1	-	20	0	0	1	20	33235603	33235622	NA	NA
449795_1	chr12	-	20	0	0	1	20	124908113	124908094	NA	NA
449796_1	chr12	-	20	0	0	1	20	6534041	6534060	NA	NA
449797_3	chr17	-	20	0	0	1	20	33478293	33478274	NA	NA
449798_1	chr20	-	20	0	0	1	20	60713290	60713271	NA	NA
449799_150	chr16	-	20	0	0	1	20	33963347	33963366	NA	NA
449800_1	chr4	-	20	0	0	1	20	4288276	4288257	NA	NA
449801_10	chr9	-	20	0	0	1	20	79186850	79186869	NA	NA
449802_1	chr2	-	20	0	0	1	20	61698458	61698477	NA	NA
449803_1	chr7	-	20	0	0	1	20	99698909	99698890	NA	NA
449804_2	chr1	-	20	0	0	1	20	228555835	228555816	NA	NA
449805_1	chr12	-	20	0	0	1	20	115109746	115109727	NA	NA
449806_1	chr3	-	20	0	0	1	20	145828104	145828085	NA	NA
449807_1	chr1	-	20	0	0	1	20	115263202	115263183	NA	NA
449808_1	chr12	-	20	0	0	1	20	12974948	12974967	NA	NA
449809_1	chr3	-	20	0	0	1	20	55194480	55194499	NA	NA
449810_1	chr17	-	20	0	0	1	20	76178755	76178736	NA	NA
449811_1	chr17	-	20	0	0	1	20	40123946	40123965	NA	NA
449812_1	chr16	-	20	0	0	1	20	2827040	2827021	NA	NA
449813_1	chrX	-	20	0	0	1	20	9754592	9754573	NA	NA
449814_1	chr21	-	20	0	0	1	20	47545718	47545737	NA	NA
449815_1	chr4	-	20	0	0	1	20	110736683	110736702	NA	NA
449816_1	chr10	-	20	0	0	1	20	115463479	115463460	NA	NA
449817_1	chr12	-	20	0	0	1	20	127650654	127650635	NA	NA
449818_1	chr22	-	20	0	0	1	20	30821867	30821886	NA	NA
449819_10	chr16	-	20	0	0	1	20	33963346	33963365	NA	NA
449820_1	chrX	-	20	0	0	1	20	44335860	44335841	NA	NA
449821_1	chr6	-	20	0	0	1	20	26216659	26216640	NA	NA
449822_7	chr9	-	20	0	0	1	20	79186851	79186870	NA	NA
449823_1	chr12	-	20	0	0	1	20	110925730	110925749	NA	NA
449824_1	chr1	-	20	0	0	1	20	36181650	36181631	NA	NA
449825_1	chr3	-	20	0	0	1	20	101405535	101405516	NA	NA
449826_1	chr3	-	20	0	0	1	20	47908776	47908757	NA	NA
449827_1	chr19	-	20	0	0	1	20	14524033	14524014	NA	NA
449828_1	chr4	-	20	0	0	1	20	174253373	174253354	NA	NA
449829_1	chr7	-	20	0	0	1	20	94292863	94292882	NA	NA
449830_1	chr1	-	20	0	0	1	20	113245673	113245654	NA	NA
449831_1	chr2	-	20	0	0	1	20	97302844	97302825	NA	NA
449832_1	chr7	-	20	0	0	1	20	148494910	148494929	NA	NA
449833_1	chr4	-	20	0	0	1	20	190948343	190948324	NA	NA
449834_1	chr19	-	20	0	0	1	20	460804	460785	NA	NA
449835_1	chr20	-	20	0	0	1	20	57467244	57467263	NA	NA
449836_1	chr2	-	20	0	0	1	20	217363992	217364011	NA	NA
449837_1	chr6	-	20	0	0	1	20	26271578	26271559	NA	NA
449838_1	chr17	-	20	0	0	1	20	17716045	17716026	NA	NA
449839_1	chr19	-	20	0	0	1	20	36634004	36634023	NA	NA
449840_1	chr5	-	20	0	0	1	20	71146890	71146909	NA	NA
449841_1	chr16	-	20	0	0	1	20	1364058	1364077	NA	NA
449842_1	chr3	-	20	0	0	1	20	197678153	197678172	NA	NA
449843_1	chr6	-	20	0	0	1	20	160148684	160148703	NA	NA
449844_1	chr2	-	20	0	0	1	20	190922345	190922326	NA	NA
449845_1	chr7	-	20	0	0	1	20	99002564	99002545	NA	NA
449846_1	chr6	-	20	0	0	1	20	44394317	44394336	NA	NA
449847_1	chr1	-	20	0	0	1	20	17020828	17020809	NA	NA
449848_1	chr3	-	20	0	0	1	20	120315216	120315235	NA	NA
449849_1	chr8	-	20	0	0	1	20	119593115	119593096	NA	NA
449850_2	chr21	-	20	0	0	1	20	9827017	9827036	NA	NA
449851_1	chr19	-	20	0	0	1	20	13050411	13050430	NA	NA
449852_1	chr3	-	20	0	0	1	20	20054950	20054969	NA	NA
449853_1	chr6	-	20	0	0	1	20	27861244	27861263	NA	NA
449854_1	chr19	-	20	0	0	1	20	49120675	49120656	NA	NA
449855_5	chr2	-	20	0	0	1	20	230045519	230045500	NA	NA
449856_1	chr10	-	20	0	0	1	20	73309452	73309471	NA	NA
449857_1	chr19	-	20	0	0	1	20	13049562	13049581	NA	NA
449858_1	chr11	-	20	0	0	1	20	208859	208878	NA	NA
449859_1	chr5	-	20	0	0	1	20	134153260	134153279	NA	NA
449860_1	chr6	-	20	0	0	1	20	26250835	26250816	NA	NA
449861_1	chr6	-	20	0	0	1	20	30030088	30030107	NA	NA
449862_1	chr11	-	20	0	0	1	20	62554960	62554979	NA	NA
449863_1	chr9	-	20	0	0	1	20	124083632	124083651	NA	NA
449864_2	chr6	-	20	0	0	1	20	26045635	26045654	NA	NA
449865_1	chr11	-	20	0	0	1	20	10827522	10827503	NA	NA
449866_1	chr19	-	20	0	0	1	20	15104493	15104512	NA	NA
449867_1	chr10	-	20	0	0	1	20	71391512	71391531	NA	NA
449868_22	chr8	-	20	0	0	1	20	21455985	21456004	NA	NA
449869_1	chr6	-	20	0	0	1	20	13792151	13792132	NA	NA
449870_1	chr11	-	20	0	0	1	20	62609137	62609118	NA	NA
449871_1	chr21	-	20	0	0	1	20	37639674	37639655	NA	NA
449872_1	chr16	-	20	0	0	1	20	21964744	21964763	NA	NA
449873_1	chr10	-	20	0	0	1	20	97447458	97447439	NA	NA
449874_1	chr4	-	20	0	0	1	20	153803992	153804011	NA	NA
449875_1	chr10	-	20	0	0	1	20	94967039	94967020	NA	NA
449876_1	chr10	-	20	0	0	1	20	75673475	75673494	NA	NA
449877_1	chr7	-	20	0	0	1	20	99705629	99705610	NA	NA
449878_1	chr18	-	20	0	0	1	20	57567436	57567455	NA	NA
449879_1	chr4	-	20	0	0	1	20	159634382	159634363	NA	NA
449880_1	chr21	-	20	0	0	1	20	16921162	16921181	NA	NA
449881_1	chr2	-	20	0	0	1	20	71565817	71565798	NA	NA
449882_1	chr10	-	20	0	0	1	20	97413128	97413109	NA	NA
449883_1	chr17	-	20	0	0	1	20	47004875	47004894	NA	NA
449884_1	chr13	-	20	0	0	1	20	62872350	62872369	NA	NA
449885_1	chr6	-	20	0	0	1	20	26271442	26271423	NA	NA
449886_1	chr9	-	20	0	0	1	20	139747379	139747360	NA	NA
449887_1	chr19	-	20	0	0	1	20	44156489	44156470	NA	NA
449888_1	chr16	-	20	0	0	1	20	1859371	1859352	NA	NA
449889_1	chr4	-	20	0	0	1	20	174219001	174219020	NA	NA
449890_1	chr17	-	20	0	0	1	20	80210990	80210971	NA	NA
449891_1	chr2	-	20	0	0	1	20	231624719	231624738	NA	NA
449892_1	chr1	-	20	0	0	1	20	10211526	10211545	NA	NA
449893_1	chr9	-	20	0	0	1	20	14922213	14922194	NA	NA
449894_1	chr4	-	20	0	0	1	20	24914245	24914264	NA	NA
449895_1	chrX	-	20	0	0	1	20	108297770	108297789	NA	NA
449896_1	chr8	-	20	0	0	1	20	129069312	129069331	NA	NA
449897_2	chr17	-	20	0	0	1	20	33478266	33478247	NA	NA
449898_1	chrY	-	20	0	0	1	20	10037769	10037788	NA	NA
449899_1	chr2	-	20	0	0	1	20	224763720	224763701	NA	NA
449900_1	chr13	-	20	0	0	1	20	21955590	21955571	NA	NA
449901_26	chr19	-	20	0	0	1	20	24185474	24185455	NA	NA
449902_1	chr14	-	20	0	0	1	20	21992987	21992968	NA	NA
449903_2	chr15	-	20	0	0	1	20	67056743	67056762	NA	NA
449904_1	chr9	-	20	0	0	1	20	34286036	34286055	NA	NA
449905_6	chr21	-	20	0	0	1	20	9827298	9827317	NA	NA
449906_1	chrX	-	20	0	0	1	20	108297771	108297790	NA	NA
449907_1	chr6	-	20	0	0	1	20	100061035	100061054	NA	NA
449908_1	chr9	-	20	0	0	1	20	36162472	36162491	NA	NA
449909_1	chr2	-	20	0	0	1	20	133012333	133012314	NA	NA
449910_1	chr22	-	20	0	0	1	20	22890515	22890496	NA	NA
449911_1	chr1	-	20	0	0	1	20	38061410	38061391	NA	NA
449912_1	chr17	-	20	0	0	1	20	62499158	62499139	NA	NA
449913_1	chr19	-	20	0	0	1	20	50412611	50412592	NA	NA
449914_1	chr18	-	20	0	0	1	20	20513878	20513897	NA	NA
449915_1	chr3	-	20	0	0	1	20	49062374	49062355	NA	NA
449916_1	chr16	-	20	0	0	1	20	2301405	2301386	NA	NA
449917_1	chr5	-	20	0	0	1	20	3146051	3146070	NA	NA
449918_1	chr17	-	20	0	0	1	20	79826890	79826871	NA	NA
449919_1	chr6	-	20	0	0	1	20	33240455	33240474	NA	NA
449920_1	chr19	-	20	0	0	1	20	36122269	36122288	NA	NA
449921_2	chr21	-	20	0	0	1	20	9827381	9827400	NA	NA
449922_1	chr11	-	20	0	0	1	20	842484	842465	NA	NA
449923_1	chr17	-	20	0	0	1	20	80011182	80011201	NA	NA
449924_1	chr2	-	20	0	0	1	20	232601954	232601935	NA	NA
449925_3	chr21	-	20	0	0	1	20	9827178	9827197	NA	NA
449926_1	chr8	-	20	0	0	1	20	95444390	95444371	NA	NA
449927_1	chr4	-	20	0	0	1	20	58219406	58219387	NA	NA
449928_1	chr11	-	20	0	0	1	20	63743703	63743722	NA	NA
449929_3	chr21	-	20	0	0	1	20	9827288	9827307	NA	NA
449930_1	chr10	-	20	0	0	1	20	121632196	121632177	NA	NA
449931_1	chr13	-	20	0	0	1	20	112758181	112758162	NA	NA
449932_1	chrY	-	20	0	0	1	20	10037855	10037874	NA	NA
449933_1	chr11	-	20	0	0	1	20	107779142	107779161	NA	NA
449934_1	chr21	-	20	0	0	1	20	9827053	9827072	NA	NA
449935_1	chr19	-	20	0	0	1	20	46887056	46887075	NA	NA
449936_1	chr1	-	20	0	0	1	20	149858183	149858164	NA	NA
449937_1	chr2	-	20	0	0	1	20	220290673	220290692	NA	NA
449938_1	chr16	-	20	0	0	1	20	69752121	69752102	NA	NA
449939_1	chr9	-	20	0	0	1	20	21696234	21696253	NA	NA
449940_1	chr21	-	20	0	0	1	20	9827197	9827216	NA	NA
449941_1	chr19	-	20	0	0	1	20	16187414	16187433	NA	NA
449942_57	chr17	-	20	0	0	1	20	33478294	33478275	NA	NA
449943_5	chr2	-	20	0	0	1	20	71565816	71565797	NA	NA
449944_1	chr20	-	20	0	0	1	20	47700656	47700675	NA	NA
449945_1	chr5	-	20	0	0	1	20	154238282	154238301	NA	NA
449946_1	chr20	-	20	0	0	1	20	17610602	17610583	NA	NA
449947_2	chr15	-	20	0	0	1	20	59203717	59203736	NA	NA
449948_3	chrY	-	20	0	0	1	20	10037768	10037787	NA	NA
449949_1	chr19	-	20	0	0	1	20	3984341	3984322	NA	NA
449950_1	chr17	-	20	0	0	1	20	74380829	74380848	NA	NA
449951_1	chr2	-	20	0	0	1	20	133013468	133013449	NA	NA
449952_1	chr10	-	20	0	0	1	20	128593722	128593741	NA	NA
449953_1	chr2	-	20	0	0	1	20	133013467	133013448	NA	NA
449954_1	chr2	-	20	0	0	1	20	121043608	121043627	NA	NA
449955_1	chr14	-	20	0	0	1	20	35778176	35778195	NA	NA
449956_1	chr1	-	20	0	0	1	20	47767977	47767958	NA	NA
449957_1	chr1	-	20	0	0	1	20	32503585	32503604	NA	NA
449958_1	chr2	-	20	0	0	1	20	189874922	189874941	NA	NA
449959_1	chr21	-	20	0	0	1	20	9827056	9827075	NA	NA
449960_2	chr12	-	20	0	0	1	20	132656714	132656733	NA	NA
449961_2	chr17	-	20	0	0	1	20	33478346	33478327	NA	NA
449962_1	chr17	-	20	0	0	1	20	79935281	79935262	NA	NA
449963_1	chr6	-	20	0	0	1	20	33679345	33679326	NA	NA
449964_1	chr11	-	20	0	0	1	20	124953177	124953196	NA	NA
449965_1	chr18	-	20	0	0	1	20	23670148	23670167	NA	NA
449966_2	chr16	-	20	0	0	1	20	28331629	28331648	NA	NA
449967_1	chr1	-	20	0	0	1	20	29486997	29486978	NA	NA
449968_1	chr8	-	20	0	0	1	20	22064380	22064399	NA	NA
449969_1	chr19	-	20	0	0	1	20	10502327	10502308	NA	NA
449970_1	chr1	-	20	0	0	1	20	19472403	19472384	NA	NA
449971_1	chr17	-	20	0	0	1	20	37618054	37618073	NA	NA
449972_1	chr1	-	20	0	0	1	20	6295882	6295863	NA	NA
449973_1	chr7	-	20	0	0	1	20	75959002	75958983	NA	NA
449974_1	chr7	-	20	0	0	1	20	128407596	128407615	NA	NA
449975_1	chr5	-	20	0	0	1	20	98115511	98115530	NA	NA
449976_1	chr11	-	20	0	0	1	20	73053959	73053978	NA	NA
449977_1	chr17	-	20	0	0	1	20	6892072	6892053	NA	NA
449978_1	chr17	-	20	0	0	1	20	76183077	76183058	NA	NA
449979_1	chr6	-	20	0	0	1	20	149639016	149639035	NA	NA
449980_1	chr10	-	20	0	0	1	20	102045861	102045842	NA	NA
449981_1	chr2	-	20	0	0	1	20	27886321	27886302	NA	NA
449982_1	chr11	-	20	0	0	1	20	64109532	64109551	NA	NA
449983_1	chr16	-	20	0	0	1	20	30133196	30133177	NA	NA
449984_1	chr6	-	20	0	0	1	20	105825351	105825332	NA	NA
449985_1	chr17	-	20	0	0	1	20	73663145	73663126	NA	NA
449986_1	chr5	-	20	0	0	1	20	176025664	176025645	NA	NA
449987_2	chr12	-	20	0	0	1	20	120637285	120637266	NA	NA
449988_9	chr17	-	20	0	0	1	20	33478295	33478276	NA	NA
449989_1	chr7	-	20	0	0	1	20	12971316	12971335	NA	NA
449990_1	chrX	-	20	0	0	1	20	51638757	51638776	NA	NA
449991_1	chr9	-	20	0	0	1	20	130115147	130115166	NA	NA
449992_1	chr7	-	20	0	0	1	20	72856556	72856537	NA	NA
449993_1	chr6	-	20	0	0	1	20	170862272	170862253	NA	NA
449994_1	chr5	-	20	0	0	1	20	32135719	32135700	NA	NA
449995_1	chr18	-	20	0	0	1	20	54305711	54305692	NA	NA
449996_1	chr2	-	20	0	0	1	20	62103335	62103316	NA	NA
449997_1	chr7	-	20	0	0	1	20	5568033	5568014	NA	NA
449998_1	chr7	-	20	0	0	1	20	26236540	26236521	NA	NA
449999_1	chr15	-	20	0	0	1	20	41102924	41102943	NA	NA
450000_1	chr19	-	20	0	0	1	20	50771501	50771520	NA	NA
450001_1	chr17	-	20	0	0	1	20	61904852	61904871	NA	NA
450002_2	chr2	-	20	0	0	1	20	240322127	240322146	NA	NA
450003_1	chr19	-	20	0	0	1	20	50168961	50168942	NA	NA
450004_12	chr12	-	20	0	0	1	20	127650915	127650896	NA	NA
450005_1	chr11	-	20	0	0	1	20	125496391	125496410	NA	NA
450006_1	chr2	-	20	0	0	1	20	210867429	210867448	NA	NA
450007_12	chr2	-	20	0	0	1	20	71565819	71565800	NA	NA
450008_1	chr2	-	20	0	0	1	20	189839213	189839232	NA	NA
450009_1	chr1	-	20	0	0	1	20	40030859	40030840	NA	NA
450010_1	chr7	-	20	0	0	1	20	98522737	98522756	NA	NA
450011_18	chr16	-	20	0	0	1	20	47538727	47538746	NA	NA
450012_1	chr19	-	20	0	0	1	20	34856148	34856167	NA	NA
450013_1	chr12	-	20	0	0	1	20	133733012	133733031	NA	NA
450014_1	chr5	-	20	0	0	1	20	38919083	38919102	NA	NA
450015_1	chr15	-	20	0	0	1	20	89021144	89021163	NA	NA
450016_1	chr22	-	20	0	0	1	20	26722973	26722992	NA	NA
450017_1	chr16	-	20	0	0	1	20	781664	781645	NA	NA
450018_1	chr12	-	20	0	0	1	20	122750911	122750892	NA	NA
450019_1	chr7	-	20	0	0	1	20	30649323	30649342	NA	NA
450020_1	chr15	-	20	0	0	1	20	66161415	66161396	NA	NA
450021_1	chr17	-	20	0	0	1	20	47075072	47075091	NA	NA
450022_1	chr12	-	20	0	0	1	20	105509476	105509495	NA	NA
450023_1	chr1	-	20	0	0	1	20	174992543	174992524	NA	NA
450024_1	chr1	-	20	0	0	1	20	156565425	156565406	NA	NA
450025_1	chr8	-	20	0	0	1	20	48800255	48800236	NA	NA
450026_1	chr1	-	20	0	0	1	20	172502387	172502406	NA	NA
450027_1	chr4	-	20	0	0	1	20	70296644	70296625	NA	NA
450028_1	chr2	-	20	0	0	1	20	61715881	61715862	NA	NA
450029_1	chr6	-	20	0	0	1	20	105730405	105730386	NA	NA
450030_1	chr22	-	20	0	0	1	20	45104216	45104235	NA	NA
450031_2	chr21	-	20	0	0	1	20	9827294	9827313	NA	NA
450032_1	chr22	-	20	0	0	1	20	36685321	36685302	NA	NA
450033_1	chr12	-	20	0	0	1	20	6646821	6646840	NA	NA
450034_1	chr10	-	20	0	0	1	20	75510931	75510950	NA	NA
450035_1	chr2	-	20	0	0	1	20	86075050	86075031	NA	NA
450036_1	chr5	-	20	0	0	1	20	76989166	76989147	NA	NA
450037_7	chr21	-	20	0	0	1	20	9827300	9827319	NA	NA
450038_1	chr17	-	20	0	0	1	20	57737840	57737859	NA	NA
450039_1	chr5	-	20	0	0	1	20	82835683	82835702	NA	NA
450040_1	chr18	-	20	0	0	1	20	35065629	35065610	NA	NA
450041_1	chr2	-	20	0	0	1	20	160628506	160628487	NA	NA
450042_1	chr9	-	20	0	0	1	20	104161393	104161412	NA	NA
450043_1	chr21	-	20	0	0	1	20	9827176	9827195	NA	NA
450044_5	chr21	-	20	0	0	1	20	9827299	9827318	NA	NA
450045_1	chr10	-	20	0	0	1	20	17275615	17275634	NA	NA
450046_1	chr7	-	20	0	0	1	20	26236260	26236241	NA	NA
450047_1	chr17	-	20	0	0	1	20	33478260	33478241	NA	NA
450048_1	chr12	-	20	0	0	1	20	6601490	6601471	NA	NA
450049_81	chr12	-	20	0	0	1	20	33049885	33049904	NA	NA
450050_1	chr1	-	20	0	0	1	20	186329422	186329403	NA	NA
450051_1	chrX	-	20	0	0	1	20	108297767	108297786	NA	NA
450052_1	chr6	-	20	0	0	1	20	24785951	24785970	NA	NA
450053_1	chr18	-	20	0	0	1	20	9914155	9914174	NA	NA
450054_1	chr8	-	20	0	0	1	20	20067922	20067941	NA	NA
450055_1	chr9	-	20	0	0	1	20	139244038	139244057	NA	NA
450056_1	chr20	-	20	0	0	1	20	20032995	20032976	NA	NA
450057_1	chr2	-	20	0	0	1	20	189870955	189870974	NA	NA
450058_1	chr3	-	20	0	0	1	20	179322387	179322368	NA	NA
450059_1	chr11	-	20	0	0	1	20	44958048	44958029	NA	NA
450060_1	chr6	-	20	0	0	1	20	70854100	70854119	NA	NA
450061_1	chr17	-	20	0	0	1	20	48266772	48266753	NA	NA
450062_3	chr17	-	20	0	0	1	20	33478261	33478242	NA	NA
450063_1	chr1	-	20	0	0	1	20	1718810	1718791	NA	NA
450064_1	chr9	-	20	0	0	1	20	124083654	124083673	NA	NA
450065_1	chr8	-	20	0	0	1	20	86436745	86436726	NA	NA
450066_1	chr16	-	20	0	0	1	20	19726347	19726328	NA	NA
450067_1	chr17	-	20	0	0	1	20	74057217	74057198	NA	NA
450068_1	chr18	-	20	0	0	1	20	48446847	48446866	NA	NA
450069_1	chr16	-	20	0	0	1	20	30078590	30078609	NA	NA
450070_1	chr17	-	20	0	0	1	20	41116225	41116206	NA	NA
450071_1	chr17	-	20	0	0	1	20	39976617	39976636	NA	NA
450072_1	chr10	-	20	0	0	1	20	17271811	17271830	NA	NA
450073_18	chr2	-	20	0	0	1	20	71565818	71565799	NA	NA
450074_2	chr9	-	20	0	0	1	20	79186676	79186695	NA	NA
450075_1	chr9	-	20	0	0	1	20	133576253	133576272	NA	NA
450076_1	chr7	-	20	0	0	1	20	118563015	118563034	NA	NA
450077_1	chr11	-	20	0	0	1	20	58295002	58294983	NA	NA
450078_1	chr7	-	20	0	0	1	20	92978058	92978077	NA	NA
450079_1	chr5	-	20	0	0	1	20	151045996	151045977	NA	NA
450080_1	chr17	-	20	0	0	1	20	66040113	66040132	NA	NA
450081_1	chr3	-	20	0	0	1	20	170460708	170460689	NA	NA
450082_1	chr19	-	20	0	0	1	20	8038625	8038606	NA	NA
450083_1	chr17	-	20	0	0	1	20	80049220	80049201	NA	NA
450084_1	chrX	-	20	0	0	1	20	100668074	100668093	NA	NA
450085_6	chr9	-	20	0	0	1	20	79186677	79186696	NA	NA
450086_1	chr10	-	20	0	0	1	20	74923540	74923521	NA	NA
450087_1	chr19	-	20	0	0	1	20	16790432	16790451	NA	NA
450088_1	chr4	-	20	0	0	1	20	95445007	95445026	NA	NA
450089_1	chr8	-	20	0	0	1	20	42262906	42262925	NA	NA
450090_1	chr1	-	20	0	0	1	20	16175065	16175084	NA	NA
450091_1	chr2	-	20	0	0	1	20	219134703	219134684	NA	NA
450092_1	chr8	-	20	0	0	1	20	145138085	145138104	NA	NA
450093_1	chr8	-	20	0	0	1	20	48751738	48751719	NA	NA
450094_1	chr2	-	20	0	0	1	20	122288490	122288509	NA	NA
450095_1	chr3	-	20	0	0	1	20	49568968	49568987	NA	NA
450096_1	chr12	-	20	0	0	1	20	21788537	21788518	NA	NA
450097_1	chr8	-	20	0	0	1	20	82572855	82572836	NA	NA
450098_1	chr20	-	20	0	0	1	20	1426456	1426437	NA	NA
450099_2	chr10	-	20	0	0	1	20	35605261	35605242	NA	NA
450100_1	chr4	-	20	0	0	1	20	83978164	83978183	NA	NA
450101_2	chr21	-	20	0	0	1	20	45923863	45923844	NA	NA
450102_1	chr16	-	20	0	0	1	20	25485663	25485644	NA	NA
450103_1	chr12	-	20	0	0	1	20	117593720	117593701	NA	NA
450104_1	chr2	-	20	0	0	1	20	232320775	232320756	NA	NA
450105_1	chr19	-	20	0	0	1	20	10747185	10747204	NA	NA
450106_1	chr2	-	20	0	0	1	20	224866526	224866507	NA	NA
450107_1	chr8	-	20	0	0	1	20	19677094	19677113	NA	NA
450108_1	chr3	-	20	0	0	1	20	33870380	33870399	NA	NA
450109_1	chr3	-	20	0	0	1	20	184297570	184297589	NA	NA
450110_1	chr19	-	20	0	0	1	20	44099023	44099004	NA	NA
450111_1	chr12	-	20	0	0	1	20	123072311	123072330	NA	NA
450112_1	chr1	-	20	0	0	1	20	151118999	151118980	NA	NA
450113_1	chr11	-	20	0	0	1	20	57097886	57097867	NA	NA
450114_1	chr19	-	20	0	0	1	20	33707173	33707192	NA	NA
450115_1	chr20	-	20	0	0	1	20	62289784	62289803	NA	NA
450116_1	chr1	-	20	0	0	1	20	153507768	153507749	NA	NA
450117_1	chr4	-	20	0	0	1	20	138346660	138346641	NA	NA
450118_1	chr5	-	20	0	0	1	20	174178764	174178745	NA	NA
450119_1	chr7	-	20	0	0	1	20	95951322	95951303	NA	NA
450120_1	chr13	-	20	0	0	1	20	103421803	103421784	NA	NA
450121_1	chr19	-	20	0	0	1	20	24184642	24184623	NA	NA
450122_1	chrX	-	20	0	0	1	20	123156461	123156480	NA	NA
450123_1	chr19	-	20	0	0	1	20	45489735	45489754	NA	NA
450124_1	chr14	-	20	0	0	1	20	104195438	104195457	NA	NA
450125_1	chr6	-	20	0	0	1	20	33245342	33245323	NA	NA
450126_1	chr7	-	20	0	0	1	20	26224237	26224256	NA	NA
450127_1	chr20	-	20	0	0	1	20	34240525	34240506	NA	NA
450128_1	chr6	-	20	0	0	1	20	33169613	33169632	NA	NA
450129_1	chr11	-	20	0	0	1	20	75277939	75277958	NA	NA
450130_1	chr14	-	20	0	0	1	20	99977670	99977689	NA	NA
450131_1	chr19	-	20	0	0	1	20	2130476	2130457	NA	NA
450132_1	chr14	-	20	0	0	1	20	74959978	74959959	NA	NA
450133_2	chr5	-	20	0	0	1	20	71146889	71146908	NA	NA
450134_1	chr20	-	20	0	0	1	20	13201639	13201658	NA	NA
450135_2	chr16	-	20	0	0	1	20	31202302	31202321	NA	NA
450136_1	chr3	-	20	0	0	1	20	133377899	133377880	NA	NA
450137_1	chr6	-	20	0	0	1	20	31508357	31508338	NA	NA
450138_1	chr12	-	20	0	0	1	20	53491712	53491731	NA	NA
450139_1	chr3	-	20	0	0	1	20	167506994	167507013	NA	NA
450140_1	chr2	-	20	0	0	1	20	230045518	230045499	NA	NA
450141_1	chr12	-	20	0	0	1	20	33049884	33049903	NA	NA
450142_1	chr19	-	20	0	0	1	20	50361812	50361831	NA	NA
450143_1	chr14	-	20	0	0	1	20	24909552	24909533	NA	NA
450144_1	chr21	-	20	0	0	1	20	9827114	9827133	NA	NA
450145_1	chr19	-	20	0	0	1	20	58904441	58904460	NA	NA
450146_47	chr15	-	20	0	0	1	20	70877680	70877661	NA	NA
450147_1	chr7	-	20	0	0	1	20	99056835	99056816	NA	NA
450148_1	chr19	-	20	0	0	1	20	3207640	3207659	NA	NA
450149_1	chr17	-	20	0	0	1	20	73897994	73897975	NA	NA
450150_4	chr9	-	20	0	0	1	20	79186854	79186873	NA	NA
450151_1	chr7	-	20	0	0	1	20	30008642	30008623	NA	NA
450152_1	chr1	-	20	0	0	1	20	25483536	25483517	NA	NA
450153_1	chr5	-	20	0	0	1	20	38445691	38445710	NA	NA
450154_1	chr16	-	20	0	0	1	20	67902450	67902469	NA	NA
450155_1	chr15	-	20	0	0	1	20	64385976	64385957	NA	NA
450156_1	chr14	-	20	0	0	1	20	69346795	69346776	NA	NA
450157_1	chr14	-	20	0	0	1	20	70826330	70826311	NA	NA
450158_1	chr12	-	20	0	0	1	20	57144957	57144938	NA	NA
450159_1	chr6	-	20	0	0	1	20	26205048	26205067	NA	NA
450160_1	chr7	-	20	0	0	1	20	94294107	94294126	NA	NA
450161_1	chrX	-	20	0	0	1	20	75393450	75393469	NA	NA
450162_1	chr3	-	20	0	0	1	20	32767067	32767086	NA	NA
450163_1	chr4	-	20	0	0	1	20	170533661	170533642	NA	NA
450164_1	chr12	-	20	0	0	1	20	2743181	2743162	NA	NA
450165_1	chr8	-	20	0	0	1	20	61682546	61682527	NA	NA
450166_1	chr3	-	20	0	0	1	20	13034839	13034858	NA	NA
450167_1	chr7	-	20	0	0	1	20	99695824	99695805	NA	NA
450168_1	chr6	-	20	0	0	1	20	27782520	27782501	NA	NA
450169_1	chr3	-	20	0	0	1	20	128350878	128350859	NA	NA
450170_1	chr1	-	20	0	0	1	20	155172143	155172124	NA	NA
450171_1	chr21	-	20	0	0	1	20	27425588	27425569	NA	NA
450172_2	chr7	-	20	0	0	1	20	94293045	94293064	NA	NA
450173_3	chr2	-	20	0	0	1	20	133038794	133038775	NA	NA
450174_1	chr8	-	20	0	0	1	20	107670298	107670317	NA	NA
450175_1	chr7	-	20	0	0	1	20	94293774	94293793	NA	NA
450176_1	chr14	-	20	0	0	1	20	96343097	96343078	NA	NA
450177_1	chrY	-	20	0	0	1	20	10035381	10035400	NA	NA
450178_1	chrX	-	20	0	0	1	20	153129805	153129786	NA	NA
450179_1	chr17	-	20	0	0	1	20	33478268	33478249	NA	NA
450180_1	chr1	-	20	0	0	1	20	22869720	22869739	NA	NA
450181_1	chr7	-	20	0	0	1	20	6414363	6414382	NA	NA
450182_1	chr5	-	20	0	0	1	20	150097862	150097843	NA	NA
450183_1	chr11	-	20	0	0	1	20	85195087	85195106	NA	NA
450184_1	chr1	-	20	0	0	1	20	75198806	75198825	NA	NA
450185_1	chr11	-	20	0	0	1	20	67206287	67206268	NA	NA
450186_1	chr12	-	20	0	0	1	20	113601931	113601912	NA	NA
450187_1	chr15	-	20	0	0	1	20	75703993	75703974	NA	NA
450188_121	chr21	-	20	0	0	1	20	9827210	9827229	NA	NA
450189_1	chr14	-	20	0	0	1	20	31067705	31067724	NA	NA
450190_1	chr21	-	20	0	0	1	20	9827209	9827228	NA	NA
450191_1	chr20	-	20	0	0	1	20	62570565	62570584	NA	NA
450192_5	chr20	-	20	0	0	1	20	30445753	30445734	NA	NA
450193_1	chr8	-	20	0	0	1	20	21456077	21456096	NA	NA
450194_2	chr20	-	20	0	0	1	20	30795709	30795728	NA	NA
450195_1	chr14	-	20	0	0	1	20	50886813	50886794	NA	NA
450196_1	chr6	-	20	0	0	1	20	26250799	26250780	NA	NA
450197_1	chr1	-	20	0	0	1	20	68243159	68243140	NA	NA
450198_1	chr6	-	20	0	0	1	20	26104373	26104392	NA	NA
450199_1	chr17	-	20	0	0	1	20	53040193	53040174	NA	NA
450200_1	chr17	-	20	0	0	1	20	36090714	36090733	NA	NA
450201_1	chr1	-	20	0	0	1	20	245018799	245018780	NA	NA
450202_1	chr1	-	20	0	0	1	20	150981071	150981090	NA	NA
450203_1	chr21	-	20	0	0	1	20	38081572	38081553	NA	NA
450204_1	chr6	-	20	0	0	1	20	136946604	136946623	NA	NA
450205_1	chr20	-	20	0	0	1	20	2644405	2644386	NA	NA
450206_1	chr5	-	20	0	0	1	20	121355834	121355853	NA	NA
450207_2	chr7	-	20	0	0	1	20	633311	633330	NA	NA
450208_1	chr21	-	20	0	0	1	20	45563089	45563108	NA	NA
450209_1	chr20	-	20	0	0	1	20	32436328	32436347	NA	NA
450210_1	chr7	-	20	0	0	1	20	26236579	26236560	NA	NA
450211_1	chr12	-	20	0	0	1	20	108932830	108932811	NA	NA
450212_1	chr17	-	20	0	0	1	20	79846172	79846153	NA	NA
450213_1	chr8	-	20	0	0	1	20	72838258	72838239	NA	NA
450214_1	chr21	-	20	0	0	1	20	30489612	30489631	NA	NA
450215_1	chr6	-	20	0	0	1	20	105776903	105776884	NA	NA
450216_1	chr21	-	20	0	0	1	20	9827380	9827399	NA	NA
450217_10	chr21	-	20	0	0	1	20	9827163	9827182	NA	NA
450218_1	chr6	-	20	0	0	1	20	27776320	27776339	NA	NA
450219_1	chr2	-	20	0	0	1	20	133010746	133010727	NA	NA
450220_1	chr21	-	20	0	0	1	20	9827162	9827181	NA	NA
450221_1	chr5	-	20	0	0	1	20	149681995	149682014	NA	NA
450222_1	chr6	-	20	0	0	1	20	129774168	129774187	NA	NA
450223_1	chr7	-	20	0	0	1	20	16737741	16737760	NA	NA
450224_1	chr8	-	20	0	0	1	20	146031786	146031805	NA	NA
450225_1	chr19	-	20	0	0	1	20	1912553	1912572	NA	NA
450226_1	chr2	-	20	0	0	1	20	242590447	242590466	NA	NA
450227_1	chr1	-	20	0	0	1	20	45984708	45984689	NA	NA
450228_1	chr19	-	20	0	0	1	20	49894139	49894120	NA	NA
450229_1	chr2	-	20	0	0	1	20	133010747	133010728	NA	NA
450230_1	chr4	-	20	0	0	1	20	169900649	169900630	NA	NA
450231_1	chr2	-	20	0	0	1	20	45616669	45616650	NA	NA
450232_1	chr21	-	20	0	0	1	20	26966463	26966482	NA	NA
450233_1	chr5	-	20	0	0	1	20	82835399	82835418	NA	NA
450234_1	chr10	-	20	0	0	1	20	86438220	86438201	NA	NA
450235_1	chr11	-	20	0	0	1	20	9459407	9459426	NA	NA
450236_1	chr17	-	20	0	0	1	20	47583930	47583949	NA	NA
450237_1	chr12	-	20	0	0	1	20	133257747	133257728	NA	NA
450238_1	chr5	-	20	0	0	1	20	159378387	159378368	NA	NA
450239_1	chr4	-	20	0	0	1	20	58285899	58285880	NA	NA
450240_1	chr9	-	20	0	0	1	20	33295380	33295399	NA	NA
450241_1	chr19	-	20	0	0	1	20	8464842	8464861	NA	NA
450242_1	chr19	-	20	0	0	1	20	49601691	49601710	NA	NA
450243_1	chr2	-	20	0	0	1	20	223806324	223806343	NA	NA
450244_1	chr22	-	20	0	0	1	20	39096565	39096546	NA	NA
450245_1	chr6	-	20	0	0	1	20	86555719	86555738	NA	NA
450246_1	chr3	-	20	0	0	1	20	9726584	9726603	NA	NA
450247_1	chr12	-	20	0	0	1	20	6687023	6687004	NA	NA
450248_1	chr1	-	20	0	0	1	20	230203030	230203049	NA	NA
450249_1	chr5	-	20	0	0	1	20	71146772	71146791	NA	NA
450250_1	chr7	-	20	0	0	1	20	93820066	93820085	NA	NA
450251_1	chr9	-	20	0	0	1	20	136293912	136293893	NA	NA
450252_1	chr4	-	20	0	0	1	20	88141458	88141439	NA	NA
450253_1	chr22	-	20	0	0	1	20	19950199	19950218	NA	NA
450254_1	chr6	-	20	0	0	1	20	130031352	130031333	NA	NA
450255_1	chr1	-	20	0	0	1	20	32793174	32793193	NA	NA
450256_1	chr3	-	20	0	0	1	20	194392887	194392868	NA	NA
450257_1	chr2	-	20	0	0	1	20	207951157	207951176	NA	NA
450258_1	chr2	-	20	0	0	1	20	85581632	85581613	NA	NA
450259_1	chr11	-	20	0	0	1	20	102479699	102479718	NA	NA
450260_1	chr3	-	20	0	0	1	20	12881019	12881000	NA	NA
450261_1	chr17	-	20	0	0	1	20	48271347	48271328	NA	NA
450262_1	chr10	-	20	0	0	1	20	112350176	112350195	NA	NA
450263_1	chr9	-	20	0	0	1	20	139760709	139760690	NA	NA
450264_1	chr11	-	20	0	0	1	20	18637425	18637406	NA	NA
450265_1	chr12	-	20	0	0	1	20	124831350	124831331	NA	NA
450266_1	chr8	-	20	0	0	1	20	75516394	75516375	NA	NA
450267_2	chr2	-	20	0	0	1	20	220288499	220288518	NA	NA
450268_1	chr12	-	20	0	0	1	20	56121058	56121039	NA	NA
450269_1	chr14	-	20	0	0	1	20	43722993	43723012	NA	NA
450270_1	chr14	-	20	0	0	1	20	54950466	54950447	NA	NA
450271_1	chr2	-	20	0	0	1	20	161133849	161133830	NA	NA
450272_1	chr1	-	20	0	0	1	20	235345114	235345095	NA	NA
450273_1	chr19	-	20	0	0	1	20	24184972	24184953	NA	NA
450274_1	chr14	-	20	0	0	1	20	52781694	52781713	NA	NA
450275_1	chr8	-	20	0	0	1	20	76289217	76289236	NA	NA
450276_1	chr11	-	20	0	0	1	20	43904216	43904235	NA	NA
450277_1	chr8	-	20	0	0	1	20	21859655	21859674	NA	NA
450278_1	chr1	-	20	0	0	1	20	68615889	68615870	NA	NA
450279_2	chr14	-	20	0	0	1	20	68141099	68141080	NA	NA
450280_1	chr17	-	20	0	0	1	20	76973263	76973244	NA	NA
450281_1	chr2	-	20	0	0	1	20	45236399	45236380	NA	NA
450282_1	chr8	-	20	0	0	1	20	20072391	20072410	NA	NA
450283_1	chr4	-	20	0	0	1	20	7584265	7584284	NA	NA
450284_1	chr6	-	20	0	0	1	20	31613289	31613270	NA	NA
450285_10	chrM	-	20	0	0	1	20	752	771	NA	NA
450286_1	chr9	-	20	0	0	1	20	99259014	99259033	NA	NA
450287_1	chr3	-	20	0	0	1	20	95009187	95009206	NA	NA
450288_1	chr19	-	20	0	0	1	20	54377531	54377550	NA	NA
450289_1	chr21	-	20	0	0	1	20	9827018	9827037	NA	NA
450290_1	chr2	-	20	0	0	1	20	169727947	169727928	NA	NA
450291_1	chr12	-	20	0	0	1	20	95010309	95010328	NA	NA
450292_1	chr2	-	20	0	0	1	20	65315646	65315627	NA	NA
450293_1	chr14	-	20	0	0	1	20	58831548	58831567	NA	NA
450294_1	chr2	-	20	0	0	1	20	189874923	189874942	NA	NA
450295_1	chr4	-	20	0	0	1	20	83295181	83295200	NA	NA
450296_1	chr2	-	20	0	0	1	20	241404583	241404602	NA	NA
450297_1	chr6	-	20	0	0	1	20	44217459	44217478	NA	NA
450298_1	chr12	-	20	0	0	1	20	98034560	98034541	NA	NA
450299_1	chr11	-	20	0	0	1	20	63520087	63520106	NA	NA
450300_1	chr21	-	20	0	0	1	20	41042383	41042364	NA	NA
450301_1	chr22	-	20	0	0	1	20	38201782	38201801	NA	NA
450302_6	chr16	-	20	0	0	1	20	33965560	33965579	NA	NA
450303_1	chr2	-	20	0	0	1	20	9770573	9770554	NA	NA
450304_1	chr1	-	20	0	0	1	20	117504146	117504165	NA	NA
450305_1	chr1	-	20	0	0	1	20	93299116	93299135	NA	NA
450306_1	chr6	-	20	0	0	1	20	49440509	49440528	NA	NA
450307_1	chr2	-	20	0	0	1	20	133010743	133010724	NA	NA
450308_1	chr21	-	20	0	0	1	20	9827384	9827403	NA	NA
450309_1	chr1	-	20	0	0	1	20	8938703	8938684	NA	NA
450310_2	chr17	-	20	0	0	1	20	66016074	66016055	NA	NA
450311_1	chr16	-	20	0	0	1	20	2317751	2317732	NA	NA
450312_1	chr17	-	20	0	0	1	20	74733135	74733116	NA	NA
450313_1	chr1	-	20	0	0	1	20	91487565	91487546	NA	NA
450314_1	chrX	-	20	0	0	1	20	53566726	53566707	NA	NA
450315_1	chr5	-	20	0	0	1	20	115177238	115177219	NA	NA
450316_1	chr10	-	20	0	0	1	20	121619397	121619378	NA	NA
450317_1	chr15	-	20	0	0	1	20	78171525	78171544	NA	NA
450318_1	chr16	-	20	0	0	1	20	69745188	69745169	NA	NA
450319_1	chr18	-	20	0	0	1	20	70760262	70760243	NA	NA
450320_1	chr19	-	20	0	0	1	20	54634803	54634822	NA	NA
450321_1	chr17	-	20	0	0	1	20	2253039	2253058	NA	NA
450322_1	chr11	-	20	0	0	1	20	122928598	122928579	NA	NA
450323_1	chr5	-	20	0	0	1	20	137849376	137849357	NA	NA
450324_1	chr4	-	20	0	0	1	20	44691884	44691903	NA	NA
450325_1	chr2	-	20	0	0	1	20	106934343	106934362	NA	NA
450326_1	chr19	-	20	0	0	1	20	40030273	40030254	NA	NA
450327_1	chr3	-	20	0	0	1	20	14239541	14239560	NA	NA
450328_1	chr1	-	20	0	0	1	20	155296538	155296557	NA	NA
450329_1	chr12	-	20	0	0	1	20	6054640	6054621	NA	NA
450330_1	chr16	-	20	0	0	1	20	33963570	33963589	NA	NA
450331_1	chr1	-	20	0	0	1	20	224009000	224008981	NA	NA
450332_1	chr13	-	20	0	0	1	20	37583337	37583356	NA	NA
450333_1	chr11	-	20	0	0	1	20	63742104	63742123	NA	NA
450334_1	chr12	-	20	0	0	1	20	76784303	76784284	NA	NA
450335_1	chr22	-	20	0	0	1	20	50001945	50001964	NA	NA
450336_1	chr2	-	20	0	0	1	20	189917683	189917664	NA	NA
450337_3	chr15	-	20	0	0	1	20	57178127	57178146	NA	NA
450338_1	chr14	-	20	0	0	1	20	42077571	42077590	NA	NA
450339_1	chr7	-	20	0	0	1	20	75583308	75583327	NA	NA
450340_1	chr7	-	20	0	0	1	20	94293912	94293931	NA	NA
450341_1	chr6	-	20	0	0	1	20	27839981	27839962	NA	NA
450342_1	chr6	-	20	0	0	1	20	159991247	159991228	NA	NA
450343_1	chr5	-	20	0	0	1	20	81573653	81573634	NA	NA
450344_1	chr3	-	20	0	0	1	20	51452271	51452252	NA	NA
450345_1	chr1	-	20	0	0	1	20	183097753	183097772	NA	NA
450346_1	chr17	-	20	0	0	1	20	79990275	79990294	NA	NA
450347_1	chr16	-	20	0	0	1	20	2284247	2284266	NA	NA
450348_1	chrX	-	20	0	0	1	20	48759282	48759301	NA	NA
450349_1	chr10	-	20	0	0	1	20	74833519	74833500	NA	NA
450350_1	chr7	-	20	0	0	1	20	100076773	100076754	NA	NA
450351_1	chr2	-	20	0	0	1	20	231947686	231947705	NA	NA
450352_1	chr6	-	20	0	0	1	20	57075076	57075057	NA	NA
450353_1	chr7	-	20	0	0	1	20	128095988	128096007	NA	NA
450354_1	chrX	-	20	0	0	1	20	108297805	108297824	NA	NA
450355_1	chr2	-	20	0	0	1	20	189910614	189910595	NA	NA
450356_26	chr12	-	20	0	0	1	20	70208397	70208378	NA	NA
450357_3	chrY	-	20	0	0	1	20	10037770	10037789	NA	NA
450358_1	chr12	-	20	0	0	1	20	50146753	50146772	NA	NA
450359_1	chr8	-	20	0	0	1	20	146017406	146017387	NA	NA
450360_1	chr1	-	20	0	0	1	20	26230204	26230185	NA	NA
450361_1	chr1	-	20	0	0	1	20	35657895	35657876	NA	NA
450362_1	chr20	-	20	0	0	1	20	2775986	2775967	NA	NA
450363_1	chr1	-	20	0	0	1	20	42846563	42846544	NA	NA
450364_1	chr5	-	20	0	0	1	20	50081214	50081233	NA	NA
450365_1	chr2	-	20	0	0	1	20	70314824	70314843	NA	NA
450366_5	chrX	-	20	0	0	1	20	108297810	108297829	NA	NA
450367_4	chr19	-	20	0	0	1	20	14628774	14628793	NA	NA
450368_1	chr19	-	20	0	0	1	20	6416596	6416577	NA	NA
450369_1	chr1	-	20	0	0	1	20	153789993	153789974	NA	NA
450370_1	chr6	-	20	0	0	1	20	26056426	26056407	NA	NA
450371_1	chr6	-	20	0	0	1	20	26124475	26124494	NA	NA
450372_1	chr6	-	20	0	0	1	20	27860641	27860622	NA	NA
450373_2	chr8	-	20	0	0	1	20	38279344	38279325	NA	NA
450374_2	chr21	-	20	0	0	1	20	37783877	37783896	NA	NA
450375_1	chr1	-	20	0	0	1	20	32479599	32479618	NA	NA
450376_1	chr1	-	20	0	0	1	20	1475895	1475876	NA	NA
450377_1	chr7	-	20	0	0	1	20	100183670	100183651	NA	NA
450378_1	chr5	-	20	0	0	1	20	118861670	118861689	NA	NA
450379_1	chr12	-	20	0	0	1	20	110456155	110456174	NA	NA
450380_1	chr11	-	20	0	0	1	20	63965402	63965421	NA	NA
450381_1	chr2	-	20	0	0	1	20	112704986	112705005	NA	NA
450382_1	chr19	-	20	0	0	1	20	44048356	44048337	NA	NA
450383_1	chr1	-	20	0	0	1	20	152006153	152006134	NA	NA
450384_1	chr5	-	20	0	0	1	20	179227025	179227006	NA	NA
450385_15	chr9	-	20	0	0	1	20	133962952	133962933	NA	NA
450386_1	chr2	-	20	0	0	1	20	23608781	23608800	NA	NA
450387_1	chr2	-	20	0	0	1	20	162267877	162267896	NA	NA
450388_1	chr19	-	20	0	0	1	20	436372	436353	NA	NA
450389_1	chr2	-	20	0	0	1	20	189916119	189916100	NA	NA
450390_1	chr8	-	20	0	0	1	20	136786014	136785995	NA	NA
450391_1	chrX	-	20	0	0	1	20	47053272	47053291	NA	NA
450392_1	chr7	-	20	0	0	1	20	42962969	42962950	NA	NA
450393_1	chr9	-	20	0	0	1	20	115221797	115221816	NA	NA
450394_1	chr11	-	20	0	0	1	20	57101959	57101940	NA	NA
450395_1	chr6	-	20	0	0	1	20	152623169	152623150	NA	NA
450396_1	chr12	-	20	0	0	1	20	65191842	65191861	NA	NA
450397_1	chr11	-	20	0	0	1	20	314239	314258	NA	NA
450398_1	chr3	-	20	0	0	1	20	51992904	51992885	NA	NA
450399_1	chr3	-	20	0	0	1	20	186522450	186522431	NA	NA
450400_1	chr2	-	20	0	0	1	20	135170490	135170509	NA	NA
450401_1	chr6	-	20	0	0	1	20	32827196	32827215	NA	NA
450402_1	chr20	-	20	0	0	1	20	3739211	3739192	NA	NA
450403_1	chr7	-	20	0	0	1	20	5569275	5569256	NA	NA
450404_1	chr5	-	20	0	0	1	20	180670735	180670716	NA	NA
450405_1	chr2	-	20	0	0	1	20	242275408	242275427	NA	NA
450406_3	chrM	-	20	0	0	1	20	3151	3170	NA	NA
450407_1	chr20	-	20	0	0	1	20	32581749	32581768	NA	NA
450408_1	chrX	-	20	0	0	1	20	24075587	24075606	NA	NA
450409_1	chr9	-	20	0	0	1	20	35665084	35665065	NA	NA
450410_1	chr12	-	20	0	0	1	20	48369182	48369163	NA	NA
450411_45	chr12	-	20	0	0	1	20	127650518	127650499	NA	NA
450412_1	chr2	-	20	0	0	1	20	133012054	133012035	NA	NA
450413_1	chr6	-	20	0	0	1	20	33359539	33359520	NA	NA
450414_1	chr7	-	20	0	0	1	20	73654341	73654322	NA	NA
450415_1	chr12	-	20	0	0	1	20	71918190	71918209	NA	NA
# blasting completed