98290_1	chrE	-	23	0	0	1	23	650	672	NA	NA
98291_1	chr16	-	23	0	0	1	23	33964004	33964026	NA	NA
98292_1	chr19	-	23	0	0	1	23	24183715	24183693	NA	NA
98293_1	chr3	-	23	0	0	1	23	101176420	101176398	NA	NA
98294_1	chr17	-	23	0	0	1	23	48258289	48258267	NA	NA
98295_1	chrE	-	23	0	0	1	23	6979	7001	NA	NA
98296_1	chr8	-	23	0	0	1	23	21771831	21771853	NA	NA
98297_1	chr2	-	23	0	0	1	23	198327397	198327419	NA	NA
98298_6	chr16	-	23	0	0	1	23	33963180	33963202	NA	NA
98299_1	chr22	-	23	0	0	1	23	22210628	22210650	NA	NA
98300_1	chrE	-	23	0	0	1	23	728	750	NA	NA
98301_1	chr19	-	23	0	0	1	23	34922795	34922817	NA	NA
98302_1	chr2	-	23	0	0	1	23	160609017	160609039	NA	NA
98303_1	chrE	-	23	0	0	1	23	1274	1296	NA	NA
98304_1	chrE	-	23	0	0	1	23	3340	3362	NA	NA
98305_1	chrE	-	23	0	0	1	23	1192	1214	NA	NA
98306_2	chr21	-	23	0	0	1	23	9827291	9827313	NA	NA
98307_10	chr21	-	23	0	0	1	23	9827148	9827170	NA	NA
98308_1	chr16	-	23	0	0	1	23	3820728	3820706	NA	NA
98309_1	chr21	-	23	0	0	1	23	9827038	9827060	NA	NA
98310_18	chr16	-	23	0	0	1	23	47538724	47538746	NA	NA
98311_1	chrX	-	23	0	0	1	23	108297803	108297825	NA	NA
98312_1	chrE	-	23	0	0	1	23	6118	6140	NA	NA
98313_1	chr1	-	23	0	0	1	23	91852904	91852882	NA	NA
98314_1	chr14	-	23	0	0	1	23	69358925	69358903	NA	NA
98315_1	chr13	-	23	0	0	1	23	111082275	111082297	NA	NA
98316_1	chrE	-	23	0	0	1	23	2634	2656	NA	NA
98317_1	chrE	-	23	0	0	1	23	5877	5899	NA	NA
98318_1	chr7	-	23	0	0	1	23	30661013	30661035	NA	NA
98319_1	chr8	-	23	0	0	1	23	37702333	37702311	NA	NA
98320_9	chr19	-	23	0	0	1	23	3463169	3463147	NA	NA
98321_1	chrE	-	23	0	0	1	23	3341	3363	NA	NA
98322_1	chr5	-	23	0	0	1	23	7859566	7859544	NA	NA
98323_1	chr19	-	23	0	0	1	23	48018241	48018219	NA	NA
98324_1	chrE	-	23	0	0	1	23	1069	1091	NA	NA
98325_1	chrE	-	23	0	0	1	23	3342	3364	NA	NA
98326_1	chr12	-	23	0	0	1	23	20704403	20704425	NA	NA
98327_1	chr21	-	23	0	0	1	23	9827039	9827061	NA	NA
98328_1	chrE	-	23	0	0	1	23	3980	4002	NA	NA
98329_2	chrE	-	23	0	0	1	23	6139	6161	NA	NA
98330_1	chrE	-	23	0	0	1	23	1759	1781	NA	NA
98331_59	chr16	-	23	0	0	1	23	47538725	47538747	NA	NA
98332_1	chr10	-	23	0	0	1	23	17275829	17275851	NA	NA
98333_1	chrE	-	23	0	0	1	23	1625	1647	NA	NA
98334_2	chrE	-	23	0	0	1	23	4017	4039	NA	NA
98335_2	chrE	-	23	0	0	1	23	2304	2326	NA	NA
98336_1	chr22	-	23	0	0	1	23	41531884	41531906	NA	NA
98337_1	chrE	-	23	0	0	1	23	782	804	NA	NA
98338_2	chrE	-	23	0	0	1	23	1227	1249	NA	NA
98339_2	chrE	-	23	0	0	1	23	5466	5488	NA	NA
98340_1	chrE	-	23	0	0	1	23	588	610	NA	NA
98341_1	chrE	-	23	0	0	1	23	3560	3582	NA	NA
98342_1	chrE	-	23	0	0	1	23	3520	3542	NA	NA
98343_1	chr19	-	23	0	0	1	23	40329770	40329748	NA	NA
98344_1	chr13	-	23	0	0	1	23	111274565	111274587	NA	NA
98345_1	chr7	-	23	0	0	1	23	152133256	152133234	NA	NA
98346_1	chrY	-	23	0	0	1	23	10037862	10037884	NA	NA
98347_1	chr2	-	23	0	0	1	23	230045586	230045564	NA	NA
98348_1	chr6	-	23	0	0	1	23	26045646	26045668	NA	NA
98349_1	chr2	-	23	0	0	1	23	133038928	133038906	NA	NA
98350_1	chr2	-	23	0	0	1	23	189876428	189876450	NA	NA
98351_1	chr6	-	23	0	0	1	23	157787503	157787481	NA	NA
98352_1	chr20	-	23	0	0	1	23	57464745	57464767	NA	NA
98353_1	chrE	-	23	0	0	1	23	2349	2371	NA	NA
98354_1	chrY	-	23	0	0	1	23	10036550	10036572	NA	NA
98355_1	chr1	-	23	0	0	1	23	27250625	27250647	NA	NA
98356_1	chr1	-	23	0	0	1	23	241675384	241675362	NA	NA
98357_1	chr1	-	23	0	0	1	23	91852907	91852885	NA	NA
98358_1	chr6	-	23	0	0	1	23	137242894	137242916	NA	NA
98359_1	chr5	-	23	0	0	1	23	36962351	36962373	NA	NA
98360_1	chr11	-	23	0	0	1	23	78128878	78128856	NA	NA
98361_1	chr21	-	23	0	0	1	23	9827378	9827400	NA	NA
98362_1	chr19	-	23	0	0	1	23	42364866	42364888	NA	NA
98363_1	chrE	-	23	0	0	1	23	2937	2959	NA	NA
98364_1	chr13	-	23	0	0	1	23	112758180	112758158	NA	NA
98365_1	chr19	-	23	0	0	1	23	36066646	36066668	NA	NA
98366_1	chr19	-	23	0	0	1	23	9524299	9524277	NA	NA
98367_3	chrE	-	23	0	0	1	23	3833	3855	NA	NA
98368_2	chrE	-	23	0	0	1	23	3272	3294	NA	NA
98369_4	chr9	-	23	0	0	1	23	136933665	136933687	NA	NA
98370_1	chrE	-	23	0	0	1	23	2141	2163	NA	NA
98371_1	chr1	-	23	0	0	1	23	43396773	43396751	NA	NA
98372_2	chr18	-	23	0	0	1	23	35065632	35065610	NA	NA
98373_1	chr2	-	23	0	0	1	23	133012265	133012243	NA	NA
98374_1	chr20	-	23	0	0	1	23	35838550	35838572	NA	NA
98375_1	chrE	-	23	0	0	1	23	2394	2416	NA	NA
98376_2	chrE	-	23	0	0	1	23	714	736	NA	NA
98377_1	chr21	-	23	0	0	1	23	9827434	9827456	NA	NA
98378_1	chr6	-	23	0	0	1	23	26157146	26157168	NA	NA
98379_1	chr9	-	23	0	0	1	23	79186700	79186722	NA	NA
98380_2	chr16	-	23	0	0	1	23	33963293	33963315	NA	NA
98381_1	chr1	-	23	0	0	1	23	36645619	36645641	NA	NA
98382_1	chrE	-	23	0	0	1	23	2357	2379	NA	NA
98383_1	chrE	-	23	0	0	1	23	4718	4740	NA	NA
98384_1	chr16	-	23	0	0	1	23	33963333	33963355	NA	NA
98385_1	chrE	-	23	0	0	1	23	727	749	NA	NA
98386_1	chr1	-	23	0	0	1	23	152009425	152009403	NA	NA
98387_1	chr8	-	23	0	0	1	23	72756644	72756622	NA	NA
98388_468	chr9	-	23	0	0	1	23	136933667	136933689	NA	NA
98389_1	chrE	-	23	0	0	1	23	1757	1779	NA	NA
98390_1	chrE	-	23	0	0	1	23	1761	1783	NA	NA
98391_1	chr17	-	23	0	0	1	23	33478269	33478247	NA	NA
98392_1	chrE	-	23	0	0	1	23	5562	5584	NA	NA
98393_1	chrE	-	23	0	0	1	23	2881	2903	NA	NA
98394_1	chrE	-	23	0	0	1	23	2758	2780	NA	NA
98395_2	chr3	-	23	0	0	1	23	9974569	9974591	NA	NA
98396_1	chrE	-	23	0	0	1	23	1804	1826	NA	NA
98397_1	chrE	-	23	0	0	1	23	2648	2670	NA	NA
98398_1	chr7	-	23	0	0	1	23	94294697	94294719	NA	NA
98399_1	chr12	-	23	0	0	1	23	127650658	127650636	NA	NA
98400_1	chrE	-	23	0	0	1	23	2924	2946	NA	NA
98401_1	chr15	-	23	0	0	1	23	32163034	32163012	NA	NA
98402_1	chrE	-	23	0	0	1	23	4337	4359	NA	NA
98403_1	chr6	-	23	0	0	1	23	42932664	42932642	NA	NA
98404_1	chrE	-	23	0	0	1	23	815	837	NA	NA
98405_1	chr19	-	23	0	0	1	23	16296250	16296272	NA	NA
98406_1	chrE	-	23	0	0	1	23	5737	5759	NA	NA
98407_1	chr2	-	23	0	0	1	23	9221716	9221694	NA	NA
98408_1	chr6	-	23	0	0	1	23	111196346	111196368	NA	NA
98409_1	chrE	-	23	0	0	1	23	5068	5090	NA	NA
98410_1	chr14	-	23	0	0	1	23	23240287	23240309	NA	NA
98411_1	chr7	-	23	0	0	1	23	19346199	19346177	NA	NA
98412_1	chr19	-	23	0	0	1	23	31618743	31618765	NA	NA
98413_1	chrE	-	23	0	0	1	23	3288	3310	NA	NA
98414_1	chr16	-	23	0	0	1	23	33964082	33964104	NA	NA
98415_1	chrX	-	23	0	0	1	23	58307794	58307816	NA	NA
98416_2	chrE	-	23	0	0	1	23	3633	3655	NA	NA
98417_1	chr7	-	23	0	0	1	23	75609664	75609686	NA	NA
98418_1	chr19	-	23	0	0	1	23	24183720	24183698	NA	NA
98419_1	chrE	-	23	0	0	1	23	5878	5900	NA	NA
98420_1	chrE	-	23	0	0	1	23	741	763	NA	NA
98421_1	chr1	-	23	0	0	1	23	156710774	156710752	NA	NA
98422_1	chr2	-	23	0	0	1	23	136598245	136598223	NA	NA
98423_1	chrX	-	23	0	0	1	23	16876826	16876804	NA	NA
98424_1	chr8	-	23	0	0	1	23	56755052	56755030	NA	NA
98425_2	chrE	-	23	0	0	1	23	3601	3623	NA	NA
98426_1	chrE	-	23	0	0	1	23	3035	3057	NA	NA
98427_1	chr19	-	23	0	0	1	23	24183714	24183692	NA	NA
98428_2	chr12	-	23	0	0	1	23	34372651	34372629	NA	NA
98429_1	chr17	-	23	0	0	1	23	40652802	40652824	NA	NA
98430_1	chrE	-	23	0	0	1	23	6533	6555	NA	NA
98431_1	chr6	-	23	0	0	1	23	27861260	27861282	NA	NA
98432_1	chr7	-	23	0	0	1	23	5644984	5645006	NA	NA
98433_1	chrX	-	23	0	0	1	23	99012787	99012809	NA	NA
98434_1	chrE	-	23	0	0	1	23	6583	6605	NA	NA
98435_1	chrE	-	23	0	0	1	23	3879	3901	NA	NA
98436_1	chr8	-	23	0	0	1	23	117778947	117778969	NA	NA
98437_1	chr16	-	23	0	0	1	23	33963294	33963316	NA	NA
98438_1	chrE	-	23	0	0	1	23	2305	2327	NA	NA
98439_1	chr2	-	23	0	0	1	23	189864283	189864305	NA	NA
98440_36	chr16	-	23	0	0	1	23	47538726	47538748	NA	NA
98441_2	chr4	-	23	0	0	1	23	70296636	70296614	NA	NA
98442_1	chr12	-	23	0	0	1	23	10862562	10862540	NA	NA
98443_1	chr7	-	23	0	0	1	23	141401931	141401909	NA	NA
98444_2	chr2	-	23	0	0	1	23	230045511	230045489	NA	NA
98445_1	chrE	-	23	0	0	1	23	1522	1544	NA	NA
98446_2	chrE	-	23	0	0	1	23	6633	6655	NA	NA
98447_1	chr2	-	23	0	0	1	23	133012591	133012569	NA	NA
98448_1	chr17	-	23	0	0	1	23	57754434	57754456	NA	NA
98449_1	chr1	-	23	0	0	1	23	91852846	91852824	NA	NA
98450_1	chr17	-	23	0	0	1	23	42200910	42200888	NA	NA
98451_1	chr2	-	23	0	0	1	23	133012012	133011990	NA	NA
98452_1	chr11	-	23	0	0	1	23	4127410	4127432	NA	NA
98453_1	chrM	-	23	0	0	1	23	2520	2542	NA	NA
98454_1	chr21	-	23	0	0	1	23	9827040	9827062	NA	NA
98455_1	chrE	-	23	0	0	1	23	854	876	NA	NA
98456_1	chrE	-	23	0	0	1	23	6598	6620	NA	NA
98457_2	chr11	-	23	0	0	1	23	85195203	85195225	NA	NA
98458_1	chrM	-	23	0	0	1	23	9926	9948	NA	NA
98459_1	chrE	-	23	0	0	1	23	5378	5400	NA	NA
98460_1	chrE	-	23	0	0	1	23	7168	7190	NA	NA
98461_1	chr11	-	23	0	0	1	23	67168309	67168287	NA	NA
98462_1	chrE	-	23	0	0	1	23	3039	3061	NA	NA
98463_1	chr8	-	23	0	0	1	23	56755057	56755035	NA	NA
98464_1	chr11	-	23	0	0	1	23	122930581	122930559	NA	NA
98465_1	chr12	-	23	0	0	1	23	127650641	127650619	NA	NA
98466_1	chr21	-	23	0	0	1	23	9827500	9827522	NA	NA
98467_1	chrY	-	23	0	0	1	23	10037779	10037801	NA	NA
98468_2	chrE	-	23	0	0	1	23	6632	6654	NA	NA
98469_1	chr1	-	23	0	0	1	23	89156976	89156954	NA	NA
98470_1	chr1	-	23	0	0	1	23	91852843	91852821	NA	NA
98471_1	chrE	-	23	0	0	1	23	1490	1512	NA	NA
98472_1	chrE	-	23	0	0	1	23	6700	6722	NA	NA
98473_1	chr11	-	23	0	0	1	23	747461	747439	NA	NA
98474_2	chr21	-	23	0	0	1	23	27228124	27228146	NA	NA
98475_1	chr1	-	23	0	0	1	23	213589845	213589823	NA	NA
98476_1	chr16	-	23	0	0	1	23	33962706	33962728	NA	NA
98477_1	chr12	-	23	0	0	1	23	127650621	127650599	NA	NA
98478_3	chrY	-	23	0	0	1	23	10037767	10037789	NA	NA
98479_1	chr1	-	23	0	0	1	23	150305543	150305565	NA	NA
98480_1	chrE	-	23	0	0	1	23	6101	6123	NA	NA
98481_1	chr21	-	23	0	0	1	23	9827370	9827392	NA	NA
98482_1	chrE	-	23	0	0	1	23	1556	1578	NA	NA
98483_1	chrE	-	23	0	0	1	23	2581	2603	NA	NA
98484_1	chr8	-	23	0	0	1	23	853038	853060	NA	NA
98485_1	chr2	-	23	0	0	1	23	230045525	230045503	NA	NA
98486_2	chr19	-	23	0	0	1	23	24184631	24184609	NA	NA
98487_1	chrM	-	23	0	0	1	23	1880	1902	NA	NA
98488_2	chr15	-	23	0	0	1	23	57178127	57178149	NA	NA
98489_1	chr3	-	23	0	0	1	23	37138137	37138115	NA	NA
98490_1	chr11	-	23	0	0	1	23	85195046	85195068	NA	NA
98491_1	chr1	-	23	0	0	1	23	120254649	120254671	NA	NA
98492_1	chrE	-	23	0	0	1	23	4329	4351	NA	NA
98493_1	chr2	-	23	0	0	1	23	153411853	153411831	NA	NA
98494_1	chr17	-	23	0	0	1	23	33478227	33478205	NA	NA
98495_3	chrE	-	23	0	0	1	23	3070	3092	NA	NA
98496_1	chr1	-	23	0	0	1	23	28835162	28835184	NA	NA
98497_1	chr12	-	23	0	0	1	23	127650657	127650635	NA	NA
98498_1	chr9	-	23	0	0	1	23	72874025	72874047	NA	NA
98499_1	chr10	-	23	0	0	1	23	103565903	103565881	NA	NA
98500_3	chr16	-	23	0	0	1	23	33963223	33963245	NA	NA
98501_1	chr7	-	23	0	0	1	23	94294731	94294753	NA	NA
98502_1	chr17	-	23	0	0	1	23	57725662	57725684	NA	NA
98503_1	chr2	-	23	0	0	1	23	172822377	172822399	NA	NA
98504_1	chr10	-	23	0	0	1	23	70723152	70723174	NA	NA
98505_1	chr15	-	23	0	0	1	23	40702916	40702938	NA	NA
98506_1	chr10	-	23	0	0	1	23	120933350	120933328	NA	NA
98507_1	chrE	-	23	0	0	1	23	4167	4189	NA	NA
98508_1	chr7	-	23	0	0	1	23	100304856	100304878	NA	NA
98509_1	chrE	-	23	0	0	1	23	3938	3960	NA	NA
98510_1	chr8	-	23	0	0	1	23	144918326	144918304	NA	NA
98511_1	chr2	-	23	0	0	1	23	10588351	10588329	NA	NA
98512_1	chr1	-	23	0	0	1	23	100111819	100111841	NA	NA
98513_1	chr1	-	23	0	0	1	23	38488393	38488415	NA	NA
98514_1	chr7	-	23	0	0	1	23	124532347	124532325	NA	NA
98515_1	chr10	-	23	0	0	1	23	16635464	16635442	NA	NA
98516_1	chr9	-	23	0	0	1	23	135048728	135048750	NA	NA
98517_3	chrE	-	23	0	0	1	23	3532	3554	NA	NA
98518_1	chr21	-	23	0	0	1	23	9827294	9827316	NA	NA
98519_2	chrE	-	23	0	0	1	23	1870	1892	NA	NA
98520_1	chr19	-	23	0	0	1	23	45095667	45095645	NA	NA
98521_1	chr5	-	23	0	0	1	23	141307835	141307857	NA	NA
98522_1	chr11	-	23	0	0	1	23	19164579	19164601	NA	NA
98523_1	chr6	-	23	0	0	1	23	52374372	52374350	NA	NA
98524_1	chr12	-	23	0	0	1	23	90102931	90102909	NA	NA
98525_1	chr19	-	23	0	0	1	23	5653231	5653253	NA	NA
98526_1	chrE	-	23	0	0	1	23	1305	1327	NA	NA
98527_2	chrE	-	23	0	0	1	23	845	867	NA	NA
98528_3	chr16	-	23	0	0	1	23	73091880	73091902	NA	NA
98529_1	chr14	-	23	0	0	1	23	96343100	96343078	NA	NA
98530_1	chr16	-	23	0	0	1	23	33963343	33963365	NA	NA
98531_4	chr2	-	23	0	0	1	23	133012338	133012316	NA	NA
98532_1	chr12	-	23	0	0	1	23	104336346	104336368	NA	NA
98533_1	chr15	-	23	0	0	1	23	65856560	65856582	NA	NA
98534_1	chrE	-	23	0	0	1	23	2331	2353	NA	NA
98535_1	chrE	-	23	0	0	1	23	4517	4539	NA	NA
98536_1	chr9	-	23	0	0	1	23	133512398	133512420	NA	NA
98537_1	chrY	-	23	0	0	1	23	10036901	10036923	NA	NA
98538_1	chr2	-	23	0	0	1	23	232321778	232321756	NA	NA
98539_4	chr9	-	23	0	0	1	23	79186674	79186696	NA	NA
98540_1	chr9	-	23	0	0	1	23	130425530	130425552	NA	NA
98541_2	chr7	-	23	0	0	1	23	88388941	88388919	NA	NA
98542_1	chr2	-	23	0	0	1	23	133012758	133012736	NA	NA
98543_1	chrE	-	23	0	0	1	23	7095	7117	NA	NA
98544_1	chr6	-	23	0	0	1	23	26027493	26027471	NA	NA
98545_1	chr19	-	23	0	0	1	23	11665070	11665048	NA	NA
98546_1	chr5	-	23	0	0	1	23	71146888	71146910	NA	NA
98547_2	chrE	-	23	0	0	1	23	1982	2004	NA	NA
98548_1	chr12	-	23	0	0	1	23	110782738	110782760	NA	NA
98549_2	chr16	-	23	0	0	1	23	33963345	33963367	NA	NA
98550_1	chr7	-	23	0	0	1	23	128496845	128496867	NA	NA
98551_1	chrE	-	23	0	0	1	23	732	754	NA	NA
98552_1	chr7	-	23	0	0	1	23	105121540	105121518	NA	NA
98553_1	chrE	-	23	0	0	1	23	4562	4584	NA	NA
98554_1	chrE	-	23	0	0	1	23	4065	4087	NA	NA
98555_1	chr7	-	23	0	0	1	23	134644835	134644857	NA	NA
98556_1	chr5	-	23	0	0	1	23	138265010	138265032	NA	NA
98557_1	chrE	-	23	0	0	1	23	7310	7332	NA	NA
98558_1	chr16	-	23	0	0	1	23	21294998	21294976	NA	NA
98559_1	chrX	-	23	0	0	1	23	39867904	39867882	NA	NA
98560_1	chr16	-	23	0	0	1	23	33963077	33963099	NA	NA
98561_1	chrE	-	23	0	0	1	23	909	931	NA	NA
98562_1	chrE	-	23	0	0	1	23	3069	3091	NA	NA
98563_1	chr3	-	23	0	0	1	23	127318248	127318270	NA	NA
98564_1	chr19	-	23	0	0	1	23	17420373	17420395	NA	NA
98565_14	chr21	-	23	0	0	1	23	9827053	9827075	NA	NA
98566_59	chr9	-	23	0	0	1	23	136933666	136933688	NA	NA
98567_1	chr15	-	23	0	0	1	23	63069011	63069033	NA	NA
98568_1	chr11	-	23	0	0	1	23	10328133	10328155	NA	NA
98569_8	chr17	-	23	0	0	1	23	81037676	81037654	NA	NA
98570_1	chr2	-	23	0	0	1	23	133037868	133037846	NA	NA
98571_1	chr1	-	23	0	0	1	23	20693172	20693194	NA	NA
98572_1	chr5	-	23	0	0	1	23	180664025	180664003	NA	NA
98573_1	chr3	-	23	0	0	1	23	122274704	122274682	NA	NA
98574_1	chrE	-	23	0	0	1	23	5308	5330	NA	NA
98575_1	chrE	-	23	0	0	1	23	5377	5399	NA	NA
98576_1	chr14	-	23	0	0	1	23	93684886	93684908	NA	NA
98577_1	chrE	-	23	0	0	1	23	6142	6164	NA	NA
98578_1	chrE	-	23	0	0	1	23	3300	3322	NA	NA
98579_1	chr11	-	23	0	0	1	23	77835253	77835231	NA	NA
98580_1	chr5	-	23	0	0	1	23	98109480	98109502	NA	NA
98581_1	chrE	-	23	0	0	1	23	1800	1822	NA	NA
98582_1	chr11	-	23	0	0	1	23	85195082	85195104	NA	NA
98583_2	chrE	-	23	0	0	1	23	4798	4820	NA	NA
98584_1	chrY	-	23	0	0	1	23	10036576	10036598	NA	NA
98585_1	chr21	-	23	0	0	1	23	9827461	9827483	NA	NA
98586_1	chrE	-	23	0	0	1	23	5811	5833	NA	NA
98587_1	chrY	-	23	0	0	1	23	10037837	10037859	NA	NA
98588_1	chr9	-	23	0	0	1	23	79186851	79186873	NA	NA
98589_1	chr22	-	23	0	0	1	23	38074512	38074534	NA	NA
98590_1	chr6	-	23	0	0	1	23	26056273	26056251	NA	NA
98591_1	chr6	-	23	0	0	1	23	133594123	133594145	NA	NA
98592_1	chr1	-	23	0	0	1	23	149858491	149858513	NA	NA
98593_1	chr4	-	23	0	0	1	23	122739231	122739209	NA	NA
98594_1	chr1	-	23	0	0	1	23	15821811	15821789	NA	NA
98595_1	chr4	-	23	0	0	1	23	104082553	104082531	NA	NA
98596_1	chr7	-	23	0	0	1	23	100200145	100200167	NA	NA
98597_1	chr5	-	23	0	0	1	23	154183243	154183265	NA	NA
98598_4	chr2	-	23	0	0	1	23	133012335	133012313	NA	NA
98599_1	chr4	-	23	0	0	1	23	39367931	39367909	NA	NA
98600_3	chr2	-	23	0	0	1	23	230045517	230045495	NA	NA
98601_2	chrE	-	23	0	0	1	23	713	735	NA	NA
98602_2	chrE	-	23	0	0	1	23	1199	1221	NA	NA
98603_2	chr19	-	23	0	0	1	23	24185477	24185455	NA	NA
98604_1	chrE	-	23	0	0	1	23	4580	4602	NA	NA
98605_1	chr5	-	23	0	0	1	23	138861258	138861236	NA	NA
98606_1	chr17	-	23	0	0	1	23	57760847	57760869	NA	NA
98607_2	chr6	-	23	0	0	1	23	28626048	28626026	NA	NA
98608_1	chr2	-	23	0	0	1	23	86255785	86255763	NA	NA
98609_1	chr5	-	23	0	0	1	23	82835094	82835116	NA	NA
98610_1	chr16	-	23	0	0	1	23	3726079	3726057	NA	NA
98611_2	chrE	-	23	0	0	1	23	3260	3282	NA	NA
98612_1	chr2	-	23	0	0	1	23	133012334	133012312	NA	NA
98613_1	chr19	-	23	0	0	1	23	1112917	1112895	NA	NA
98614_1	chrE	-	23	0	0	1	23	6698	6720	NA	NA
98615_1	chrE	-	23	0	0	1	23	3729	3751	NA	NA
98616_3	chrE	-	23	0	0	1	23	6950	6972	NA	NA
98617_1	chrE	-	23	0	0	1	23	1928	1950	NA	NA
98618_5	chr12	-	23	0	0	1	23	127650918	127650896	NA	NA
98619_2	chrE	-	23	0	0	1	23	635	657	NA	NA
98620_1	chr2	-	23	0	0	1	23	71273552	71273530	NA	NA
98621_1	chrE	-	23	0	0	1	23	2214	2236	NA	NA
98622_1	chrE	-	23	0	0	1	23	4342	4364	NA	NA
98623_1	chr21	-	23	0	0	1	23	9827290	9827312	NA	NA
98624_1	chrM	-	23	0	0	1	23	2517	2539	NA	NA
98625_1	chr5	-	23	0	0	1	23	179045192	179045170	NA	NA
98626_1	chrE	-	23	0	0	1	23	902	924	NA	NA
98627_1	chr5	-	23	0	0	1	23	34923109	34923131	NA	NA
98628_1	chr9	-	23	0	0	1	23	140136379	140136401	NA	NA
98629_1	chr15	-	23	0	0	1	23	57511736	57511758	NA	NA
98630_1	chrE	-	23	0	0	1	23	831	853	NA	NA
98631_1	chr1	-	23	0	0	1	23	21113823	21113801	NA	NA
98632_1	chr2	-	23	0	0	1	23	133012884	133012862	NA	NA
98633_4	chr5	-	23	0	0	1	23	3595782	3595760	NA	NA
98634_2	chrE	-	23	0	0	1	23	4165	4187	NA	NA
98635_1	chr18	-	23	0	0	1	23	2566953	2566931	NA	NA
98636_1	chrE	-	23	0	0	1	23	4670	4692	NA	NA
98637_1	chr12	-	23	0	0	1	23	120669250	120669228	NA	NA
98638_1	chr2	-	23	0	0	1	23	133012759	133012737	NA	NA
98639_2	chr8	-	23	0	0	1	23	25898429	25898407	NA	NA
98640_1	chr11	-	23	0	0	1	23	85195072	85195094	NA	NA
98641_1	chr19	-	23	0	0	1	23	39888115	39888137	NA	NA
98642_1	chrE	-	23	0	0	1	23	642	664	NA	NA
98643_1	chr13	-	23	0	0	1	23	32911770	32911792	NA	NA
98644_2	chrE	-	23	0	0	1	23	7002	7024	NA	NA
98645_2	chr8	-	23	0	0	1	23	21455983	21456005	NA	NA
98646_1	chr17	-	23	0	0	1	23	79860037	79860015	NA	NA
98647_1	chr20	-	23	0	0	1	23	33330745	33330723	NA	NA
98648_1	chr17	-	23	0	0	1	23	49365513	49365535	NA	NA
98649_1	chrE	-	23	0	0	1	23	5370	5392	NA	NA
98650_1	chr2	-	23	0	0	1	23	85822915	85822937	NA	NA
98651_1	chrE	-	23	0	0	1	23	3854	3876	NA	NA
98652_1	chr1	-	23	0	0	1	23	15251073	15251095	NA	NA
98653_1	chr6	-	23	0	0	1	23	43593232	43593210	NA	NA
98654_9	chr19	-	23	0	0	1	23	1470634	1470612	NA	NA
98655_1	chr19	-	23	0	0	1	23	45321825	45321847	NA	NA
98656_1	chr6	-	23	0	0	1	23	26205071	26205093	NA	NA
98657_1	chrY	-	23	0	0	1	23	10036101	10036123	NA	NA
98658_1	chr1	-	23	0	0	1	23	7711496	7711518	NA	NA
98659_1	chr17	-	23	0	0	1	23	65907485	65907507	NA	NA
98660_1	chrE	-	23	0	0	1	23	722	744	NA	NA
98661_1	chrE	-	23	0	0	1	23	6194	6216	NA	NA
98662_1	chrE	-	23	0	0	1	23	5739	5761	NA	NA
98663_1	chrE	-	23	0	0	1	23	1271	1293	NA	NA
98664_8	chr21	-	23	0	0	1	23	9827013	9827035	NA	NA
98665_2	chr1	-	23	0	0	1	23	40254260	40254282	NA	NA
98666_1	chrX	-	23	0	0	1	23	20555136	20555158	NA	NA
98667_1	chrE	-	23	0	0	1	23	593	615	NA	NA
98668_1	chr11	-	23	0	0	1	23	9459781	9459803	NA	NA
98669_2	chrE	-	23	0	0	1	23	4571	4593	NA	NA
98670_5	chr21	-	23	0	0	1	23	9827009	9827031	NA	NA
98671_1	chr4	-	23	0	0	1	23	157892097	157892075	NA	NA
98672_1	chrE	-	23	0	0	1	23	4053	4075	NA	NA
98673_1	chr5	-	23	0	0	1	23	71019535	71019513	NA	NA
98674_1	chr18	-	23	0	0	1	23	2738429	2738451	NA	NA
98675_2	chrE	-	23	0	0	1	23	1798	1820	NA	NA
98676_1	chr7	-	23	0	0	1	23	128614967	128614945	NA	NA
98677_1	chr19	-	23	0	0	1	23	24184775	24184753	NA	NA
98678_1	chr21	-	23	0	0	1	23	9827444	9827466	NA	NA
98679_1	chrE	-	23	0	0	1	23	4175	4197	NA	NA
98680_1	chr21	-	23	0	0	1	23	9827012	9827034	NA	NA
98681_1	chr3	-	23	0	0	1	23	96069738	96069760	NA	NA
98682_1	chrE	-	23	0	0	1	23	5617	5639	NA	NA
98683_6	chrE	-	23	0	0	1	23	696	718	NA	NA
98684_1	chr19	-	23	0	0	1	23	36352510	36352488	NA	NA
98685_2	chrE	-	23	0	0	1	23	2328	2350	NA	NA
98686_1	chr2	-	23	0	0	1	23	85552112	85552090	NA	NA
98687_1	chr5	-	23	0	0	1	23	65425067	65425045	NA	NA
98688_1	chr3	-	23	0	0	1	23	48040340	48040318	NA	NA
98689_1	chr19	-	23	0	0	1	23	4066804	4066826	NA	NA
98690_4	chr16	-	23	0	0	1	23	33963344	33963366	NA	NA
98691_1	chrY	-	23	0	0	1	23	10035902	10035924	NA	NA
98692_1	chrE	-	23	0	0	1	23	7103	7125	NA	NA
98693_2	chr16	-	23	0	0	1	23	47538730	47538752	NA	NA
98694_1	chr16	-	23	0	0	1	23	58035459	58035481	NA	NA
98695_1	chr19	-	23	0	0	1	23	39214339	39214361	NA	NA
98696_1	chr5	-	23	0	0	1	23	132202607	132202629	NA	NA
98697_1	chrE	-	23	0	0	1	23	5469	5491	NA	NA
98698_2	chr2	-	23	0	0	1	23	71565816	71565794	NA	NA
98699_1	chr17	-	23	0	0	1	23	65871790	65871812	NA	NA
98700_1	chr20	-	23	0	0	1	23	31424587	31424609	NA	NA
98701_1	chr22	-	23	0	0	1	23	19748544	19748522	NA	NA
98702_1	chrX	-	23	0	0	1	23	19140680	19140658	NA	NA
98703_79	chr2	-	23	0	0	1	23	71565817	71565795	NA	NA
98704_8	chr19	-	23	0	0	1	23	24185476	24185454	NA	NA
98705_1	chr7	-	23	0	0	1	23	94248240	94248218	NA	NA
98706_2	chr2	-	23	0	0	1	23	114736923	114736945	NA	NA
98707_2	chr10	-	23	0	0	1	23	121356510	121356532	NA	NA
98708_1	chrE	-	23	0	0	1	23	4069	4091	NA	NA
98709_1	chr12	-	23	0	0	1	23	53610630	53610652	NA	NA
98710_1	chr5	-	23	0	0	1	23	7878410	7878432	NA	NA
98711_1	chr1	-	23	0	0	1	23	91853080	91853058	NA	NA
98712_1	chr12	-	23	0	0	1	23	46662764	46662742	NA	NA
98713_1	chr12	-	23	0	0	1	23	127650917	127650895	NA	NA
98714_1	chr16	-	23	0	0	1	23	33965457	33965479	NA	NA
98715_1	chr14	-	23	0	0	1	23	32619185	32619207	NA	NA
98716_2	chrY	-	23	0	0	1	23	10037848	10037870	NA	NA
98717_1	chr7	-	23	0	0	1	23	72972112	72972090	NA	NA
98718_1	chrX	-	23	0	0	1	23	108297770	108297792	NA	NA
98719_1	chr5	-	23	0	0	1	23	77806098	77806120	NA	NA
98720_1	chrE	-	23	0	0	1	23	3178	3200	NA	NA
98721_1	chrY	-	23	0	0	1	23	10037769	10037791	NA	NA
98722_1	chr8	-	23	0	0	1	23	81182505	81182527	NA	NA
98723_2	chrE	-	23	0	0	1	23	2078	2100	NA	NA
98724_1	chr9	-	23	0	0	1	23	136024481	136024459	NA	NA
98725_2	chr2	-	23	0	0	1	23	47630251	47630229	NA	NA
98726_1	chrE	-	23	0	0	1	23	4353	4375	NA	NA
98727_1	chrE	-	23	0	0	1	23	1627	1649	NA	NA
98728_1	chrE	-	23	0	0	1	23	4282	4304	NA	NA
98729_3	chrE	-	23	0	0	1	23	884	906	NA	NA
98730_1	chr2	-	23	0	0	1	23	96933114	96933136	NA	NA
98731_1	chrE	-	23	0	0	1	23	6306	6328	NA	NA
98732_1	chrE	-	23	0	0	1	23	6499	6521	NA	NA
98733_1	chrE	-	23	0	0	1	23	6063	6085	NA	NA
98734_1	chrX	-	23	0	0	1	23	66266964	66266942	NA	NA
98735_1	chr5	-	23	0	0	1	23	14359534	14359556	NA	NA
98736_1	chrE	-	23	0	0	1	23	3527	3549	NA	NA
98737_1	chrE	-	23	0	0	1	23	6511	6533	NA	NA
98738_1	chr6	-	23	0	0	1	23	26205065	26205087	NA	NA
98739_1	chrE	-	23	0	0	1	23	4804	4826	NA	NA
98740_1	chr17	-	23	0	0	1	23	79848606	79848584	NA	NA
98741_1	chr14	-	23	0	0	1	23	20924861	20924883	NA	NA
98742_1	chr2	-	23	0	0	1	23	189898858	189898836	NA	NA
98743_1	chr15	-	23	0	0	1	23	40330541	40330519	NA	NA
98744_1	chr5	-	23	0	0	1	23	159546170	159546192	NA	NA
98745_1	chr2	-	23	0	0	1	23	60611859	60611881	NA	NA
98746_1	chrE	-	23	0	0	1	23	6199	6221	NA	NA
98747_5	chr19	-	23	0	0	1	23	24185253	24185231	NA	NA
98748_1	chr1	-	23	0	0	1	23	91852948	91852926	NA	NA
98749_1	chr1	-	23	0	0	1	23	11968288	11968310	NA	NA
98750_1	chr2	-	23	0	0	1	23	133038145	133038123	NA	NA
98751_1	chr1	-	23	0	0	1	23	91852811	91852789	NA	NA
98752_2	chrE	-	23	0	0	1	23	2833	2855	NA	NA
98753_1	chr16	-	23	0	0	1	23	33963232	33963254	NA	NA
98754_1	chrE	-	23	0	0	1	23	4935	4957	NA	NA
98755_1	chrE	-	23	0	0	1	23	4793	4815	NA	NA
98756_1	chr1	-	23	0	0	1	23	54670685	54670707	NA	NA
98757_1	chr4	-	23	0	0	1	23	16258133	16258111	NA	NA
98758_263	chr21	-	23	0	0	1	23	9827207	9827229	NA	NA
98759_1	chrE	-	23	0	0	1	23	2041	2063	NA	NA
98760_2	chrE	-	23	0	0	1	23	2391	2413	NA	NA
98761_1	chr10	-	23	0	0	1	23	99221808	99221786	NA	NA
98762_1	chr19	-	23	0	0	1	23	24184136	24184114	NA	NA
98763_2	chrE	-	23	0	0	1	23	2651	2673	NA	NA
98764_4	chrE	-	23	0	0	1	23	4229	4251	NA	NA
98765_1	chr16	-	23	0	0	1	23	12995346	12995368	NA	NA
98766_1	chr19	-	23	0	0	1	23	12911058	12911036	NA	NA
98767_1	chr12	-	23	0	0	1	23	922898	922920	NA	NA
98768_1	chr7	-	23	0	0	1	23	94292916	94292938	NA	NA
98769_1	chr20	-	23	0	0	1	23	57556600	57556578	NA	NA
98770_3	chr15	-	23	0	0	1	23	59203714	59203736	NA	NA
98771_1	chrE	-	23	0	0	1	23	1799	1821	NA	NA
98772_1	chr1	-	23	0	0	1	23	33292197	33292219	NA	NA
98773_1	chr16	-	23	0	0	1	23	47539186	47539208	NA	NA
98774_1	chr1	-	23	0	0	1	23	53308701	53308679	NA	NA
98775_1	chr21	-	23	0	0	1	23	40549402	40549380	NA	NA
98776_1	chr19	-	23	0	0	1	23	17356327	17356349	NA	NA
98777_1	chr1	-	23	0	0	1	23	225591107	225591085	NA	NA
98778_1	chr19	-	23	0	0	1	23	41893449	41893427	NA	NA
98779_1	chr14	-	23	0	0	1	23	31354747	31354769	NA	NA
98780_1	chr2	-	23	0	0	1	23	54856506	54856528	NA	NA
98781_6	chr13	-	23	0	0	1	23	112758181	112758159	NA	NA
98782_1	chrE	-	23	0	0	1	23	697	719	NA	NA
98783_1	chr17	-	23	0	0	1	23	33478298	33478276	NA	NA
98784_2	chr21	-	23	0	0	1	23	9827205	9827227	NA	NA
98785_1	chrE	-	23	0	0	1	23	2757	2779	NA	NA
98786_1	chr2	-	23	0	0	1	23	133012956	133012934	NA	NA
98787_1	chrE	-	23	0	0	1	23	1273	1295	NA	NA
98788_1	chr19	-	23	0	0	1	23	48949257	48949279	NA	NA
98789_1	chr17	-	23	0	0	1	23	33478192	33478170	NA	NA
98790_1	chr15	-	23	0	0	1	23	68499694	68499672	NA	NA
98791_1	chrE	-	23	0	0	1	23	5020	5042	NA	NA
98792_1	chr1	-	23	0	0	1	23	169080658	169080680	NA	NA
98793_1	chr14	-	23	0	0	1	23	44589905	44589883	NA	NA
98794_1	chrE	-	23	0	0	1	23	2733	2755	NA	NA
98795_1	chr6	-	23	0	0	1	23	26156587	26156609	NA	NA
98796_1	chr2	-	23	0	0	1	23	12863504	12863526	NA	NA
98797_1	chr10	-	23	0	0	1	23	121652359	121652381	NA	NA
98798_1	chr5	-	23	0	0	1	23	82834379	82834401	NA	NA
98799_1	chr2	-	23	0	0	1	23	232324968	232324946	NA	NA
98800_1	chr21	-	23	0	0	1	23	9827379	9827401	NA	NA
98801_1	chr12	-	23	0	0	1	23	53685840	53685862	NA	NA
98802_1	chr17	-	23	0	0	1	23	26795179	26795201	NA	NA
98803_1	chr14	-	23	0	0	1	23	21960938	21960960	NA	NA
98804_1	chr2	-	23	0	0	1	23	183902420	183902398	NA	NA
98805_1	chrE	-	23	0	0	1	23	5967	5989	NA	NA
98806_2	chrE	-	23	0	0	1	23	720	742	NA	NA
98807_1	chrE	-	23	0	0	1	23	1277	1299	NA	NA
98808_1	chrE	-	23	0	0	1	23	1788	1810	NA	NA
98809_1	chrE	-	23	0	0	1	23	3878	3900	NA	NA
98810_1	chr12	-	23	0	0	1	23	127650638	127650616	NA	NA
98811_1	chr2	-	23	0	0	1	23	54843405	54843427	NA	NA
98812_2	chr2	-	23	0	0	1	23	133012763	133012741	NA	NA
98813_1	chr7	-	23	0	0	1	23	94293580	94293602	NA	NA
98814_1	chr19	-	23	0	0	1	23	44738943	44738921	NA	NA
98815_1	chr22	-	23	0	0	1	23	19459294	19459272	NA	NA
98816_1	chrE	-	23	0	0	1	23	4651	4673	NA	NA
98817_1	chr3	-	23	0	0	1	23	49136671	49136649	NA	NA
98818_1	chr10	-	23	0	0	1	23	133109915	133109937	NA	NA
98819_1	chrE	-	23	0	0	1	23	2641	2663	NA	NA
98820_1	chrE	-	23	0	0	1	23	2650	2672	NA	NA
98821_1	chr6	-	23	0	0	1	23	133594140	133594162	NA	NA
98822_1	chrY	-	23	0	0	1	23	10037768	10037790	NA	NA
98823_1	chr21	-	23	0	0	1	23	9827495	9827517	NA	NA
98824_1	chr2	-	23	0	0	1	23	61633149	61633127	NA	NA
98825_1	chrE	-	23	0	0	1	23	853	875	NA	NA
98826_1	chrE	-	23	0	0	1	23	3137	3159	NA	NA
98827_1	chr10	-	23	0	0	1	23	6245405	6245427	NA	NA
98828_1	chr2	-	23	0	0	1	23	160035413	160035435	NA	NA
98829_1	chr2	-	23	0	0	1	23	11426736	11426714	NA	NA
98830_4	chr16	-	23	0	0	1	23	33963229	33963251	NA	NA
98831_1	chr19	-	23	0	0	1	23	54158345	54158323	NA	NA
98832_2	chr21	-	23	0	0	1	23	9827052	9827074	NA	NA
98833_1	chrE	-	23	0	0	1	23	5559	5581	NA	NA
98834_1	chr7	-	23	0	0	1	23	1707342	1707320	NA	NA
98835_1	chr5	-	23	0	0	1	23	38946190	38946212	NA	NA
98836_2	chr21	-	23	0	0	1	23	9827338	9827360	NA	NA
98837_2	chr6	-	23	0	0	1	23	105628048	105628070	NA	NA
98838_1	chr19	-	23	0	0	1	23	36066650	36066672	NA	NA
98839_1	chr4	-	23	0	0	1	23	70296681	70296659	NA	NA
98840_1	chr5	-	23	0	0	1	23	55265457	55265435	NA	NA
98841_1	chr7	-	23	0	0	1	23	141443704	141443726	NA	NA
98842_1	chr1	-	23	0	0	1	23	222833091	222833113	NA	NA
98843_1	chrE	-	23	0	0	1	23	6030	6052	NA	NA
98844_1	chrE	-	23	0	0	1	23	5262	5284	NA	NA
98845_1	chr5	-	23	0	0	1	23	488384	488406	NA	NA
98846_1	chr10	-	23	0	0	1	23	6245404	6245426	NA	NA
98847_1	chr7	-	23	0	0	1	23	94293900	94293922	NA	NA
98848_1	chr21	-	23	0	0	1	23	9827172	9827194	NA	NA
98849_1	chr21	-	23	0	0	1	23	9827295	9827317	NA	NA
98850_1	chr6	-	23	0	0	1	23	26104363	26104385	NA	NA
98851_2	chr1	-	23	0	0	1	23	91853115	91853093	NA	NA
98852_1	chr10	-	23	0	0	1	23	120828978	120828956	NA	NA
98853_1	chr3	-	23	0	0	1	23	48641780	48641758	NA	NA
98854_1	chrE	-	23	0	0	1	23	2656	2678	NA	NA
98855_1	chr4	-	23	0	0	1	23	186446301	186446279	NA	NA
98856_2	chr16	-	23	0	0	1	23	33963233	33963255	NA	NA
98857_1	chrE	-	23	0	0	1	23	7238	7260	NA	NA
98858_1	chrE	-	23	0	0	1	23	3405	3427	NA	NA
98859_1	chr10	-	23	0	0	1	23	120840197	120840175	NA	NA
98860_1	chr17	-	23	0	0	1	23	71228374	71228352	NA	NA
98861_1	chr6	-	23	0	0	1	23	26183998	26184020	NA	NA
98862_1	chr17	-	23	0	0	1	23	33478294	33478272	NA	NA
98863_1	chr1	-	23	0	0	1	23	145438570	145438592	NA	NA
98864_1	chrE	-	23	0	0	1	23	4619	4641	NA	NA
98865_1	chr12	-	23	0	0	1	23	11608349	11608371	NA	NA
98866_1	chr1	-	23	0	0	1	23	149858184	149858162	NA	NA
98867_1	chrE	-	23	0	0	1	23	1463	1485	NA	NA
98868_5	chr21	-	23	0	0	1	23	9827206	9827228	NA	NA
98869_2	chr21	-	23	0	0	1	23	9827297	9827319	NA	NA
98870_1	chrE	-	23	0	0	1	23	1732	1754	NA	NA
98871_1	chr19	-	23	0	0	1	23	7685512	7685490	NA	NA
98872_1	chr22	-	23	0	0	1	23	50781869	50781891	NA	NA
98873_1	chr6	-	23	0	0	1	23	159206500	159206478	NA	NA
98874_6	chr14	-	23	0	0	1	23	67091051	67091029	NA	NA
98875_2	chr12	-	23	0	0	1	23	33049882	33049904	NA	NA
98876_1	chrE	-	23	0	0	1	23	5760	5782	NA	NA
98877_1	chr19	-	23	0	0	1	23	10912981	10913003	NA	NA
98878_6	chr16	-	23	0	0	1	23	33963221	33963243	NA	NA
98879_11	chr17	-	23	0	0	1	23	33478297	33478275	NA	NA
98880_1	chr19	-	23	0	0	1	23	42788585	42788607	NA	NA
98881_1	chr1	-	23	0	0	1	23	94140484	94140462	NA	NA
98882_1	chr4	-	23	0	0	1	23	2346130	2346152	NA	NA
98883_1	chr17	-	23	0	0	1	23	33478270	33478248	NA	NA
98884_1	chr12	-	23	0	0	1	23	20704447	20704469	NA	NA
98885_10	chr21	-	23	0	0	1	23	9827204	9827226	NA	NA
98886_1	chrE	-	23	0	0	1	23	4805	4827	NA	NA
98887_2	chr21	-	23	0	0	1	23	9827296	9827318	NA	NA
98888_1	chr17	-	23	0	0	1	23	61897501	61897479	NA	NA
98889_1	chr1	-	23	0	0	1	23	40028081	40028059	NA	NA
98890_1	chrE	-	23	0	0	1	23	4019	4041	NA	NA
98891_1	chr16	-	23	0	0	1	23	47538729	47538751	NA	NA
98892_1	chr4	-	23	0	0	1	23	70296639	70296617	NA	NA
98893_1	chrE	-	23	0	0	1	23	2520	2542	NA	NA
98894_1	chr1	-	23	0	0	1	23	33840998	33840976	NA	NA
98895_3	chrE	-	23	0	0	1	23	4411	4433	NA	NA
98896_1	chrE	-	23	0	0	1	23	7011	7033	NA	NA
98897_2	chr16	-	23	0	0	1	23	33963220	33963242	NA	NA
98898_1	chrE	-	23	0	0	1	23	6510	6532	NA	NA
98899_1	chr2	-	23	0	0	1	23	133012575	133012553	NA	NA
98900_1	chr1	-	23	0	0	1	23	112162395	112162417	NA	NA
98901_1	chr18	-	23	0	0	1	23	68879755	68879777	NA	NA
98902_3	chrY	-	23	0	0	1	23	10037861	10037883	NA	NA
98903_1	chr14	-	23	0	0	1	23	61788921	61788943	NA	NA
98904_1	chrE	-	23	0	0	1	23	2788	2810	NA	NA
98905_1	chr18	-	23	0	0	1	23	12308405	12308427	NA	NA
98906_1	chr3	-	23	0	0	1	23	157729620	157729642	NA	NA
98907_1	chr9	-	23	0	0	1	23	125588960	125588938	NA	NA
98908_1	chr10	-	23	0	0	1	23	120840170	120840148	NA	NA
98909_1	chrY	-	23	0	0	1	23	10035910	10035932	NA	NA
98910_1	chr8	-	23	0	0	1	23	70602610	70602588	NA	NA
98911_1	chr8	-	23	0	0	1	23	29035035	29035013	NA	NA
98912_1	chr1	-	23	0	0	1	23	19446165	19446143	NA	NA
98913_1	chrE	-	23	0	0	1	23	4696	4718	NA	NA
98914_1	chr1	-	23	0	0	1	23	155247230	155247252	NA	NA
98915_1	chrX	-	23	0	0	1	23	138432750	138432772	NA	NA
98916_1	chr8	-	23	0	0	1	23	42977850	42977872	NA	NA
98917_5	chr18	-	23	0	0	1	23	43914350	43914372	NA	NA
98918_3	chr21	-	23	0	0	1	23	9827149	9827171	NA	NA
98919_1	chr21	-	23	0	0	1	23	45719930	45719908	NA	NA
98920_1	chr2	-	23	0	0	1	23	224856615	224856593	NA	NA
98921_1	chr11	-	23	0	0	1	23	85195017	85195039	NA	NA
98922_2	chrE	-	23	0	0	1	23	861	883	NA	NA
98923_2	chr1	-	23	0	0	1	23	1374539	1374561	NA	NA
98924_1	chr7	-	23	0	0	1	23	44880534	44880512	NA	NA
98925_1	chr19	-	23	0	0	1	23	24183725	24183703	NA	NA
98926_1	chrE	-	23	0	0	1	23	2868	2890	NA	NA
98927_1	chr1	-	23	0	0	1	23	91852836	91852814	NA	NA
98928_1	chr2	-	23	0	0	1	23	70528107	70528085	NA	NA
98929_2	chrE	-	23	0	0	1	23	2708	2730	NA	NA
98930_6	chr21	-	23	0	0	1	23	9827209	9827231	NA	NA
98931_1	chrE	-	23	0	0	1	23	5221	5243	NA	NA
98932_1	chrE	-	23	0	0	1	23	5849	5871	NA	NA
98933_1	chrE	-	23	0	0	1	23	5814	5836	NA	NA
98934_1	chr6	-	23	0	0	1	23	31750894	31750872	NA	NA
98935_1	chr2	-	23	0	0	1	23	230045508	230045486	NA	NA
98936_1	chr2	-	23	0	0	1	23	72376116	72376138	NA	NA
98937_1	chr9	-	23	0	0	1	23	79186856	79186878	NA	NA
98938_27	chr17	-	23	0	0	1	23	33478296	33478274	NA	NA
98939_1	chr20	-	23	0	0	1	23	19780269	19780291	NA	NA
98940_1	chr16	-	23	0	0	1	23	33964143	33964165	NA	NA
98941_1	chr4	-	23	0	0	1	23	16835807	16835785	NA	NA
98942_1	chrX	-	23	0	0	1	23	134166388	134166410	NA	NA
98943_3	chr19	-	23	0	0	1	23	24184975	24184953	NA	NA
98944_3	chr13	-	23	0	0	1	23	112758184	112758162	NA	NA
98945_2	chr17	-	23	0	0	1	23	33478193	33478171	NA	NA
98946_1	chrE	-	23	0	0	1	23	5561	5583	NA	NA
98947_1	chr14	-	23	0	0	1	23	23450047	23450025	NA	NA
98948_1	chr7	-	23	0	0	1	23	49814940	49814962	NA	NA
98949_4	chr9	-	23	0	0	1	23	136293915	136293893	NA	NA
98950_1	chr5	-	23	0	0	1	23	180670847	180670825	NA	NA
98951_1	chr7	-	23	0	0	1	23	141438177	141438199	NA	NA
98952_1	chr20	-	23	0	0	1	23	32232499	32232521	NA	NA
98953_1	chr5	-	23	0	0	1	23	172745066	172745044	NA	NA
98954_4	chr2	-	23	0	0	1	23	71565819	71565797	NA	NA
98955_1	chr14	-	23	0	0	1	23	100595902	100595924	NA	NA
98956_1	chrE	-	23	0	0	1	23	1609	1631	NA	NA
98957_1	chrE	-	23	0	0	1	23	5313	5335	NA	NA
98958_1	chr12	-	23	0	0	1	23	82072795	82072817	NA	NA
98959_1	chr16	-	23	0	0	1	23	33963071	33963093	NA	NA
98960_1	chr1	-	23	0	0	1	23	237766740	237766762	NA	NA
98961_1	chr10	-	23	0	0	1	23	89705748	89705770	NA	NA
98962_1	chrE	-	23	0	0	1	23	6961	6983	NA	NA
98963_1	chr12	-	23	0	0	1	23	53937277	53937255	NA	NA
98964_1	chr21	-	23	0	0	1	23	9827170	9827192	NA	NA
98965_1	chr12	-	23	0	0	1	23	120729632	120729610	NA	NA
98966_1	chr6	-	23	0	0	1	23	30691938	30691960	NA	NA
98967_1	chr1	-	23	0	0	1	23	17012299	17012277	NA	NA
98968_1	chr2	-	23	0	0	1	23	216237072	216237050	NA	NA
98969_1	chr11	-	23	0	0	1	23	18418390	18418412	NA	NA
98970_1	chrE	-	23	0	0	1	23	6331	6353	NA	NA
98971_1	chr3	-	23	0	0	1	23	183898660	183898682	NA	NA
98972_1	chr3	-	23	0	0	1	23	182616458	182616480	NA	NA
98973_1	chr1	-	23	0	0	1	23	68167467	68167445	NA	NA
98974_16	chr16	-	23	0	0	1	23	47538727	47538749	NA	NA
98975_1	chrE	-	23	0	0	1	23	810	832	NA	NA
98976_1	chrX	-	23	0	0	1	23	102632712	102632734	NA	NA
98977_1	chrE	-	23	0	0	1	23	5947	5969	NA	NA
98978_1	chr15	-	23	0	0	1	23	43815475	43815497	NA	NA
98979_2	chr21	-	23	0	0	1	23	43373757	43373779	NA	NA
98980_1	chr16	-	23	0	0	1	23	33963231	33963253	NA	NA
98981_1	chr6	-	23	0	0	1	23	143268829	143268807	NA	NA
98982_1	chrE	-	23	0	0	1	23	5677	5699	NA	NA
98983_1	chrE	-	23	0	0	1	23	4338	4360	NA	NA
98984_1	chr17	-	23	0	0	1	23	7145643	7145621	NA	NA
98985_1	chr1	-	23	0	0	1	23	198460173	198460151	NA	NA
98986_2	chrE	-	23	0	0	1	23	5310	5332	NA	NA
98987_1	chr21	-	23	0	0	1	23	9827171	9827193	NA	NA
98988_1	chr2	-	23	0	0	1	23	133039193	133039171	NA	NA
98989_1	chr2	-	23	0	0	1	23	73471130	73471152	NA	NA
98990_1	chr2	-	23	0	0	1	23	133012107	133012085	NA	NA
98991_1	chr21	-	23	0	0	1	23	9827041	9827063	NA	NA
98992_1	chrE	-	23	0	0	1	23	3590	3612	NA	NA
98993_1	chrE	-	23	0	0	1	23	3498	3520	NA	NA
98994_4	chrX	-	23	0	0	1	23	108297806	108297828	NA	NA
98995_1	chr4	-	23	0	0	1	23	84205961	84205939	NA	NA
98996_1	chr1	-	23	0	0	1	23	108113126	108113104	NA	NA
98997_1	chrE	-	23	0	0	1	23	5322	5344	NA	NA
98998_1	chr10	-	23	0	0	1	23	75864829	75864851	NA	NA
98999_1	chr17	-	23	0	0	1	23	55917214	55917192	NA	NA
99000_1	chr9	-	23	0	0	1	23	131388214	131388236	NA	NA
99001_1	chr5	-	23	0	0	1	23	488383	488405	NA	NA
99002_1	chrE	-	23	0	0	1	23	1362	1384	NA	NA
99003_1	chr11	-	23	0	0	1	23	62397351	62397329	NA	NA
99004_1	chr12	-	23	0	0	1	23	51389512	51389490	NA	NA
99005_1	chr1	-	23	0	0	1	23	91852828	91852806	NA	NA
99006_1	chr19	-	23	0	0	1	23	35648355	35648377	NA	NA
99007_1	chrE	-	23	0	0	1	23	6756	6778	NA	NA
99008_1	chrE	-	23	0	0	1	23	1891	1913	NA	NA
99009_1	chr20	-	23	0	0	1	23	57478820	57478842	NA	NA
99010_1	chrE	-	23	0	0	1	23	2320	2342	NA	NA
99011_1	chr7	-	23	0	0	1	23	36495056	36495034	NA	NA
99012_1	chrE	-	23	0	0	1	23	1249	1271	NA	NA
99013_1	chrE	-	23	0	0	1	23	2156	2178	NA	NA
99014_1	chrE	-	23	0	0	1	23	3592	3614	NA	NA
99015_1	chr1	-	23	0	0	1	23	225592160	225592138	NA	NA
99016_1	chr2	-	23	0	0	1	23	133038651	133038629	NA	NA
99017_3	chr16	-	23	0	0	1	23	47538728	47538750	NA	NA
99018_2	chrX	-	23	0	0	1	23	102004187	102004209	NA	NA
99019_1	chr3	-	23	0	0	1	23	122591351	122591373	NA	NA
99020_1	chrE	-	23	0	0	1	23	1226	1248	NA	NA
99021_1	chr1	-	23	0	0	1	23	186342558	186342536	NA	NA
99022_1	chr16	-	23	0	0	1	23	75244979	75245001	NA	NA
99023_1	chrE	-	23	0	0	1	23	827	849	NA	NA
99024_1	chr5	-	23	0	0	1	23	71146897	71146919	NA	NA
99025_1	chr7	-	23	0	0	1	23	39873735	39873757	NA	NA
99026_5	chr19	-	23	0	0	1	23	24185987	24185965	NA	NA
99027_1	chr9	-	23	0	0	1	23	111754708	111754686	NA	NA
99028_1	chr16	-	23	0	0	1	23	12995348	12995370	NA	NA
99029_1	chrE	-	23	0	0	1	23	6530	6552	NA	NA
99030_4	chr21	-	23	0	0	1	23	9827299	9827321	NA	NA
99031_1	chrE	-	23	0	0	1	23	5063	5085	NA	NA
99032_2	chr18	-	23	0	0	1	23	43914351	43914373	NA	NA
99033_1	chr4	-	23	0	0	1	23	174253348	174253326	NA	NA
99034_1	chr11	-	23	0	0	1	23	35243259	35243281	NA	NA
99035_1	chr6	-	23	0	0	1	23	26285661	26285639	NA	NA
99036_1	chrE	-	23	0	0	1	23	769	791	NA	NA
99037_1	chrX	-	23	0	0	1	23	108297728	108297750	NA	NA
99038_2	chr1	-	23	0	0	1	23	91853007	91852985	NA	NA
99039_1	chrY	-	23	0	0	1	23	10037852	10037874	NA	NA
99040_2	chrY	-	23	0	0	1	23	10037853	10037875	NA	NA
99041_2	chr17	-	23	0	0	1	23	33478266	33478244	NA	NA
99042_1	chr1	-	23	0	0	1	23	91852827	91852805	NA	NA
99043_1	chr7	-	23	0	0	1	23	100200035	100200057	NA	NA
99044_11	chr21	-	23	0	0	1	23	9827298	9827320	NA	NA
99045_1	chrE	-	23	0	0	1	23	2259	2281	NA	NA
99046_1	chr10	-	23	0	0	1	23	85901271	85901293	NA	NA
99047_1	chrE	-	23	0	0	1	23	4840	4862	NA	NA
99048_1	chr1	-	23	0	0	1	23	91852835	91852813	NA	NA
99049_1	chrE	-	23	0	0	1	23	4063	4085	NA	NA
99050_1	chr16	-	23	0	0	1	23	33964081	33964103	NA	NA
99051_1	chr8	-	23	0	0	1	23	107718606	107718628	NA	NA
99052_1	chr12	-	23	0	0	1	23	11199652	11199630	NA	NA
99053_1	chr17	-	23	0	0	1	23	75085512	75085534	NA	NA
99054_1	chr6	-	23	0	0	1	23	5708150	5708128	NA	NA
99055_2	chr9	-	23	0	0	1	23	79186675	79186697	NA	NA
99056_1	chrE	-	23	0	0	1	23	1081	1103	NA	NA
99057_1	chr19	-	23	0	0	1	23	19626723	19626745	NA	NA
99058_1	chr2	-	23	0	0	1	23	189873768	189873790	NA	NA
99059_1	chrE	-	23	0	0	1	23	5232	5254	NA	NA
99060_1	chr9	-	23	0	0	1	23	129571136	129571158	NA	NA
99061_1	chr1	-	23	0	0	1	23	245022614	245022592	NA	NA
99062_1	chr9	-	23	0	0	1	23	19230366	19230388	NA	NA
99063_1	chrE	-	23	0	0	1	23	5419	5441	NA	NA
99064_1	chrE	-	23	0	0	1	23	3634	3656	NA	NA
99065_1	chrE	-	23	0	0	1	23	1750	1772	NA	NA
99066_1	chr8	-	23	0	0	1	23	70602601	70602579	NA	NA
99067_1	chrE	-	23	0	0	1	23	6327	6349	NA	NA
99068_2	chr16	-	23	0	0	1	23	33965511	33965533	NA	NA
99069_1	chrE	-	23	0	0	1	23	6574	6596	NA	NA
99070_1	chrE	-	23	0	0	1	23	6466	6488	NA	NA
99071_1	chrE	-	23	0	0	1	23	3649	3671	NA	NA
99072_2	chrE	-	23	0	0	1	23	615	637	NA	NA
99073_3	chrE	-	23	0	0	1	23	6370	6392	NA	NA
99074_1	chr9	-	23	0	0	1	23	130587246	130587224	NA	NA
99075_1	chrE	-	23	0	0	1	23	2851	2873	NA	NA
99076_1	chr11	-	23	0	0	1	23	244046	244068	NA	NA
99077_1	chr15	-	23	0	0	1	23	43701431	43701453	NA	NA
99078_1	chr2	-	23	0	0	1	23	133038141	133038119	NA	NA
99079_1	chr17	-	23	0	0	1	23	33478265	33478243	NA	NA
99080_1	chr19	-	23	0	0	1	23	40532823	40532801	NA	NA
99081_1	chr9	-	23	0	0	1	23	79186847	79186869	NA	NA
99082_1	chrE	-	23	0	0	1	23	6086	6108	NA	NA
99083_1	chrX	-	23	0	0	1	23	41200753	41200775	NA	NA
99084_1	chrE	-	23	0	0	1	23	6367	6389	NA	NA
99085_2	chrX	-	23	0	0	1	23	108297804	108297826	NA	NA
99086_1	chrE	-	23	0	0	1	23	6558	6580	NA	NA
99087_1	chrE	-	23	0	0	1	23	905	927	NA	NA
99088_25	chr21	-	23	0	0	1	23	9827300	9827322	NA	NA
99089_1	chr2	-	23	0	0	1	23	198257822	198257800	NA	NA
99090_1	chrE	-	23	0	0	1	23	1008	1030	NA	NA
99091_1	chrE	-	23	0	0	1	23	3591	3613	NA	NA
99092_1	chrE	-	23	0	0	1	23	5248	5270	NA	NA
99093_1	chr19	-	23	0	0	1	23	3982894	3982872	NA	NA
99094_1	chr6	-	23	0	0	1	23	29910537	29910559	NA	NA
99095_1	chrE	-	23	0	0	1	23	1624	1646	NA	NA
99096_1	chrE	-	23	0	0	1	23	1855	1877	NA	NA
99097_1	chr5	-	23	0	0	1	23	180229861	180229883	NA	NA
99098_1	chr1	-	23	0	0	1	23	184686130	184686108	NA	NA
99099_1	chrE	-	23	0	0	1	23	5034	5056	NA	NA
99100_1	chrE	-	23	0	0	1	23	7155	7177	NA	NA
99101_1	chr19	-	23	0	0	1	23	54377556	54377578	NA	NA
99102_1	chr8	-	23	0	0	1	23	70602488	70602466	NA	NA
99103_1	chrE	-	23	0	0	1	23	933	955	NA	NA
99104_1	chrE	-	23	0	0	1	23	3682	3704	NA	NA
99105_1	chr16	-	23	0	0	1	23	4562591	4562569	NA	NA
99106_1	chr8	-	23	0	0	1	23	30190512	30190490	NA	NA
99107_2	chrE	-	23	0	0	1	23	4570	4592	NA	NA
99108_1	chr19	-	23	0	0	1	23	24183702	24183680	NA	NA
99109_1	chr8	-	23	0	0	1	23	69825534	69825512	NA	NA
99110_1	chrE	-	23	0	0	1	23	906	928	NA	NA
99111_1	chr21	-	23	0	0	1	23	9827404	9827426	NA	NA
99112_1	chr7	-	23	0	0	1	23	6509331	6509309	NA	NA
99113_1	chr18	-	23	0	0	1	23	12325667	12325689	NA	NA
99114_1	chrE	-	23	0	0	1	23	3152	3174	NA	NA
99115_1	chr19	-	23	0	0	1	23	3981419	3981397	NA	NA
99116_1	chr12	-	23	0	0	1	23	57146019	57145997	NA	NA
99117_4	chr21	-	23	0	0	1	23	9827150	9827172	NA	NA
99118_2	chrE	-	23	0	0	1	23	3236	3258	NA	NA
99119_1	chrE	-	23	0	0	1	23	5420	5442	NA	NA
99120_1	chr1	-	23	0	0	1	23	63857510	63857488	NA	NA
99121_1	chr17	-	23	0	0	1	23	49244221	49244243	NA	NA
99122_1	chr9	-	23	0	0	1	23	8811991	8811969	NA	NA
99123_2	chrE	-	23	0	0	1	23	7079	7101	NA	NA
99124_1	chrE	-	23	0	0	1	23	977	999	NA	NA
99125_1	chr1	-	23	0	0	1	23	178063641	178063663	NA	NA
99126_1	chr2	-	23	0	0	1	23	74699510	74699488	NA	NA
99127_1	chr9	-	23	0	0	1	23	115973810	115973788	NA	NA
99128_1	chr1	-	23	0	0	1	23	45196763	45196741	NA	NA
99129_1	chr3	-	23	0	0	1	23	186506131	186506153	NA	NA
99130_1	chr6	-	23	0	0	1	23	31747057	31747035	NA	NA
99131_1	chr1	-	23	0	0	1	23	112308763	112308785	NA	NA
99132_1	chr11	-	23	0	0	1	23	85195043	85195065	NA	NA
99133_10	chr13	-	23	0	0	1	23	112758183	112758161	NA	NA
99134_1	chr12	-	23	0	0	1	23	92537971	92537949	NA	NA
99135_1	chrE	-	23	0	0	1	23	2187	2209	NA	NA
99136_1	chr9	-	23	0	0	1	23	95940135	95940157	NA	NA
99137_1	chr10	-	23	0	0	1	23	60447742	60447764	NA	NA
99138_3	chrE	-	23	0	0	1	23	2079	2101	NA	NA
99139_1	chrE	-	23	0	0	1	23	859	881	NA	NA
99140_1	chrE	-	23	0	0	1	23	5235	5257	NA	NA
99141_1	chr19	-	23	0	0	1	23	2685896	2685918	NA	NA
99142_1	chrE	-	23	0	0	1	23	597	619	NA	NA
99143_1	chr12	-	23	0	0	1	23	56536109	56536131	NA	NA
99144_1	chr2	-	23	0	0	1	23	133038406	133038384	NA	NA
99145_1	chrE	-	23	0	0	1	23	1931	1953	NA	NA
99146_1	chrE	-	23	0	0	1	23	3494	3516	NA	NA
99147_1	chr8	-	23	0	0	1	23	70379146	70379168	NA	NA
99148_1	chr2	-	23	0	0	1	23	133012880	133012858	NA	NA
99149_1	chr9	-	23	0	0	1	23	130981392	130981414	NA	NA
99150_1	chr11	-	23	0	0	1	23	48184303	48184325	NA	NA
99151_1	chrE	-	23	0	0	1	23	4590	4612	NA	NA
99152_1	chrE	-	23	0	0	1	23	636	658	NA	NA
99153_1	chrE	-	23	0	0	1	23	2749	2771	NA	NA
99154_1	chr4	-	23	0	0	1	23	191043014	191042992	NA	NA
99155_1	chr6	-	23	0	0	1	23	30608314	30608336	NA	NA
99156_1	chr5	-	23	0	0	1	23	149681997	149682019	NA	NA
99157_1	chrE	-	23	0	0	1	23	5278	5300	NA	NA
99158_1	chrE	-	23	0	0	1	23	2435	2457	NA	NA
99159_1	chrE	-	23	0	0	1	23	3399	3421	NA	NA
99160_1	chrM	-	23	0	0	1	23	2412	2434	NA	NA
99161_2	chrE	-	23	0	0	1	23	710	732	NA	NA
99162_10	chr8	-	23	0	0	1	23	21455982	21456004	NA	NA
99163_1	chr1	-	23	0	0	1	23	231064798	231064776	NA	NA
99164_1	chr21	-	23	0	0	1	23	9827402	9827424	NA	NA
99165_1	chrE	-	23	0	0	1	23	700	722	NA	NA
99166_2	chrE	-	23	0	0	1	23	3271	3293	NA	NA
99167_1	chrE	-	23	0	0	1	23	6028	6050	NA	NA
99168_1	chrE	-	23	0	0	1	23	633	655	NA	NA
99169_3	chrE	-	23	0	0	1	23	605	627	NA	NA
99170_2	chrE	-	23	0	0	1	23	793	815	NA	NA
99171_1	chrE	-	23	0	0	1	23	3849	3871	NA	NA
99172_3	chrE	-	23	0	0	1	23	589	611	NA	NA
99173_5	chrE	-	23	0	0	1	23	5809	5831	NA	NA
99174_1	chrE	-	23	0	0	1	23	1201	1223	NA	NA
99175_1	chr9	-	23	0	0	1	23	35706308	35706286	NA	NA
99176_1	chr21	-	23	0	0	1	23	9827376	9827398	NA	NA
99177_1	chr1	-	23	0	0	1	23	91852936	91852914	NA	NA
99178_1	chr7	-	23	0	0	1	23	38256792	38256814	NA	NA
99179_1	chr6	-	23	0	0	1	23	27782522	27782500	NA	NA
99180_1	chr14	-	23	0	0	1	23	60945105	60945083	NA	NA
99181_1	chrE	-	23	0	0	1	23	5284	5306	NA	NA
99182_1	chr17	-	23	0	0	1	23	33478267	33478245	NA	NA
99183_1	chr2	-	23	0	0	1	23	58479568	58479590	NA	NA
99184_1	chrE	-	23	0	0	1	23	1934	1956	NA	NA
99185_3	chrE	-	23	0	0	1	23	742	764	NA	NA
99186_1	chr12	-	23	0	0	1	23	48095382	48095360	NA	NA
99187_1	chr10	-	23	0	0	1	23	61666088	61666066	NA	NA
99188_1	chrE	-	23	0	0	1	23	1793	1815	NA	NA
99189_6	chr2	-	23	0	0	1	23	71565820	71565798	NA	NA
99190_1	chrE	-	23	0	0	1	23	6305	6327	NA	NA
99191_1	chr19	-	23	0	0	1	23	30099572	30099594	NA	NA
99192_18	chr1	-	23	0	0	1	23	109940407	109940385	NA	NA
99193_1	chr2	-	23	0	0	1	23	55201898	55201876	NA	NA
99194_1	chrE	-	23	0	0	1	23	2852	2874	NA	NA
99195_1	chr5	-	23	0	0	1	23	149681999	149682021	NA	NA
99196_1	chr6	-	23	0	0	1	23	27861568	27861590	NA	NA
99197_1	chr18	-	23	0	0	1	23	44010757	44010735	NA	NA
99198_1	chr15	-	23	0	0	1	23	78755355	78755377	NA	NA
99199_1	chrE	-	23	0	0	1	23	5072	5094	NA	NA
99200_2	chrE	-	23	0	0	1	23	2423	2445	NA	NA
99201_1	chr19	-	23	0	0	1	23	36066540	36066562	NA	NA
99202_1	chr13	-	23	0	0	1	23	100214979	100215001	NA	NA
99203_1	chrE	-	23	0	0	1	23	2689	2711	NA	NA
99204_1	chrE	-	23	0	0	1	23	4421	4443	NA	NA
99205_1	chrE	-	23	0	0	1	23	2835	2857	NA	NA
99206_1	chr15	-	23	0	0	1	23	40265910	40265932	NA	NA
99207_1	chr1	-	23	0	0	1	23	242688018	242688040	NA	NA
99208_1	chr1	-	23	0	0	1	23	91852866	91852844	NA	NA
99209_1	chr2	-	23	0	0	1	23	53977945	53977923	NA	NA
99210_1	chr1	-	23	0	0	1	23	60280598	60280620	NA	NA
99211_1	chr7	-	23	0	0	1	23	100075505	100075483	NA	NA
99212_1	chrE	-	23	0	0	1	23	1885	1907	NA	NA
99213_1	chrE	-	23	0	0	1	23	2192	2214	NA	NA
99214_5	chrX	-	23	0	0	1	23	108297808	108297830	NA	NA
99215_2	chr2	-	23	0	0	1	23	133012154	133012132	NA	NA
99216_1	chrE	-	23	0	0	1	23	2944	2966	NA	NA
99217_2	chrE	-	23	0	0	1	23	4905	4927	NA	NA
99218_1	chr11	-	23	0	0	1	23	47444187	47444165	NA	NA
99219_1	chrE	-	23	0	0	1	23	3735	3757	NA	NA
99220_1	chrE	-	23	0	0	1	23	3954	3976	NA	NA
99221_1	chr13	-	23	0	0	1	23	113975743	113975765	NA	NA
99222_1	chr9	-	23	0	0	1	23	79186673	79186695	NA	NA
99223_1	chrE	-	23	0	0	1	23	2502	2524	NA	NA
99224_1	chr18	-	23	0	0	1	23	670840	670862	NA	NA
99225_1	chr8	-	23	0	0	1	23	22035439	22035461	NA	NA
99226_1	chrY	-	23	0	0	1	23	10036549	10036571	NA	NA
99227_1	chrE	-	23	0	0	1	23	3215	3237	NA	NA
99228_1	chrE	-	23	0	0	1	23	3632	3654	NA	NA
99229_6	chr1	-	23	0	0	1	23	36789345	36789323	NA	NA
99230_1	chr19	-	23	0	0	1	23	47570566	47570544	NA	NA
99231_1	chr12	-	23	0	0	1	23	133780272	133780294	NA	NA
99232_1	chr1	-	23	0	0	1	23	45196762	45196740	NA	NA
99233_1	chr20	-	23	0	0	1	23	57480501	57480523	NA	NA
99234_1	chr7	-	23	0	0	1	23	95035480	95035458	NA	NA
99235_1	chrE	-	23	0	0	1	23	1981	2003	NA	NA
99236_1	chr1	-	23	0	0	1	23	38034488	38034466	NA	NA
99237_1	chrE	-	23	0	0	1	23	1672	1694	NA	NA
99238_5	chr19	-	23	0	0	1	23	1470633	1470611	NA	NA
99239_1	chrE	-	23	0	0	1	23	6953	6975	NA	NA
99240_2	chrE	-	23	0	0	1	23	731	753	NA	NA
99241_1	chr8	-	23	0	0	1	23	48849026	48849004	NA	NA
99242_1	chr6	-	23	0	0	1	23	85472303	85472281	NA	NA
99243_1	chr11	-	23	0	0	1	23	118920341	118920319	NA	NA
99244_2	chrE	-	23	0	0	1	23	754	776	NA	NA
99245_1	chr17	-	23	0	0	1	23	8415950	8415928	NA	NA
99246_1	chr2	-	23	0	0	1	23	85536410	85536432	NA	NA
99247_1	chr14	-	23	0	0	1	23	69257213	69257191	NA	NA
99248_1	chr11	-	23	0	0	1	23	93475897	93475875	NA	NA
99249_1	chr2	-	23	0	0	1	23	230045523	230045501	NA	NA
99250_2	chr2	-	23	0	0	1	23	71565823	71565801	NA	NA
99251_1	chr3	-	23	0	0	1	23	69494662	69494640	NA	NA
99252_1	chr11	-	23	0	0	1	23	44129738	44129760	NA	NA
99253_1	chr5	-	23	0	0	1	23	71146912	71146934	NA	NA
99254_1	chrE	-	23	0	0	1	23	5470	5492	NA	NA
99255_1	chr12	-	23	0	0	1	23	127650659	127650637	NA	NA
99256_1	chr6	-	23	0	0	1	23	26032069	26032047	NA	NA
99257_1	chr2	-	23	0	0	1	23	133010746	133010724	NA	NA
99258_1	chr21	-	23	0	0	1	23	9827162	9827184	NA	NA
99259_1	chr12	-	23	0	0	1	23	7079796	7079774	NA	NA
99260_1	chr9	-	23	0	0	1	23	94874823	94874801	NA	NA
99261_1	chr12	-	23	0	0	1	23	48482660	48482638	NA	NA
99262_1	chr12	-	23	0	0	1	23	127650922	127650900	NA	NA
99263_1	chr11	-	23	0	0	1	23	61624955	61624977	NA	NA
99264_1	chr1	-	23	0	0	1	23	32509356	32509378	NA	NA
99265_1	chr7	-	23	0	0	1	23	99689313	99689335	NA	NA
99266_2	chr3	-	23	0	0	1	23	153994637	153994615	NA	NA
99267_1	chr6	-	23	0	0	1	23	33384464	33384442	NA	NA
99268_1	chr11	-	23	0	0	1	23	47640464	47640442	NA	NA
99269_1	chr8	-	23	0	0	1	23	56755056	56755034	NA	NA
99270_1	chr19	-	23	0	0	1	23	36607067	36607089	NA	NA
99271_1	chr10	-	23	0	0	1	23	105883726	105883748	NA	NA
99272_20	chr2	-	23	0	0	1	23	71565821	71565799	NA	NA
99273_1	chr9	-	23	0	0	1	23	128001261	128001239	NA	NA
99274_1	chrE	-	23	0	0	1	23	4923	4945	NA	NA
99275_1	chr5	-	23	0	0	1	23	71146744	71146766	NA	NA
99276_1	chrM	-	23	0	0	1	23	6020	6042	NA	NA
99277_2	chrE	-	23	0	0	1	23	6629	6651	NA	NA
99278_1	chr18	-	23	0	0	1	23	18691569	18691547	NA	NA
99279_1	chr2	-	23	0	0	1	23	203075521	203075499	NA	NA
99280_1	chr1	-	23	0	0	1	23	91852922	91852900	NA	NA
99281_1	chrE	-	23	0	0	1	23	7141	7163	NA	NA
99282_1	chr13	-	23	0	0	1	23	100207787	100207809	NA	NA
99283_1	chr16	-	23	0	0	1	23	33963362	33963384	NA	NA
99284_2	chr2	-	23	0	0	1	23	230045585	230045563	NA	NA
99285_1	chr2	-	23	0	0	1	23	191872379	191872357	NA	NA
99286_1	chr6	-	23	0	0	1	23	159006388	159006410	NA	NA
99287_2	chr21	-	23	0	0	1	23	9827049	9827071	NA	NA
99288_1	chrY	-	23	0	0	1	23	10037860	10037882	NA	NA
99289_1	chr7	-	23	0	0	1	23	99686990	99687012	NA	NA
99290_1	chr19	-	23	0	0	1	23	13199861	13199839	NA	NA
99291_1	chr1	-	23	0	0	1	23	108432836	108432814	NA	NA
99292_2	chrE	-	23	0	0	1	23	764	786	NA	NA
99293_1	chr3	-	23	0	0	1	23	179114126	179114104	NA	NA
99294_1	chr1	-	23	0	0	1	23	231401803	231401825	NA	NA
99295_1	chr15	-	23	0	0	1	23	64673567	64673545	NA	NA
99296_3	chrE	-	23	0	0	1	23	794	816	NA	NA
99297_1	chr5	-	23	0	0	1	23	71146746	71146768	NA	NA
99298_1	chr2	-	23	0	0	1	23	41148201	41148223	NA	NA
99299_3	chr20	-	23	0	0	1	23	62119561	62119583	NA	NA
99300_1	chr6	-	23	0	0	1	23	27861437	27861459	NA	NA
99301_1	chr9	-	23	0	0	1	23	79186848	79186870	NA	NA
99302_1	chrE	-	23	0	0	1	23	2891	2913	NA	NA
99303_1	chr3	-	23	0	0	1	23	47029381	47029359	NA	NA
99304_1	chr12	-	23	0	0	1	23	127650628	127650606	NA	NA
99305_2	chr2	-	23	0	0	1	23	230045581	230045559	NA	NA
99306_1	chrE	-	23	0	0	1	23	1306	1328	NA	NA
99307_1	chr1	-	23	0	0	1	23	91853101	91853079	NA	NA
99308_1	chr10	-	23	0	0	1	23	102998732	102998710	NA	NA
99309_1	chrE	-	23	0	0	1	23	682	704	NA	NA
99310_1	chr9	-	23	0	0	1	23	125835933	125835955	NA	NA
99311_1	chr1	-	23	0	0	1	23	26496627	26496649	NA	NA
99312_1	chrE	-	23	0	0	1	23	5025	5047	NA	NA
99313_1	chr9	-	23	0	0	1	23	127167693	127167671	NA	NA
99314_1	chr2	-	23	0	0	1	23	133038213	133038191	NA	NA
99315_1	chrE	-	23	0	0	1	23	2202	2224	NA	NA
99316_1	chr17	-	23	0	0	1	23	16256467	16256489	NA	NA
99317_1	chrE	-	23	0	0	1	23	6112	6134	NA	NA
99318_1	chr5	-	23	0	0	1	23	116469229	116469251	NA	NA
99319_1	chr16	-	23	0	0	1	23	67062980	67062958	NA	NA
99320_2	chrE	-	23	0	0	1	23	5513	5535	NA	NA
99321_1	chr2	-	23	0	0	1	23	133012621	133012599	NA	NA
99322_1	chr6	-	23	0	0	1	23	26032243	26032221	NA	NA
99323_2	chr19	-	23	0	0	1	23	24184632	24184610	NA	NA
99324_1	chr10	-	23	0	0	1	23	64928327	64928305	NA	NA
99325_1	chrE	-	23	0	0	1	23	2982	3004	NA	NA
99326_1	chrE	-	23	0	0	1	23	4638	4660	NA	NA
99327_2	chrE	-	23	0	0	1	23	6636	6658	NA	NA
99328_1	chrE	-	23	0	0	1	23	1428	1450	NA	NA
99329_3	chrE	-	23	0	0	1	23	3910	3932	NA	NA
99330_2	chr2	-	23	0	0	1	23	115695143	115695121	NA	NA
99331_1	chrE	-	23	0	0	1	23	5512	5534	NA	NA
99332_1	chr6	-	23	0	0	1	23	26199981	26200003	NA	NA
99333_1	chr15	-	23	0	0	1	23	65597108	65597130	NA	NA
99334_1	chr22	-	23	0	0	1	23	43011376	43011398	NA	NA
99335_1	chr17	-	23	0	0	1	23	76968500	76968478	NA	NA
99336_1	chr8	-	23	0	0	1	23	61714125	61714147	NA	NA
99337_1	chr20	-	23	0	0	1	23	34136353	34136375	NA	NA
99338_1	chr8	-	23	0	0	1	23	56755058	56755036	NA	NA
99339_1	chr20	-	23	0	0	1	23	33450721	33450699	NA	NA
99340_1	chr7	-	23	0	0	1	23	44836287	44836309	NA	NA
99341_1	chr6	-	23	0	0	1	23	44221080	44221102	NA	NA
99342_1	chrE	-	23	0	0	1	23	1410	1432	NA	NA
99343_1	chr11	-	23	0	0	1	23	62363949	62363927	NA	NA
99344_1	chr13	-	23	0	0	1	23	77456530	77456508	NA	NA
99345_1	chr5	-	23	0	0	1	23	33892174	33892152	NA	NA
99346_1	chrE	-	23	0	0	1	23	795	817	NA	NA
99347_1	chrE	-	23	0	0	1	23	1787	1809	NA	NA
99348_1	chr1	-	23	0	0	1	23	21616620	21616598	NA	NA
99349_1	chr22	-	23	0	0	1	23	29957813	29957791	NA	NA
99350_1	chrE	-	23	0	0	1	23	2241	2263	NA	NA
99351_1	chr15	-	23	0	0	1	23	23932417	23932395	NA	NA
99352_1	chrE	-	23	0	0	1	23	5118	5140	NA	NA
99353_1	chr2	-	23	0	0	1	23	98822916	98822938	NA	NA
99354_1	chr2	-	23	0	0	1	23	100029310	100029288	NA	NA
99355_1	chrE	-	23	0	0	1	23	2040	2062	NA	NA
99356_1	chrE	-	23	0	0	1	23	4228	4250	NA	NA
99357_1	chrE	-	23	0	0	1	23	2693	2715	NA	NA
99358_1	chr5	-	23	0	0	1	23	151045999	151045977	NA	NA
99359_1	chr2	-	23	0	0	1	23	133037579	133037557	NA	NA
99360_1	chrE	-	23	0	0	1	23	4522	4544	NA	NA
99361_1	chrE	-	23	0	0	1	23	2274	2296	NA	NA
99362_1	chrE	-	23	0	0	1	23	4412	4434	NA	NA
99363_1	chr17	-	23	0	0	1	23	79817140	79817118	NA	NA
99364_1	chr4	-	23	0	0	1	23	71691063	71691041	NA	NA
99365_1	chrE	-	23	0	0	1	23	5321	5343	NA	NA
99366_2	chrE	-	23	0	0	1	23	4717	4739	NA	NA
99367_1	chr12	-	23	0	0	1	23	124829161	124829139	NA	NA
99368_1	chr15	-	23	0	0	1	23	30260765	30260787	NA	NA
99369_1	chr20	-	23	0	0	1	23	39658072	39658094	NA	NA
99370_1	chr1	-	23	0	0	1	23	11147593	11147571	NA	NA
99371_1	chr6	-	23	0	0	1	23	134495686	134495664	NA	NA
99372_1	chr16	-	23	0	0	1	23	1818938	1818960	NA	NA
99373_1	chr11	-	23	0	0	1	23	57509145	57509167	NA	NA
99374_1	chrE	-	23	0	0	1	23	719	741	NA	NA
99375_1	chr9	-	23	0	0	1	23	130572042	130572064	NA	NA
99376_2	chrY	-	23	0	0	1	23	10036117	10036139	NA	NA
99377_1	chrE	-	23	0	0	1	23	669	691	NA	NA
99378_1	chr7	-	23	0	0	1	23	5568307	5568285	NA	NA
99379_1	chr8	-	23	0	0	1	23	144898729	144898707	NA	NA
99380_1	chr13	-	23	0	0	1	23	27334975	27334953	NA	NA
99381_1	chrE	-	23	0	0	1	23	1653	1675	NA	NA
99382_1	chr14	-	23	0	0	1	23	90341537	90341515	NA	NA
99383_1	chrE	-	23	0	0	1	23	5657	5679	NA	NA
99384_1	chr2	-	23	0	0	1	23	189899854	189899832	NA	NA
99385_1	chr1	-	23	0	0	1	23	91853010	91852988	NA	NA
99386_1	chrE	-	23	0	0	1	23	5810	5832	NA	NA
99387_1	chrE	-	23	0	0	1	23	4341	4363	NA	NA
99388_2	chr2	-	23	0	0	1	23	133012337	133012315	NA	NA
99389_1	chr13	-	23	0	0	1	23	22077127	22077105	NA	NA
99390_1	chr2	-	23	0	0	1	23	228356305	228356327	NA	NA
99391_1	chr9	-	23	0	0	1	23	130578271	130578249	NA	NA
99392_1	chr12	-	23	0	0	1	23	69983355	69983377	NA	NA
99393_1	chr19	-	23	0	0	1	23	36545983	36545961	NA	NA
99394_1	chr13	-	23	0	0	1	23	69739403	69739381	NA	NA
99395_1	chr7	-	23	0	0	1	23	148638639	148638661	NA	NA
99396_1	chr15	-	23	0	0	1	23	41657767	41657789	NA	NA
99397_1	chr12	-	23	0	0	1	23	57108226	57108204	NA	NA
99398_1	chrY	-	23	0	0	1	23	10035454	10035476	NA	NA
99399_1	chrE	-	23	0	0	1	23	1588	1610	NA	NA
99400_1	chrE	-	23	0	0	1	23	2811	2833	NA	NA
99401_1	chr19	-	23	0	0	1	23	2435108	2435086	NA	NA
99402_2	chrE	-	23	0	0	1	23	4168	4190	NA	NA
99403_1	chrE	-	23	0	0	1	23	6859	6881	NA	NA
99404_1	chrM	-	23	0	0	1	23	13623	13645	NA	NA
99405_1	chr2	-	23	0	0	1	23	133038212	133038190	NA	NA
99406_1	chr11	-	23	0	0	1	23	63933402	63933380	NA	NA
99407_1	chr1	-	23	0	0	1	23	7990398	7990376	NA	NA
99408_1	chr10	-	23	0	0	1	23	17278314	17278336	NA	NA
99409_8	chr11	-	23	0	0	1	23	45848294	45848272	NA	NA
99410_1	chr17	-	23	0	0	1	23	66016074	66016052	NA	NA
99411_1	chr6	-	23	0	0	1	23	25727279	25727301	NA	NA
99412_1	chr5	-	23	0	0	1	23	95730696	95730674	NA	NA
99413_1	chr5	-	23	0	0	1	23	32444750	32444728	NA	NA
99414_1	chrE	-	23	0	0	1	23	963	985	NA	NA
99415_1	chrE	-	23	0	0	1	23	5815	5837	NA	NA
99416_1	chr5	-	23	0	0	1	23	151043724	151043702	NA	NA
99417_1	chr11	-	23	0	0	1	23	65735004	65735026	NA	NA
99418_1	chrE	-	23	0	0	1	23	1241	1263	NA	NA
99419_1	chrE	-	23	0	0	1	23	693	715	NA	NA
99420_2	chr1	-	23	0	0	1	23	21113822	21113800	NA	NA
99421_2	chrE	-	23	0	0	1	23	1247	1269	NA	NA
99422_1	chr15	-	23	0	0	1	23	102029151	102029173	NA	NA
99423_1	chr15	-	23	0	0	1	23	65588403	65588425	NA	NA
99424_1	chr10	-	23	0	0	1	23	95653884	95653906	NA	NA
99425_1	chr3	-	23	0	0	1	23	9845559	9845581	NA	NA
99426_1	chrE	-	23	0	0	1	23	2392	2414	NA	NA
99427_1	chr1	-	23	0	0	1	23	150783611	150783589	NA	NA
99428_1	chrE	-	23	0	0	1	23	1786	1808	NA	NA
99429_1	chr4	-	23	0	0	1	23	43003675	43003653	NA	NA
99430_1	chr2	-	23	0	0	1	23	1652595	1652573	NA	NA
99431_1	chrE	-	23	0	0	1	23	7031	7053	NA	NA
99432_4	chr12	-	23	0	0	1	23	34372654	34372632	NA	NA
99433_2	chrE	-	23	0	0	1	23	4572	4594	NA	NA
99434_1	chrE	-	23	0	0	1	23	684	706	NA	NA
99435_2	chrE	-	23	0	0	1	23	5639	5661	NA	NA
99436_1	chr1	-	23	0	0	1	23	91852993	91852971	NA	NA
99437_1	chr17	-	23	0	0	1	23	75190784	75190806	NA	NA
99438_2	chrE	-	23	0	0	1	23	2273	2295	NA	NA
99439_2	chr1	-	23	0	0	1	23	91852849	91852827	NA	NA
99440_1	chr1	-	23	0	0	1	23	91853002	91852980	NA	NA
99441_4	chr15	-	23	0	0	1	23	65588469	65588491	NA	NA
99442_1	chr7	-	23	0	0	1	23	56101807	56101785	NA	NA
99443_1	chrE	-	23	0	0	1	23	4716	4738	NA	NA
99444_1	chrE	-	23	0	0	1	23	2346	2368	NA	NA
99445_1	chr2	-	23	0	0	1	23	167350525	167350503	NA	NA
99446_3	chrE	-	23	0	0	1	23	784	806	NA	NA
99447_1	chr7	-	23	0	0	1	23	100205090	100205112	NA	NA
99448_1	chr1	-	23	0	0	1	23	40254261	40254283	NA	NA
99449_1	chr2	-	23	0	0	1	23	107503225	107503247	NA	NA
99450_1	chrE	-	23	0	0	1	23	3802	3824	NA	NA
99451_2	chrY	-	23	0	0	1	23	10037855	10037877	NA	NA
99452_1	chr19	-	23	0	0	1	23	8531249	8531271	NA	NA
99453_1	chr6	-	23	0	0	1	23	28616047	28616025	NA	NA
99454_1	chrE	-	23	0	0	1	23	1970	1992	NA	NA
99455_2	chrE	-	23	0	0	1	23	2342	2364	NA	NA
99456_1	chr7	-	23	0	0	1	23	127033983	127034005	NA	NA
99457_1	chr3	-	23	0	0	1	23	139097991	139097969	NA	NA
99458_3	chrX	-	23	0	0	1	23	108297807	108297829	NA	NA
99459_1	chr11	-	23	0	0	1	23	105948593	105948615	NA	NA
99460_1	chr14	-	23	0	0	1	23	23450046	23450024	NA	NA
99461_2	chrE	-	23	0	0	1	23	1819	1841	NA	NA
99462_1	chr14	-	23	0	0	1	23	74961693	74961715	NA	NA
99463_1	chr1	-	23	0	0	1	23	155920920	155920898	NA	NA
99464_1	chr17	-	23	0	0	1	23	33478346	33478324	NA	NA
99465_1	chr6	-	23	0	0	1	23	31701686	31701664	NA	NA
99466_1	chrE	-	23	0	0	1	23	6116	6138	NA	NA
99467_1	chr6	-	23	0	0	1	23	26158770	26158792	NA	NA
99468_1	chrY	-	23	0	0	1	23	10037827	10037849	NA	NA
99469_1	chr9	-	23	0	0	1	23	79186845	79186867	NA	NA
99470_2	chrY	-	23	0	0	1	23	10037850	10037872	NA	NA
99471_1	chr14	-	23	0	0	1	23	105718883	105718861	NA	NA
99472_1	chr3	-	23	0	0	1	23	133525452	133525474	NA	NA
99473_1	chrE	-	23	0	0	1	23	6757	6779	NA	NA
99474_1	chr6	-	23	0	0	1	23	41909395	41909373	NA	NA
99475_1	chr5	-	23	0	0	1	23	112090638	112090660	NA	NA
99476_1	chr1	-	23	0	0	1	23	153724800	153724822	NA	NA
99477_1	chr1	-	23	0	0	1	23	183106878	183106900	NA	NA
99478_1	chr3	-	23	0	0	1	23	171820466	171820444	NA	NA
99479_1	chrX	-	23	0	0	1	23	108297802	108297824	NA	NA
99480_1	chrE	-	23	0	0	1	23	2603	2625	NA	NA
99481_2	chr15	-	23	0	0	1	23	59203715	59203737	NA	NA
99482_9	chrX	-	23	0	0	1	23	108297805	108297827	NA	NA
99483_1	chr8	-	23	0	0	1	23	23807734	23807712	NA	NA
99484_1	chr2	-	23	0	0	1	23	222826530	222826508	NA	NA
99485_1	chr1	-	23	0	0	1	23	91853014	91852992	NA	NA
99486_1	chr5	-	23	0	0	1	23	122990814	122990836	NA	NA
99487_1	chrE	-	23	0	0	1	23	6190	6212	NA	NA
99488_1	chr2	-	23	0	0	1	23	133012583	133012561	NA	NA
99489_1	chrE	-	23	0	0	1	23	5128	5150	NA	NA
99490_1	chr3	-	23	0	0	1	23	49065896	49065874	NA	NA
99491_1	chrY	-	23	0	0	1	23	10036488	10036510	NA	NA
99492_1	chrE	-	23	0	0	1	23	4349	4371	NA	NA
99493_1	chr21	-	23	0	0	1	23	9827177	9827199	NA	NA
99494_1	chr17	-	23	0	0	1	23	74097906	74097884	NA	NA
99495_1	chrE	-	23	0	0	1	23	5865	5887	NA	NA
99496_1	chr5	-	23	0	0	1	23	136324294	136324272	NA	NA
99497_1	chrE	-	23	0	0	1	23	3170	3192	NA	NA
99498_1	chr22	-	23	0	0	1	23	39146321	39146299	NA	NA
99499_1	chr2	-	23	0	0	1	23	133011977	133011955	NA	NA
99500_1	chrM	-	23	0	0	1	23	2858	2880	NA	NA
99501_1	chrX	-	23	0	0	1	23	9433014	9432992	NA	NA
99502_93	chrY	-	23	0	0	1	23	10037849	10037871	NA	NA
99503_2	chrY	-	23	0	0	1	23	10036455	10036477	NA	NA
99504_1	chr19	-	23	0	0	1	23	24185254	24185232	NA	NA
99505_1	chr1	-	23	0	0	1	23	27250580	27250602	NA	NA
99506_1	chr17	-	23	0	0	1	23	49338099	49338121	NA	NA
99507_1	chr3	-	23	0	0	1	23	14989173	14989195	NA	NA
99508_1	chr10	-	23	0	0	1	23	5827912	5827890	NA	NA
99509_1	chr19	-	23	0	0	1	23	17179876	17179854	NA	NA
99510_62	chr21	-	23	0	0	1	23	9827208	9827230	NA	NA
99511_1	chr21	-	23	0	0	1	23	9827277	9827299	NA	NA
99512_1	chr19	-	23	0	0	1	23	33078190	33078212	NA	NA
99513_1	chr17	-	23	0	0	1	23	42200909	42200887	NA	NA
99514_13	chr9	-	23	0	0	1	23	79186854	79186876	NA	NA
99515_1	chrE	-	23	0	0	1	23	3979	4001	NA	NA
99516_1	chr5	-	23	0	0	1	23	896841	896863	NA	NA
99517_64	chr3	-	23	0	0	1	23	194407584	194407606	NA	NA
99518_1	chrE	-	23	0	0	1	23	3563	3585	NA	NA
99519_2	chrE	-	23	0	0	1	23	3816	3838	NA	NA
99520_1	chrE	-	23	0	0	1	23	6330	6352	NA	NA
99521_1	chrE	-	23	0	0	1	23	6870	6892	NA	NA
99522_1	chr4	-	23	0	0	1	23	76807196	76807218	NA	NA
99523_1	chrE	-	23	0	0	1	23	6413	6435	NA	NA
99524_2	chrE	-	23	0	0	1	23	2949	2971	NA	NA
99525_1	chr19	-	23	0	0	1	23	10791897	10791919	NA	NA
99526_1	chr1	-	23	0	0	1	23	89859745	89859767	NA	NA
99527_1	chrE	-	23	0	0	1	23	5698	5720	NA	NA
99528_1	chr6	-	23	0	0	1	23	26056142	26056120	NA	NA
99529_1	chr15	-	23	0	0	1	23	73023663	73023685	NA	NA
99530_1	chr10	-	23	0	0	1	23	103908592	103908614	NA	NA
99531_4	chrE	-	23	0	0	1	23	4220	4242	NA	NA
99532_1	chrE	-	23	0	0	1	23	6643	6665	NA	NA
99533_1	chrE	-	23	0	0	1	23	6507	6529	NA	NA
99534_1	chrE	-	23	0	0	1	23	6823	6845	NA	NA
99535_38	chr2	-	23	0	0	1	23	71565818	71565796	NA	NA
99536_7	chr2	-	23	0	0	1	23	133038144	133038122	NA	NA
99537_2	chr11	-	23	0	0	1	23	85195209	85195231	NA	NA
99538_1	chr4	-	23	0	0	1	23	71859516	71859538	NA	NA
99539_1	chr14	-	23	0	0	1	23	67831669	67831691	NA	NA
99540_2	chrE	-	23	0	0	1	23	6982	7004	NA	NA
99541_1	chr2	-	23	0	0	1	23	133012874	133012852	NA	NA
99542_1	chr6	-	23	0	0	1	23	32145036	32145014	NA	NA
99543_1	chr20	-	23	0	0	1	23	31954742	31954720	NA	NA
99544_1	chrE	-	23	0	0	1	23	2219	2241	NA	NA
99545_1	chrE	-	23	0	0	1	23	1396	1418	NA	NA
99546_1	chrY	-	23	0	0	1	23	10037854	10037876	NA	NA
99547_1	chrE	-	23	0	0	1	23	7193	7215	NA	NA
99548_1	chr11	-	23	0	0	1	23	59574240	59574218	NA	NA
99549_1	chrE	-	23	0	0	1	23	1881	1903	NA	NA
99550_1	chr19	-	23	0	0	1	23	39330758	39330736	NA	NA
99551_1	chr14	-	23	0	0	1	23	20791405	20791383	NA	NA
99552_1	chrE	-	23	0	0	1	23	3752	3774	NA	NA
99553_1	chrE	-	23	0	0	1	23	1400	1422	NA	NA
99554_2	chrE	-	23	0	0	1	23	4507	4529	NA	NA
99555_1	chr2	-	23	0	0	1	23	37429042	37429020	NA	NA
99556_1	chrE	-	23	0	0	1	23	2278	2300	NA	NA
99557_1	chr11	-	23	0	0	1	23	7110838	7110860	NA	NA
99558_1	chr7	-	23	0	0	1	23	99015148	99015170	NA	NA
99559_2	chrE	-	23	0	0	1	23	1818	1840	NA	NA
99560_1	chr16	-	23	0	0	1	23	31196318	31196340	NA	NA
99561_1	chr10	-	23	0	0	1	23	103124631	103124609	NA	NA
99562_1	chrE	-	23	0	0	1	23	7032	7054	NA	NA
99563_5	chr15	-	23	0	0	1	23	65597107	65597129	NA	NA
99564_1	chr1	-	23	0	0	1	23	40322970	40322948	NA	NA
99565_1	chr9	-	23	0	0	1	23	130269185	130269163	NA	NA
99566_1	chr8	-	23	0	0	1	23	17819634	17819656	NA	NA
99567_1	chr17	-	23	0	0	1	23	66526569	66526591	NA	NA
99568_1	chr8	-	23	0	0	1	23	145620388	145620366	NA	NA
99569_1	chr19	-	23	0	0	1	23	13051234	13051256	NA	NA
99570_1	chrE	-	23	0	0	1	23	3289	3311	NA	NA
99571_2	chrE	-	23	0	0	1	23	2388	2410	NA	NA
99572_1	chrE	-	23	0	0	1	23	7037	7059	NA	NA
99573_1	chr8	-	23	0	0	1	23	82752134	82752112	NA	NA
99574_1	chr4	-	23	0	0	1	23	138451539	138451517	NA	NA
99575_1	chr9	-	23	0	0	1	23	33167053	33167031	NA	NA
99576_1	chr11	-	23	0	0	1	23	64795008	64795030	NA	NA
99577_1	chrE	-	23	0	0	1	23	715	737	NA	NA
99578_1	chrE	-	23	0	0	1	23	1893	1915	NA	NA
99579_1	chrE	-	23	0	0	1	23	5876	5898	NA	NA
99580_1	chr7	-	23	0	0	1	23	94293933	94293955	NA	NA
99581_1	chrE	-	23	0	0	1	23	2286	2308	NA	NA
99582_1	chr7	-	23	0	0	1	23	150068891	150068913	NA	NA
99583_1	chr2	-	23	0	0	1	23	133012867	133012845	NA	NA
99584_1	chrE	-	23	0	0	1	23	4719	4741	NA	NA
99585_1	chr17	-	23	0	0	1	23	73261820	73261842	NA	NA
99586_1	chrE	-	23	0	0	1	23	7121	7143	NA	NA
99587_1	chr12	-	23	0	0	1	23	56121060	56121038	NA	NA
99588_1	chrX	-	23	0	0	1	23	153664059	153664081	NA	NA
99589_3	chr17	-	23	0	0	1	23	33478333	33478311	NA	NA
# blasting completed