97802_1	chr11	-	22	0	0	1	22	34188266	34188245	NA	NA
97803_1	chrY	-	22	0	0	1	22	10037852	10037873	NA	NA
97804_2	chr9	-	22	0	0	1	22	136933666	136933687	NA	NA
97805_1	chr10	-	22	0	0	1	22	6245406	6245427	NA	NA
97806_1	chr14	-	22	0	0	1	22	102483505	102483526	NA	NA
97807_1	chr14	-	22	0	0	1	22	67091051	67091030	NA	NA
97808_1	chr21	-	22	0	0	1	22	9827039	9827060	NA	NA
97809_1	chr2	-	22	0	0	1	22	181846037	181846058	NA	NA
97810_1	chr14	-	22	0	0	1	22	59951259	59951280	NA	NA
97811_1	chr10	-	22	0	0	1	22	104614118	104614139	NA	NA
97812_1	chrE	-	22	0	0	1	22	3340	3361	NA	NA
97813_1	chr1	-	22	0	0	1	22	11969904	11969883	NA	NA
97814_1	chrE	-	22	0	0	1	22	3434	3455	NA	NA
97815_1	chr6	-	22	0	0	1	22	28626047	28626026	NA	NA
97816_1	chr2	-	22	0	0	1	22	230045521	230045500	NA	NA
97817_1	chr9	-	22	0	0	1	22	138371602	138371623	NA	NA
97818_1	chr5	-	22	0	0	1	22	71146743	71146764	NA	NA
97819_1	chr11	-	22	0	0	1	22	16760366	16760387	NA	NA
97820_35	chr5	-	22	0	0	1	22	488385	488406	NA	NA
97821_3	chrX	-	22	0	0	1	22	8699983	8699962	NA	NA
97822_1	chrE	-	22	0	0	1	22	1200	1221	NA	NA
97823_1	chr14	-	22	0	0	1	22	96343100	96343079	NA	NA
97824_4	chr16	-	22	0	0	1	22	47538725	47538746	NA	NA
97825_1	chr2	-	22	0	0	1	22	133038795	133038774	NA	NA
97826_1	chr11	-	22	0	0	1	22	85195194	85195215	NA	NA
97827_1	chr4	-	22	0	0	1	22	30722164	30722185	NA	NA
97828_1	chr21	-	22	0	0	1	22	9827483	9827504	NA	NA
97829_1	chr19	-	22	0	0	1	22	24185252	24185231	NA	NA
97830_1	chrE	-	22	0	0	1	22	4351	4372	NA	NA
97831_1	chr6	-	22	0	0	1	22	151670814	151670835	NA	NA
97832_1	chr2	-	22	0	0	1	22	230045546	230045525	NA	NA
97833_12	chr17	-	22	0	0	1	22	33478295	33478274	NA	NA
97834_1	chrE	-	22	0	0	1	22	2355	2376	NA	NA
97835_1	chr4	-	22	0	0	1	22	68497481	68497460	NA	NA
97836_1	chr5	-	22	0	0	1	22	71146758	71146779	NA	NA
97837_3	chr19	-	22	0	0	1	22	24185253	24185232	NA	NA
97838_1	chrM	-	22	0	0	1	22	2884	2905	NA	NA
97839_1	chr16	-	22	0	0	1	22	33963230	33963251	NA	NA
97840_1	chr16	-	22	0	0	1	22	2290033	2290012	NA	NA
97841_1	chr6	-	22	0	0	1	22	25727325	25727346	NA	NA
97842_2	chr3	-	22	0	0	1	22	32455473	32455452	NA	NA
97843_1	chr5	-	22	0	0	1	22	149826411	149826390	NA	NA
97844_1	chrE	-	22	0	0	1	22	4718	4739	NA	NA
97845_1	chr19	-	22	0	0	1	22	34919391	34919412	NA	NA
97846_1	chrE	-	22	0	0	1	22	1761	1782	NA	NA
97847_1	chr12	-	22	0	0	1	22	42554411	42554390	NA	NA
97848_3	chrX	-	22	0	0	1	22	108297809	108297830	NA	NA
97849_1	chr5	-	22	0	0	1	22	60839719	60839740	NA	NA
97850_1	chrE	-	22	0	0	1	22	2778	2799	NA	NA
97851_1	chr8	-	22	0	0	1	22	91997494	91997515	NA	NA
97852_1	chrE	-	22	0	0	1	22	747	768	NA	NA
97853_1	chr17	-	22	0	0	1	22	17122616	17122595	NA	NA
97854_2	chr9	-	22	0	0	1	22	138391927	138391948	NA	NA
97855_1	chrE	-	22	0	0	1	22	3846	3867	NA	NA
97856_1	chr15	-	22	0	0	1	22	81271704	81271683	NA	NA
97857_1	chr12	-	22	0	0	1	22	121677462	121677483	NA	NA
97858_1	chrE	-	22	0	0	1	22	862	883	NA	NA
97859_1	chr5	-	22	0	0	1	22	71146756	71146777	NA	NA
97860_1	chr9	-	22	0	0	1	22	95009721	95009700	NA	NA
97861_1	chr20	-	22	0	0	1	22	37501486	37501507	NA	NA
97862_1	chr8	-	22	0	0	1	22	103870325	103870304	NA	NA
97863_1	chr17	-	22	0	0	1	22	685491	685470	NA	NA
97864_1	chr7	-	22	0	0	1	22	5569226	5569205	NA	NA
97865_1	chr18	-	22	0	0	1	22	57016394	57016373	NA	NA
97866_1	chrE	-	22	0	0	1	22	743	764	NA	NA
97867_2	chr21	-	22	0	0	1	22	9827207	9827228	NA	NA
97868_1	chr7	-	22	0	0	1	22	64276079	64276058	NA	NA
97869_1	chr19	-	22	0	0	1	22	18530339	18530360	NA	NA
97870_1	chr19	-	22	0	0	1	22	3359637	3359616	NA	NA
97871_1	chrE	-	22	0	0	1	22	6343	6364	NA	NA
97872_1	chrE	-	22	0	0	1	22	4273	4294	NA	NA
97873_1	chrE	-	22	0	0	1	22	3377	3398	NA	NA
97874_1	chr6	-	22	0	0	1	22	33170156	33170177	NA	NA
97875_6	chr2	-	22	0	0	1	22	71565817	71565796	NA	NA
97876_1	chr6	-	22	0	0	1	22	31498944	31498923	NA	NA
97877_1	chr11	-	22	0	0	1	22	2153330	2153309	NA	NA
97878_1	chr19	-	22	0	0	1	22	797425	797446	NA	NA
97879_1	chr12	-	22	0	0	1	22	127650621	127650600	NA	NA
97880_1	chr2	-	22	0	0	1	22	189850478	189850499	NA	NA
97881_1	chr19	-	22	0	0	1	22	436373	436352	NA	NA
97882_1	chrE	-	22	0	0	1	22	1241	1262	NA	NA
97883_1	chr6	-	22	0	0	1	22	133594082	133594103	NA	NA
97884_1	chr11	-	22	0	0	1	22	75115216	75115237	NA	NA
97885_1	chr2	-	22	0	0	1	22	47572876	47572897	NA	NA
97886_1	chrY	-	22	0	0	1	22	10037836	10037857	NA	NA
97887_1	chr17	-	22	0	0	1	22	19355693	19355714	NA	NA
97888_1	chr10	-	22	0	0	1	22	96936531	96936510	NA	NA
97889_1	chr12	-	22	0	0	1	22	127650633	127650612	NA	NA
97890_1	chrE	-	22	0	0	1	22	1755	1776	NA	NA
97891_1	chr21	-	22	0	0	1	22	9827287	9827308	NA	NA
97892_1	chr14	-	22	0	0	1	22	77843372	77843351	NA	NA
97893_1	chrE	-	22	0	0	1	22	1313	1334	NA	NA
97894_1	chrE	-	22	0	0	1	22	1870	1891	NA	NA
97895_1	chr11	-	22	0	0	1	22	47470379	47470358	NA	NA
97896_1	chrE	-	22	0	0	1	22	4453	4474	NA	NA
97897_1	chr2	-	22	0	0	1	22	127443830	127443809	NA	NA
97898_1	chr1	-	22	0	0	1	22	11968291	11968312	NA	NA
97899_1	chr8	-	22	0	0	1	22	97245423	97245402	NA	NA
97900_1	chr1	-	22	0	0	1	22	155874137	155874116	NA	NA
97901_2	chr9	-	22	0	0	1	22	79186674	79186695	NA	NA
97902_1	chr16	-	22	0	0	1	22	33963224	33963245	NA	NA
97903_1	chrE	-	22	0	0	1	22	3069	3090	NA	NA
97904_1	chr6	-	22	0	0	1	22	80717541	80717562	NA	NA
97905_1	chr15	-	22	0	0	1	22	48624466	48624487	NA	NA
97906_1	chr5	-	22	0	0	1	22	71146888	71146909	NA	NA
97907_1	chr6	-	22	0	0	1	22	26031944	26031923	NA	NA
97908_1	chr12	-	22	0	0	1	22	96412652	96412631	NA	NA
97909_5	chr12	-	22	0	0	1	22	6875676	6875697	NA	NA
97910_1	chr17	-	22	0	0	1	22	79479349	79479328	NA	NA
97911_16	chr20	-	22	0	0	1	22	62421651	62421672	NA	NA
97912_1	chr6	-	22	0	0	1	22	170862321	170862300	NA	NA
97913_2	chr21	-	22	0	0	1	22	9827205	9827226	NA	NA
97914_1	chr6	-	22	0	0	1	22	126661310	126661331	NA	NA
97915_1	chr21	-	22	0	0	1	22	9827461	9827482	NA	NA
97916_1	chr2	-	22	0	0	1	22	230045524	230045503	NA	NA
97917_1	chr2	-	22	0	0	1	22	69769684	69769663	NA	NA
97918_1	chrE	-	22	0	0	1	22	2393	2414	NA	NA
97919_1	chr6	-	22	0	0	1	22	33378531	33378510	NA	NA
97920_4	chr10	-	22	0	0	1	22	132588138	132588159	NA	NA
97921_2	chr12	-	22	0	0	1	22	127650656	127650635	NA	NA
97922_1	chr16	-	22	0	0	1	22	33963079	33963100	NA	NA
97923_1	chr2	-	22	0	0	1	22	44121735	44121714	NA	NA
97924_2	chr21	-	22	0	0	1	22	9827176	9827197	NA	NA
97925_1	chr6	-	22	0	0	1	22	26032201	26032180	NA	NA
97926_1	chrE	-	22	0	0	1	22	635	656	NA	NA
97927_4	chr19	-	22	0	0	1	22	24185475	24185454	NA	NA
97928_1	chr2	-	22	0	0	1	22	230045507	230045486	NA	NA
97929_1	chr1	-	22	0	0	1	22	23894897	23894918	NA	NA
97930_1	chr20	-	22	0	0	1	22	60893596	60893575	NA	NA
97931_1	chrE	-	22	0	0	1	22	2386	2407	NA	NA
97932_1	chrE	-	22	0	0	1	22	1230	1251	NA	NA
97933_1	chr3	-	22	0	0	1	22	47029382	47029361	NA	NA
97934_1	chr1	-	22	0	0	1	22	32625063	32625084	NA	NA
97935_3	chr8	-	22	0	0	1	22	21455983	21456004	NA	NA
97936_2	chr12	-	22	0	0	1	22	6875675	6875696	NA	NA
97937_1	chr21	-	22	0	0	1	22	9827150	9827171	NA	NA
97938_1	chr11	-	22	0	0	1	22	62609143	62609122	NA	NA
97939_1	chr19	-	22	0	0	1	22	41196566	41196587	NA	NA
97940_1	chr16	-	22	0	0	1	22	56548449	56548428	NA	NA
97941_1	chr21	-	22	0	0	1	22	9827013	9827034	NA	NA
97942_1	chrE	-	22	0	0	1	22	950	971	NA	NA
97943_1	chr12	-	22	0	0	1	22	132380348	132380369	NA	NA
97944_1	chrE	-	22	0	0	1	22	4571	4592	NA	NA
97945_1	chr6	-	22	0	0	1	22	27782816	27782837	NA	NA
97946_1	chr12	-	22	0	0	1	22	106522816	106522795	NA	NA
97947_1	chrE	-	22	0	0	1	22	6150	6171	NA	NA
97948_1	chr14	-	22	0	0	1	22	78021833	78021812	NA	NA
97949_2	chr16	-	22	0	0	1	22	33963344	33963365	NA	NA
97950_1	chr6	-	22	0	0	1	22	120056312	120056333	NA	NA
97951_1	chrE	-	22	0	0	1	22	5811	5832	NA	NA
97952_1	chrE	-	22	0	0	1	22	1229	1250	NA	NA
97953_13	chr16	-	22	0	0	1	22	47538726	47538747	NA	NA
97954_1	chr1	-	22	0	0	1	22	211433007	211432986	NA	NA
97955_1	chrE	-	22	0	0	1	22	1023	1044	NA	NA
97956_1	chr12	-	22	0	0	1	22	127650917	127650896	NA	NA
97957_1	chrE	-	22	0	0	1	22	598	619	NA	NA
97958_1	chr1	-	22	0	0	1	22	91853002	91852981	NA	NA
97959_6	chr11	-	22	0	0	1	22	75946930	75946909	NA	NA
97960_1	chrY	-	22	0	0	1	22	10037769	10037790	NA	NA
97961_1	chrE	-	22	0	0	1	22	3848	3869	NA	NA
97962_1	chr17	-	22	0	0	1	22	74349828	74349807	NA	NA
97963_1	chr1	-	22	0	0	1	22	36106970	36106949	NA	NA
97964_1	chrE	-	22	0	0	1	22	4266	4287	NA	NA
97965_1	chr6	-	22	0	0	1	22	10383601	10383580	NA	NA
97966_1	chr11	-	22	0	0	1	22	3466944	3466965	NA	NA
97967_1	chrE	-	22	0	0	1	22	3153	3174	NA	NA
97968_1	chr1	-	22	0	0	1	22	185014915	185014936	NA	NA
97969_1	chr1	-	22	0	0	1	22	149858834	149858855	NA	NA
97970_1	chr11	-	22	0	0	1	22	45848293	45848272	NA	NA
97971_1	chr17	-	22	0	0	1	22	62498151	62498130	NA	NA
97972_1	chr21	-	22	0	0	1	22	9827381	9827402	NA	NA
97973_1	chr13	-	22	0	0	1	22	79176083	79176062	NA	NA
97974_1	chr11	-	22	0	0	1	22	85195034	85195055	NA	NA
97975_1	chr1	-	22	0	0	1	22	45285589	45285568	NA	NA
97976_1	chrE	-	22	0	0	1	22	2651	2672	NA	NA
97977_1	chr21	-	22	0	0	1	22	9827178	9827199	NA	NA
97978_1	chr1	-	22	0	0	1	22	11968289	11968310	NA	NA
97979_1	chr2	-	22	0	0	1	22	133012862	133012841	NA	NA
97980_1	chr21	-	22	0	0	1	22	9827053	9827074	NA	NA
97981_1	chr17	-	22	0	0	1	22	70345170	70345149	NA	NA
97982_1	chrE	-	22	0	0	1	22	5344	5365	NA	NA
97983_1	chr1	-	22	0	0	1	22	32503583	32503604	NA	NA
97984_1	chr2	-	22	0	0	1	22	43453820	43453799	NA	NA
97985_1	chr1	-	22	0	0	1	22	150549869	150549848	NA	NA
97986_1	chr9	-	22	0	0	1	22	79186849	79186870	NA	NA
97987_12	chr2	-	22	0	0	1	22	71565816	71565795	NA	NA
97988_1	chr6	-	22	0	0	1	22	31590908	31590929	NA	NA
97989_1	chr11	-	22	0	0	1	22	105948407	105948428	NA	NA
97990_1	chr21	-	22	0	0	1	22	9827338	9827359	NA	NA
97991_1	chr8	-	22	0	0	1	22	121262933	121262954	NA	NA
97992_1	chr2	-	22	0	0	1	22	183993018	183993039	NA	NA
97993_1	chr8	-	22	0	0	1	22	121824170	121824149	NA	NA
97994_1	chr17	-	22	0	0	1	22	12897040	12897019	NA	NA
97995_1	chrE	-	22	0	0	1	22	3834	3855	NA	NA
97996_1	chr12	-	22	0	0	1	22	122763373	122763352	NA	NA
97997_1	chrE	-	22	0	0	1	22	6662	6683	NA	NA
97998_1	chr2	-	22	0	0	1	22	150444229	150444208	NA	NA
97999_2	chr19	-	22	0	0	1	22	24184974	24184953	NA	NA
98000_1	chr10	-	22	0	0	1	22	6245405	6245426	NA	NA
98001_1	chr8	-	22	0	0	1	22	42952731	42952752	NA	NA
98002_2	chr21	-	22	0	0	1	22	9827290	9827311	NA	NA
98003_1	chrE	-	22	0	0	1	22	4650	4671	NA	NA
98004_1	chr5	-	22	0	0	1	22	488384	488405	NA	NA
98005_1	chr1	-	22	0	0	1	22	91853105	91853084	NA	NA
98006_1	chr6	-	22	0	0	1	22	26205057	26205078	NA	NA
98007_1	chr7	-	22	0	0	1	22	92983046	92983067	NA	NA
98008_1	chr6	-	22	0	0	1	22	26045643	26045664	NA	NA
98009_1	chrX	-	22	0	0	1	22	70613939	70613960	NA	NA
98010_2	chr10	-	22	0	0	1	22	128593720	128593741	NA	NA
98011_1	chrE	-	22	0	0	1	22	5041	5062	NA	NA
98012_1	chr12	-	22	0	0	1	22	54639940	54639919	NA	NA
98013_1	chr7	-	22	0	0	1	22	5568332	5568311	NA	NA
98014_1	chr18	-	22	0	0	1	22	28226399	28226378	NA	NA
98015_1	chr2	-	22	0	0	1	22	133012792	133012771	NA	NA
98016_1	chrE	-	22	0	0	1	22	4829	4850	NA	NA
98017_1	chr21	-	22	0	0	1	22	38884792	38884813	NA	NA
98018_1	chr20	-	22	0	0	1	22	305021	305000	NA	NA
98019_1	chr6	-	22	0	0	1	22	26216539	26216518	NA	NA
98020_1	chr3	-	22	0	0	1	22	44489640	44489619	NA	NA
98021_1	chr17	-	22	0	0	1	22	33478297	33478276	NA	NA
98022_1	chrE	-	22	0	0	1	22	722	743	NA	NA
98023_1	chr21	-	22	0	0	1	22	9827204	9827225	NA	NA
98024_1	chr17	-	22	0	0	1	22	57759756	57759777	NA	NA
98025_1	chrE	-	22	0	0	1	22	877	898	NA	NA
98026_1	chr6	-	22	0	0	1	22	44216479	44216500	NA	NA
98027_1	chr21	-	22	0	0	1	22	9827441	9827462	NA	NA
98028_1	chr6	-	22	0	0	1	22	75970557	75970536	NA	NA
98029_1	chr2	-	22	0	0	1	22	133012572	133012551	NA	NA
98030_1	chrE	-	22	0	0	1	22	1666	1687	NA	NA
98031_1	chr12	-	22	0	0	1	22	127650520	127650499	NA	NA
98032_6	chr18	-	22	0	0	1	22	43914350	43914371	NA	NA
98033_1	chr7	-	22	0	0	1	22	94298261	94298282	NA	NA
98034_1	chrE	-	22	0	0	1	22	6661	6682	NA	NA
98035_21	chr9	-	22	0	0	1	22	136933667	136933688	NA	NA
98036_1	chrE	-	22	0	0	1	22	951	972	NA	NA
98037_1	chr10	-	22	0	0	1	22	128593719	128593740	NA	NA
98038_1	chr8	-	22	0	0	1	22	25898428	25898407	NA	NA
98039_1	chr6	-	22	0	0	1	22	169106269	169106248	NA	NA
98040_1	chrE	-	22	0	0	1	22	1029	1050	NA	NA
98041_8	chr17	-	22	0	0	1	22	33478296	33478275	NA	NA
98042_1	chr2	-	22	0	0	1	22	240322127	240322148	NA	NA
98043_1	chr2	-	22	0	0	1	22	96963397	96963376	NA	NA
98044_1	chrE	-	22	0	0	1	22	2739	2760	NA	NA
98045_1	chr4	-	22	0	0	1	22	160286974	160286995	NA	NA
98046_1	chrE	-	22	0	0	1	22	1845	1866	NA	NA
98047_1	chrE	-	22	0	0	1	22	4652	4673	NA	NA
98048_1	chr2	-	22	0	0	1	22	115695148	115695127	NA	NA
98049_2	chr2	-	22	0	0	1	22	71565819	71565798	NA	NA
98050_2	chrX	-	22	0	0	1	22	108297805	108297826	NA	NA
98051_2	chr2	-	22	0	0	1	22	133039192	133039171	NA	NA
98052_1	chrE	-	22	0	0	1	22	728	749	NA	NA
98053_1	chrE	-	22	0	0	1	22	6492	6513	NA	NA
98054_1	chrE	-	22	0	0	1	22	3138	3159	NA	NA
98055_1	chrX	-	22	0	0	1	22	106045899	106045878	NA	NA
98056_1	chr2	-	22	0	0	1	22	227860180	227860201	NA	NA
98057_5	chr17	-	22	0	0	1	22	81037676	81037655	NA	NA
98058_1	chrX	-	22	0	0	1	22	134108888	134108867	NA	NA
98059_1	chr1	-	22	0	0	1	22	19992297	19992318	NA	NA
98060_1	chr20	-	22	0	0	1	22	36824578	36824599	NA	NA
98061_1	chrX	-	22	0	0	1	22	108297806	108297827	NA	NA
98062_1	chr8	-	22	0	0	1	22	121548121	121548100	NA	NA
98063_1	chrE	-	22	0	0	1	22	5550	5571	NA	NA
98064_1	chr7	-	22	0	0	1	22	87257669	87257648	NA	NA
98065_1	chrE	-	22	0	0	1	22	1335	1356	NA	NA
98066_17	chr13	-	22	0	0	1	22	112758182	112758161	NA	NA
98067_1	chr21	-	22	0	0	1	22	9827294	9827315	NA	NA
98068_1	chr21	-	22	0	0	1	22	9827155	9827176	NA	NA
98069_8	chr16	-	22	0	0	1	22	47538728	47538749	NA	NA
98070_1	chr2	-	22	0	0	1	22	27444169	27444190	NA	NA
98071_2	chr12	-	22	0	0	1	22	33049883	33049904	NA	NA
98072_1	chr7	-	22	0	0	1	22	70159209	70159230	NA	NA
98073_1	chr5	-	22	0	0	1	22	133541711	133541690	NA	NA
98074_1	chr19	-	22	0	0	1	22	7696645	7696624	NA	NA
98075_1	chr18	-	22	0	0	1	22	35065632	35065611	NA	NA
98076_1	chr20	-	22	0	0	1	22	33338180	33338159	NA	NA
98077_1	chr22	-	22	0	0	1	22	43312543	43312564	NA	NA
98078_1	chr18	-	22	0	0	1	22	43914351	43914372	NA	NA
98079_1	chr16	-	22	0	0	1	22	69189859	69189880	NA	NA
98080_1	chr17	-	22	0	0	1	22	32061822	32061843	NA	NA
98081_1	chr17	-	22	0	0	1	22	33478266	33478245	NA	NA
98082_4	chr9	-	22	0	0	1	22	79186675	79186696	NA	NA
98083_1	chr19	-	22	0	0	1	22	34857714	34857735	NA	NA
98084_1	chrE	-	22	0	0	1	22	5549	5570	NA	NA
98085_1	chrE	-	22	0	0	1	22	3818	3839	NA	NA
98086_1	chr19	-	22	0	0	1	22	24187305	24187284	NA	NA
98087_1	chrE	-	22	0	0	1	22	5808	5829	NA	NA
98088_1	chr17	-	22	0	0	1	22	33478265	33478244	NA	NA
98089_54	chr9	-	22	0	0	1	22	136933668	136933689	NA	NA
98090_1	chr21	-	22	0	0	1	22	9827300	9827321	NA	NA
98091_1	chrE	-	22	0	0	1	22	3116	3137	NA	NA
98092_1	chrE	-	22	0	0	1	22	6580	6601	NA	NA
98093_1	chr21	-	22	0	0	1	22	9827054	9827075	NA	NA
98094_1	chr19	-	22	0	0	1	22	13050384	13050405	NA	NA
98095_1	chr19	-	22	0	0	1	22	55816883	55816904	NA	NA
98096_1	chrX	-	22	0	0	1	22	102612555	102612576	NA	NA
98097_1	chr2	-	22	0	0	1	22	133012578	133012557	NA	NA
98098_2	chrY	-	22	0	0	1	22	10037849	10037870	NA	NA
98099_1	chr13	-	22	0	0	1	22	20533390	20533411	NA	NA
98100_1	chr9	-	22	0	0	1	22	95858587	95858566	NA	NA
98101_1	chrE	-	22	0	0	1	22	2281	2302	NA	NA
98102_1	chr2	-	22	0	0	1	22	133038650	133038629	NA	NA
98103_1	chr11	-	22	0	0	1	22	125465814	125465835	NA	NA
98104_1	chrE	-	22	0	0	1	22	4428	4449	NA	NA
98105_1	chr6	-	22	0	0	1	22	30691661	30691682	NA	NA
98106_2	chr16	-	22	0	0	1	22	33963718	33963739	NA	NA
98107_1	chr2	-	22	0	0	1	22	230045519	230045498	NA	NA
98108_3	chr2	-	22	0	0	1	22	71565820	71565799	NA	NA
98109_1	chrE	-	22	0	0	1	22	4164	4185	NA	NA
98110_6	chr5	-	22	0	0	1	22	174178766	174178745	NA	NA
98111_1	chr18	-	22	0	0	1	22	51751029	51751008	NA	NA
98112_1	chr2	-	22	0	0	1	22	189876384	189876405	NA	NA
98113_1	chrE	-	22	0	0	1	22	605	626	NA	NA
98114_1	chrE	-	22	0	0	1	22	793	814	NA	NA
98115_1	chrM	-	22	0	0	1	22	2519	2540	NA	NA
98116_6	chr19	-	22	0	0	1	22	1470633	1470612	NA	NA
98117_1	chr19	-	22	0	0	1	22	11558271	11558292	NA	NA
98118_1	chrE	-	22	0	0	1	22	6325	6346	NA	NA
98119_1	chr16	-	22	0	0	1	22	11980712	11980691	NA	NA
98120_1	chr8	-	22	0	0	1	22	67577850	67577829	NA	NA
98121_1	chr5	-	22	0	0	1	22	73931588	73931567	NA	NA
98122_1	chr9	-	22	0	0	1	22	116345950	116345971	NA	NA
98123_1	chr2	-	22	0	0	1	22	133012156	133012135	NA	NA
98124_1	chrE	-	22	0	0	1	22	7079	7100	NA	NA
98125_1	chr19	-	22	0	0	1	22	31768231	31768210	NA	NA
98126_1	chrE	-	22	0	0	1	22	1228	1249	NA	NA
98127_2	chrE	-	22	0	0	1	22	2536	2557	NA	NA
98128_2	chr12	-	22	0	0	1	22	20704448	20704469	NA	NA
98129_3	chr17	-	22	0	0	1	22	33478268	33478247	NA	NA
98130_1	chr13	-	22	0	0	1	22	28001302	28001323	NA	NA
98131_1	chrX	-	22	0	0	1	22	108297808	108297829	NA	NA
98132_1	chr11	-	22	0	0	1	22	122929933	122929912	NA	NA
98133_4	chr21	-	22	0	0	1	22	9827210	9827231	NA	NA
98134_2	chr9	-	22	0	0	1	22	136293913	136293892	NA	NA
98135_2	chr5	-	22	0	0	1	22	71146855	71146876	NA	NA
98136_1	chr14	-	22	0	0	1	22	89942400	89942379	NA	NA
98137_2	chr10	-	22	0	0	1	22	121356511	121356532	NA	NA
98138_2	chrE	-	22	0	0	1	22	2547	2568	NA	NA
98139_1	chrE	-	22	0	0	1	22	2582	2603	NA	NA
98140_2	chr20	-	22	0	0	1	22	61569092	61569113	NA	NA
98141_5	chr5	-	22	0	0	1	22	50081214	50081235	NA	NA
98142_2	chr16	-	22	0	0	1	22	47538729	47538750	NA	NA
98143_1	chr2	-	22	0	0	1	22	234750279	234750258	NA	NA
98144_1	chr2	-	22	0	0	1	22	133037887	133037866	NA	NA
98145_1	chrE	-	22	0	0	1	22	2990	3011	NA	NA
98146_1	chr1	-	22	0	0	1	22	91852839	91852818	NA	NA
98147_1	chr14	-	22	0	0	1	22	65747004	65747025	NA	NA
98148_1	chrE	-	22	0	0	1	22	2471	2492	NA	NA
98149_1	chrE	-	22	0	0	1	22	2692	2713	NA	NA
98150_1	chr2	-	22	0	0	1	22	230045523	230045502	NA	NA
98151_1	chr11	-	22	0	0	1	22	118516262	118516241	NA	NA
98152_1	chrE	-	22	0	0	1	22	2410	2431	NA	NA
98153_1	chr16	-	22	0	0	1	22	75670446	75670425	NA	NA
98154_1	chr5	-	22	0	0	1	22	173043898	173043877	NA	NA
98155_1	chrE	-	22	0	0	1	22	755	776	NA	NA
98156_1	chr21	-	22	0	0	1	22	9827163	9827184	NA	NA
98157_1	chrE	-	22	0	0	1	22	733	754	NA	NA
98158_1	chrE	-	22	0	0	1	22	4626	4647	NA	NA
98159_1	chr19	-	22	0	0	1	22	24184137	24184116	NA	NA
98160_1	chr19	-	22	0	0	1	22	1470632	1470611	NA	NA
98161_2	chr2	-	22	0	0	1	22	230045584	230045563	NA	NA
98162_1	chrX	-	22	0	0	1	22	53658387	53658366	NA	NA
98163_1	chr19	-	22	0	0	1	22	1625420	1625441	NA	NA
98164_1	chr2	-	22	0	0	1	22	242175013	242174992	NA	NA
98165_1	chr2	-	22	0	0	1	22	71565821	71565800	NA	NA
98166_1	chr5	-	22	0	0	1	22	71146744	71146765	NA	NA
98167_1	chrE	-	22	0	0	1	22	5851	5872	NA	NA
98168_1	chr6	-	22	0	0	1	22	27841247	27841226	NA	NA
98169_1	chr9	-	22	0	0	1	22	79186853	79186874	NA	NA
98170_1	chr17	-	22	0	0	1	22	5392148	5392169	NA	NA
98171_1	chrE	-	22	0	0	1	22	3364	3385	NA	NA
98172_1	chr20	-	22	0	0	1	22	37203599	37203620	NA	NA
98173_1	chrE	-	22	0	0	1	22	794	815	NA	NA
98174_1	chr21	-	22	0	0	1	22	9827379	9827400	NA	NA
98175_1	chr9	-	22	0	0	1	22	79186848	79186869	NA	NA
98176_1	chr1	-	22	0	0	1	22	145688157	145688178	NA	NA
98177_1	chrE	-	22	0	0	1	22	720	741	NA	NA
98178_1	chrE	-	22	0	0	1	22	1589	1610	NA	NA
98179_1	chr19	-	22	0	0	1	22	12912606	12912585	NA	NA
98180_1	chr17	-	22	0	0	1	22	66016075	66016054	NA	NA
98181_1	chr10	-	22	0	0	1	22	91738470	91738491	NA	NA
98182_51	chr10	-	22	0	0	1	22	21823745	21823766	NA	NA
98183_1	chr3	-	22	0	0	1	22	52521729	52521750	NA	NA
98184_1	chr19	-	22	0	0	1	22	24184768	24184747	NA	NA
98185_1	chr12	-	22	0	0	1	22	27890478	27890499	NA	NA
98186_2	chrE	-	22	0	0	1	22	3533	3554	NA	NA
98187_1	chrE	-	22	0	0	1	22	7108	7129	NA	NA
98188_1	chr11	-	22	0	0	1	22	85195035	85195056	NA	NA
98189_1	chr8	-	22	0	0	1	22	21455984	21456005	NA	NA
98190_1	chr15	-	22	0	0	1	22	65597108	65597129	NA	NA
98191_2	chrE	-	22	0	0	1	22	6097	6118	NA	NA
98192_1	chr8	-	22	0	0	1	22	106813360	106813381	NA	NA
98193_1	chr17	-	22	0	0	1	22	57758814	57758835	NA	NA
98194_1	chrE	-	22	0	0	1	22	1787	1808	NA	NA
98195_1	chr3	-	22	0	0	1	22	173039857	173039836	NA	NA
98196_1	chr15	-	22	0	0	1	22	79606317	79606338	NA	NA
98197_1	chr11	-	22	0	0	1	22	85195011	85195032	NA	NA
98198_1	chr12	-	22	0	0	1	22	8242826	8242847	NA	NA
98199_1	chr19	-	22	0	0	1	22	24184764	24184743	NA	NA
98200_1	chr6	-	22	0	0	1	22	26204843	26204864	NA	NA
98201_1	chrX	-	22	0	0	1	22	122318633	122318654	NA	NA
98202_1	chrE	-	22	0	0	1	22	5810	5831	NA	NA
98203_1	chr7	-	22	0	0	1	22	107603385	107603364	NA	NA
98204_1	chr11	-	22	0	0	1	22	65623582	65623561	NA	NA
98205_2	chr19	-	22	0	0	1	22	24185476	24185455	NA	NA
98206_1	chr11	-	22	0	0	1	22	46403889	46403910	NA	NA
98207_1	chrX	-	22	0	0	1	22	47836254	47836233	NA	NA
98208_1	chrX	-	22	0	0	1	22	37984643	37984664	NA	NA
98209_1	chr17	-	22	0	0	1	22	64728878	64728899	NA	NA
98210_1	chrX	-	22	0	0	1	22	66266963	66266942	NA	NA
98211_1	chr9	-	22	0	0	1	22	36258335	36258356	NA	NA
98212_1	chr5	-	22	0	0	1	22	180670754	180670733	NA	NA
98213_10	chr1	-	22	0	0	1	22	21113822	21113801	NA	NA
98214_1	chrE	-	22	0	0	1	22	1247	1268	NA	NA
98215_1	chr19	-	22	0	0	1	22	24184631	24184610	NA	NA
98216_1	chrE	-	22	0	0	1	22	6203	6224	NA	NA
98217_1	chrE	-	22	0	0	1	22	6882	6903	NA	NA
98218_1	chrE	-	22	0	0	1	22	1272	1293	NA	NA
98219_1	chrE	-	22	0	0	1	22	6681	6702	NA	NA
98220_1	chrE	-	22	0	0	1	22	3620	3641	NA	NA
98221_1	chr16	-	22	0	0	1	22	66461591	66461612	NA	NA
98222_1	chr6	-	22	0	0	1	22	26045635	26045656	NA	NA
98223_1	chr3	-	22	0	0	1	22	141632589	141632610	NA	NA
98224_1	chr1	-	22	0	0	1	22	202113446	202113467	NA	NA
98225_1	chr3	-	22	0	0	1	22	47704043	47704022	NA	NA
98226_1	chr15	-	22	0	0	1	22	37099423	37099402	NA	NA
98227_1	chr21	-	22	0	0	1	22	9827411	9827432	NA	NA
98228_1	chrX	-	22	0	0	1	22	122318634	122318655	NA	NA
98229_2	chr1	-	22	0	0	1	22	91853009	91852988	NA	NA
98230_1	chr1	-	22	0	0	1	22	153932760	153932739	NA	NA
98231_5	chrX	-	22	0	0	1	22	108297807	108297828	NA	NA
98232_1	chr9	-	22	0	0	1	22	97767306	97767327	NA	NA
98233_1	chr2	-	22	0	0	1	22	39055561	39055540	NA	NA
98234_1	chr17	-	22	0	0	1	22	65736789	65736810	NA	NA
98235_1	chr12	-	22	0	0	1	22	127650657	127650636	NA	NA
98236_16	chr13	-	22	0	0	1	22	112758183	112758162	NA	NA
98237_1	chr9	-	22	0	0	1	22	131103076	131103097	NA	NA
98238_1	chr1	-	22	0	0	1	22	91852990	91852969	NA	NA
98239_1	chrE	-	22	0	0	1	22	3339	3360	NA	NA
98240_1	chr8	-	22	0	0	1	22	22887166	22887145	NA	NA
98241_1	chr15	-	22	0	0	1	22	59203715	59203736	NA	NA
98242_1	chr10	-	22	0	0	1	22	126686699	126686678	NA	NA
98243_1	chr6	-	22	0	0	1	22	142028949	142028928	NA	NA
98244_1	chr7	-	22	0	0	1	22	94293223	94293244	NA	NA
98245_6	chr20	-	22	0	0	1	22	30192281	30192260	NA	NA
98246_1	chr1	-	22	0	0	1	22	91852929	91852908	NA	NA
98247_1	chrE	-	22	0	0	1	22	5014	5035	NA	NA
98248_1	chrE	-	22	0	0	1	22	6005	6026	NA	NA
98249_1	chr6	-	22	0	0	1	22	6952859	6952838	NA	NA
98250_1	chr4	-	22	0	0	1	22	39747402	39747423	NA	NA
98251_1	chr1	-	22	0	0	1	22	154192970	154192949	NA	NA
98252_1	chr9	-	22	0	0	1	22	131370516	131370537	NA	NA
98253_1	chrY	-	22	0	0	1	22	10037853	10037874	NA	NA
98254_1	chr12	-	22	0	0	1	22	6692462	6692441	NA	NA
98255_1	chr5	-	22	0	0	1	22	1344769	1344790	NA	NA
98256_30	chr21	-	22	0	0	1	22	9827208	9827229	NA	NA
98257_1	chr10	-	22	0	0	1	22	88649447	88649468	NA	NA
98258_1	chr14	-	22	0	0	1	22	76702023	76702044	NA	NA
98259_1	chr2	-	22	0	0	1	22	133012337	133012316	NA	NA
98260_1	chr9	-	22	0	0	1	22	79186854	79186875	NA	NA
98261_1	chrE	-	22	0	0	1	22	3979	4000	NA	NA
98262_3	chr3	-	22	0	0	1	22	194407584	194407605	NA	NA
98263_1	chrE	-	22	0	0	1	22	2353	2374	NA	NA
98264_56	chr9	-	22	0	0	1	22	136293914	136293893	NA	NA
98265_1	chrE	-	22	0	0	1	22	6980	7001	NA	NA
98266_1	chrE	-	22	0	0	1	22	6330	6351	NA	NA
98267_2	chr9	-	22	0	0	1	22	95940135	95940156	NA	NA
98268_16	chr21	-	22	0	0	1	22	9827209	9827230	NA	NA
98269_1	chrX	-	22	0	0	1	22	19140679	19140658	NA	NA
98270_1	chr6	-	22	0	0	1	22	26250736	26250715	NA	NA
98271_1	chrE	-	22	0	0	1	22	2077	2098	NA	NA
98272_1	chr7	-	22	0	0	1	22	129465236	129465257	NA	NA
98273_1	chrE	-	22	0	0	1	22	1401	1422	NA	NA
98274_1	chr5	-	22	0	0	1	22	110451620	110451599	NA	NA
98275_3	chr12	-	22	0	0	1	22	127650518	127650497	NA	NA
98276_1	chrE	-	22	0	0	1	22	721	742	NA	NA
98277_1	chrE	-	22	0	0	1	22	3832	3853	NA	NA
98278_1	chrE	-	22	0	0	1	22	4507	4528	NA	NA
98279_2	chr11	-	22	0	0	1	22	7110838	7110859	NA	NA
98280_1	chrE	-	22	0	0	1	22	6465	6486	NA	NA
98281_1	chr7	-	22	0	0	1	22	98519369	98519390	NA	NA
98282_1	chr7	-	22	0	0	1	22	1015248	1015269	NA	NA
98283_1	chr1	-	22	0	0	1	22	31425119	31425098	NA	NA
98284_1	chr14	-	22	0	0	1	22	23495307	23495286	NA	NA
98285_1	chr4	-	22	0	0	1	22	88813945	88813966	NA	NA
98286_1	chr3	-	22	0	0	1	22	9974570	9974591	NA	NA
98287_1	chr22	-	22	0	0	1	22	43583273	43583294	NA	NA
98288_1	chr12	-	22	0	0	1	22	66219645	66219666	NA	NA
98289_1	chr17	-	22	0	0	1	22	33478333	33478312	NA	NA
# blasting completed