1456521_1	chr11	-	19	0	0	1	19	74109462	74109444	NA	NA
1456522_1	chr11	-	19	0	0	1	19	799835	799817	NA	NA
1456523_1	chr2	-	19	0	0	1	19	71565817	71565799	NA	NA
1456524_1	chr9	-	19	0	0	1	19	80481048	80481030	NA	NA
1456525_1	chr13	-	19	0	0	1	19	114751188	114751170	NA	NA
1456526_1	chrE	-	19	0	0	1	19	2652	2670	NA	NA
1456527_1	chr1	-	19	0	0	1	19	24764466	24764448	NA	NA
1456528_1	chrE	-	19	0	0	1	19	5805	5823	NA	NA
1456529_1	chr21	-	19	0	0	1	19	9827452	9827470	NA	NA
1456530_1	chr15	-	19	0	0	1	19	72582092	72582110	NA	NA
1456531_1	chr8	-	19	0	0	1	19	25898426	25898408	NA	NA
1456532_1	chrY	-	19	0	0	1	19	23629028	23629046	NA	NA
1456533_1	chr13	-	19	0	0	1	19	24902563	24902545	NA	NA
1456534_1	chr19	-	19	0	0	1	19	40872706	40872724	NA	NA
1456535_1	chr21	-	19	0	0	1	19	9827449	9827467	NA	NA
1456536_1	chr20	-	19	0	0	1	19	62377865	62377883	NA	NA
1456537_1	chrY	-	19	0	0	1	19	10037856	10037874	NA	NA
1456538_1	chrE	-	19	0	0	1	19	4462	4480	NA	NA
1456539_2	chrE	-	19	0	0	1	19	5421	5439	NA	NA
1456540_1	chr12	-	19	0	0	1	19	51158180	51158198	NA	NA
1456541_1	chr13	-	19	0	0	1	19	46560955	46560973	NA	NA
1456542_2	chr16	-	19	0	0	1	19	47538729	47538747	NA	NA
1456543_1	chr1	-	19	0	0	1	19	58605587	58605569	NA	NA
1456544_1	chr17	-	19	0	0	1	19	33478263	33478245	NA	NA
1456545_1	chr5	-	19	0	0	1	19	145843160	145843178	NA	NA
1456546_1	chr21	-	19	0	0	1	19	9827298	9827316	NA	NA
1456547_1	chrE	-	19	0	0	1	19	716	734	NA	NA
1456548_1	chr11	-	19	0	0	1	19	61897366	61897384	NA	NA
1456549_1	chr15	-	19	0	0	1	19	86292471	86292489	NA	NA
1456550_1	chr8	-	19	0	0	1	19	47836665	47836683	NA	NA
1456551_1	chr13	-	19	0	0	1	19	27334974	27334956	NA	NA
1456552_1	chr16	-	19	0	0	1	19	47538731	47538749	NA	NA
1456553_16	chr12	-	19	0	0	1	19	33049886	33049904	NA	NA
1456554_1	chr7	-	19	0	0	1	19	633311	633329	NA	NA
1456555_1	chrE	-	19	0	0	1	19	1626	1644	NA	NA
1456556_2	chr22	-	19	0	0	1	19	43011326	43011344	NA	NA
1456557_1	chr17	-	19	0	0	1	19	7145633	7145615	NA	NA
1456558_2	chr7	-	19	0	0	1	19	55045852	55045834	NA	NA
1456559_1	chr15	-	19	0	0	1	19	57178128	57178146	NA	NA
1456560_1	chr16	-	19	0	0	1	19	30380608	30380590	NA	NA
1456561_1	chrE	-	19	0	0	1	19	5334	5352	NA	NA
1456562_1	chr1	-	19	0	0	1	19	91852839	91852821	NA	NA
1456563_1	chr7	-	19	0	0	1	19	45340693	45340675	NA	NA
1456564_1	chr13	-	19	0	0	1	19	35404718	35404736	NA	NA
1456565_1	chrE	-	19	0	0	1	19	5046	5064	NA	NA
1456566_1	chr19	-	19	0	0	1	19	34745634	34745616	NA	NA
1456567_1	chrE	-	19	0	0	1	19	2038	2056	NA	NA
1456568_1	chr6	-	19	0	0	1	19	34664431	34664449	NA	NA
1456569_1	chr22	-	19	0	0	1	19	36695021	36695003	NA	NA
1456570_1	chr14	-	19	0	0	1	19	43722993	43723011	NA	NA
1456571_1	chr11	-	19	0	0	1	19	45848294	45848276	NA	NA
1456572_1	chrE	-	19	0	0	1	19	7308	7326	NA	NA
1456573_2	chr3	-	19	0	0	1	19	47125151	47125169	NA	NA
1456574_1	chr21	-	19	0	0	1	19	9827178	9827196	NA	NA
1456575_1	chr2	-	19	0	0	1	19	156126169	156126187	NA	NA
1456576_1	chr10	-	19	0	0	1	19	125213694	125213676	NA	NA
1456577_2	chrX	-	19	0	0	1	19	108297810	108297828	NA	NA
1456578_1	chr16	-	19	0	0	1	19	67605093	67605111	NA	NA
1456579_1	chr16	-	19	0	0	1	19	2223798	2223816	NA	NA
1456580_1	chr1	-	19	0	0	1	19	91852990	91852972	NA	NA
1456581_1	chr14	-	19	0	0	1	19	56009847	56009865	NA	NA
1456582_1	chr5	-	19	0	0	1	19	133720416	133720434	NA	NA
1456583_1	chr2	-	19	0	0	1	19	88991455	88991473	NA	NA
1456584_1	chr16	-	19	0	0	1	19	6283248	6283266	NA	NA
1456585_1	chr17	-	19	0	0	1	19	19355699	19355717	NA	NA
1456586_1	chr3	-	19	0	0	1	19	32676761	32676743	NA	NA
1456587_1	chr21	-	19	0	0	1	19	9827057	9827075	NA	NA
1456588_1	chrE	-	19	0	0	1	19	5289	5307	NA	NA
1456589_1	chr17	-	19	0	0	1	19	33478266	33478248	NA	NA
1456590_1	chr8	-	19	0	0	1	19	125384162	125384144	NA	NA
1456591_1	chr1	-	19	0	0	1	19	211433007	211432989	NA	NA
1456592_1	chrE	-	19	0	0	1	19	3074	3092	NA	NA
1456593_1	chr3	-	19	0	0	1	19	14889025	14889043	NA	NA
1456594_1	chr17	-	19	0	0	1	19	33478293	33478275	NA	NA
1456595_1	chr10	-	19	0	0	1	19	8279600	8279582	NA	NA
1456596_1	chr2	-	19	0	0	1	19	139028141	139028123	NA	NA
1456597_1	chr1	-	19	0	0	1	19	91852877	91852859	NA	NA
1456598_1	chrE	-	19	0	0	1	19	4508	4526	NA	NA
1456599_1	chrE	-	19	0	0	1	19	4337	4355	NA	NA
1456600_1	chr9	-	19	0	0	1	19	99233344	99233362	NA	NA
1456601_1	chrE	-	19	0	0	1	19	3139	3157	NA	NA
1456602_1	chr13	-	19	0	0	1	19	35081084	35081066	NA	NA
1456603_1	chr6	-	19	0	0	1	19	26216693	26216675	NA	NA
1456604_1	chr7	-	19	0	0	1	19	94293095	94293113	NA	NA
1456605_1	chrE	-	19	0	0	1	19	4617	4635	NA	NA
1456606_1	chr22	-	19	0	0	1	19	32200839	32200857	NA	NA
1456607_1	chr8	-	19	0	0	1	19	28573101	28573119	NA	NA
# blasting completed