97573_1	chr2	-	21	0	0	1	21	230045521	230045501	NA	NA
97574_1	chr21	-	21	0	0	1	21	9827148	9827168	NA	NA
97575_1	chr12	-	21	0	0	1	21	34372661	34372641	NA	NA
97576_1	chr2	-	21	0	0	1	21	44549976	44549956	NA	NA
97577_1	chr17	-	21	0	0	1	21	78009512	78009532	NA	NA
97578_1	chrE	-	21	0	0	1	21	3646	3666	NA	NA
97579_1	chr5	-	21	0	0	1	21	14498661	14498681	NA	NA
97580_42	chr5	-	21	0	0	1	21	488385	488405	NA	NA
97581_1	chrX	-	21	0	0	1	21	152773894	152773914	NA	NA
97582_1	chr8	-	21	0	0	1	21	90769886	90769866	NA	NA
97583_1	chr11	-	21	0	0	1	21	7110839	7110859	NA	NA
97584_1	chrE	-	21	0	0	1	21	1627	1647	NA	NA
97585_1	chrE	-	21	0	0	1	21	6054	6074	NA	NA
97586_1	chr16	-	21	0	0	1	21	33963180	33963200	NA	NA
97587_1	chr17	-	21	0	0	1	21	66518954	66518974	NA	NA
97588_1	chr1	-	21	0	0	1	21	158986414	158986434	NA	NA
97589_1	chr9	-	21	0	0	1	21	136933667	136933687	NA	NA
97590_1	chrE	-	21	0	0	1	21	1761	1781	NA	NA
97591_1	chrE	-	21	0	0	1	21	4337	4357	NA	NA
97592_1	chr19	-	21	0	0	1	21	38939285	38939305	NA	NA
97593_1	chr16	-	21	0	0	1	21	79321270	79321290	NA	NA
97594_1	chrE	-	21	0	0	1	21	3288	3308	NA	NA
97595_1	chrE	-	21	0	0	1	21	647	667	NA	NA
97596_1	chrM	-	21	0	0	1	21	2413	2433	NA	NA
97597_1	chr11	-	21	0	0	1	21	77781042	77781022	NA	NA
97598_1	chr5	-	21	0	0	1	21	96342203	96342223	NA	NA
97599_1	chr12	-	21	0	0	1	21	127650656	127650636	NA	NA
97600_1	chr19	-	21	0	0	1	21	2132608	2132588	NA	NA
97601_1	chrE	-	21	0	0	1	21	2305	2325	NA	NA
97602_1	chr14	-	21	0	0	1	21	103058506	103058486	NA	NA
97603_1	chr6	-	21	0	0	1	21	26104222	26104242	NA	NA
97604_1	chr11	-	21	0	0	1	21	2531003	2530983	NA	NA
97605_1	chrE	-	21	0	0	1	21	2354	2374	NA	NA
97606_1	chrE	-	21	0	0	1	21	277	297	NA	NA
97607_1	chr6	-	21	0	0	1	21	76540132	76540152	NA	NA
97608_2	chr21	-	21	0	0	1	21	9827178	9827198	NA	NA
97609_1	chrE	-	21	0	0	1	21	1684	1704	NA	NA
97610_1	chr12	-	21	0	0	1	21	20704389	20704409	NA	NA
97611_1	chrE	-	21	0	0	1	21	5519	5539	NA	NA
97612_1	chr21	-	21	0	0	1	21	9827287	9827307	NA	NA
97613_1	chr2	-	21	0	0	1	21	96955601	96955581	NA	NA
97614_7	chrX	-	21	0	0	1	21	108297808	108297828	NA	NA
97615_2	chr16	-	21	0	0	1	21	47538728	47538748	NA	NA
97616_1	chrE	-	21	0	0	1	21	4155	4175	NA	NA
97617_1	chr14	-	21	0	0	1	21	105331893	105331873	NA	NA
97618_1	chr1	-	21	0	0	1	21	203463253	203463233	NA	NA
97619_1	chr19	-	21	0	0	1	21	39220884	39220904	NA	NA
97620_2	chr10	-	21	0	0	1	21	132588139	132588159	NA	NA
97621_1	chr19	-	21	0	0	1	21	54632647	54632667	NA	NA
97622_1	chr19	-	21	0	0	1	21	4961552	4961572	NA	NA
97623_1	chrE	-	21	0	0	1	21	6554	6574	NA	NA
97624_3	chr12	-	21	0	0	1	21	6875676	6875696	NA	NA
97625_1	chrE	-	21	0	0	1	21	6046	6066	NA	NA
97626_1	chr12	-	21	0	0	1	21	127650517	127650497	NA	NA
97627_1	chrE	-	21	0	0	1	21	4206	4226	NA	NA
97628_1	chr10	-	21	0	0	1	21	94353129	94353149	NA	NA
97629_1	chr14	-	21	0	0	1	21	55765687	55765707	NA	NA
97630_1	chrE	-	21	0	0	1	21	6142	6162	NA	NA
97631_1	chrE	-	21	0	0	1	21	5376	5396	NA	NA
97632_1	chr1	-	21	0	0	1	21	43424206	43424186	NA	NA
97633_1	chr8	-	21	0	0	1	21	97342455	97342475	NA	NA
97634_1	chrE	-	21	0	0	1	21	2283	2303	NA	NA
97635_1	chr7	-	21	0	0	1	21	36489362	36489382	NA	NA
97636_1	chr12	-	21	0	0	1	21	133349773	133349753	NA	NA
97637_1	chr12	-	21	0	0	1	21	34372649	34372629	NA	NA
97638_1	chr19	-	21	0	0	1	21	50180550	50180570	NA	NA
97639_1	chr1	-	21	0	0	1	21	89236103	89236123	NA	NA
97640_1	chrE	-	21	0	0	1	21	6587	6607	NA	NA
97641_1	chr2	-	21	0	0	1	21	71565817	71565797	NA	NA
97642_1	chr6	-	21	0	0	1	21	31804897	31804917	NA	NA
97643_1	chrE	-	21	0	0	1	21	918	938	NA	NA
97644_2	chr11	-	21	0	0	1	21	75946930	75946910	NA	NA
97645_1	chrE	-	21	0	0	1	21	3685	3705	NA	NA
97646_1	chrE	-	21	0	0	1	21	6663	6683	NA	NA
97647_1	chrY	-	21	0	0	1	21	10037769	10037789	NA	NA
97648_1	chrE	-	21	0	0	1	21	6030	6050	NA	NA
97649_2	chr6	-	21	0	0	1	21	137143974	137143954	NA	NA
97650_1	chr10	-	21	0	0	1	21	121356512	121356532	NA	NA
97651_1	chr1	-	21	0	0	1	21	45196760	45196740	NA	NA
97652_1	chrE	-	21	0	0	1	21	2042	2062	NA	NA
97653_1	chr18	-	21	0	0	1	21	35065630	35065610	NA	NA
97654_3	chr17	-	21	0	0	1	21	1928714	1928734	NA	NA
97655_1	chr1	-	21	0	0	1	21	91853001	91852981	NA	NA
97656_3	chr3	-	21	0	0	1	21	9974569	9974589	NA	NA
97657_1	chr14	-	21	0	0	1	21	105243100	105243080	NA	NA
97658_1	chr22	-	21	0	0	1	21	36922171	36922151	NA	NA
97659_3	chr20	-	21	0	0	1	21	62421652	62421672	NA	NA
97660_1	chr16	-	21	0	0	1	21	66461592	66461612	NA	NA
97661_1	chrE	-	21	0	0	1	21	1763	1783	NA	NA
97662_1	chr9	-	21	0	0	1	21	79186844	79186864	NA	NA
97663_1	chrE	-	21	0	0	1	21	5620	5640	NA	NA
97664_2	chr17	-	21	0	0	1	21	33478294	33478274	NA	NA
97665_1	chr7	-	21	0	0	1	21	43679262	43679242	NA	NA
97666_2	chr2	-	21	0	0	1	21	71565816	71565796	NA	NA
97667_1	chr19	-	21	0	0	1	21	17417040	17417060	NA	NA
97668_1	chr19	-	21	0	0	1	21	2702827	2702807	NA	NA
97669_1	chrE	-	21	0	0	1	21	6510	6530	NA	NA
97670_1	chr12	-	21	0	0	1	21	127650916	127650896	NA	NA
97671_1	chrE	-	21	0	0	1	21	2656	2676	NA	NA
97672_4	chr5	-	21	0	0	1	21	488386	488406	NA	NA
97673_1	chr10	-	21	0	0	1	21	6245406	6245426	NA	NA
97674_1	chrE	-	21	0	0	1	21	4829	4849	NA	NA
97675_1	chr16	-	21	0	0	1	21	88717409	88717389	NA	NA
97676_1	chr6	-	21	0	0	1	21	157527894	157527914	NA	NA
97677_1	chr19	-	21	0	0	1	21	19030618	19030638	NA	NA
97678_1	chr21	-	21	0	0	1	21	9827204	9827224	NA	NA
97679_1	chr1	-	21	0	0	1	21	154574707	154574687	NA	NA
97680_1	chr17	-	21	0	0	1	21	33478295	33478275	NA	NA
97681_1	chr22	-	21	0	0	1	21	19159278	19159298	NA	NA
97682_1	chr12	-	21	0	0	1	21	132232091	132232071	NA	NA
97683_1	chrY	-	21	0	0	1	21	10036456	10036476	NA	NA
97684_1	chr11	-	21	0	0	1	21	17720978	17720958	NA	NA
97685_1	chr1	-	21	0	0	1	21	45805922	45805942	NA	NA
97686_2	chr5	-	21	0	0	1	21	488384	488404	NA	NA
97687_7	chr19	-	21	0	0	1	21	44096780	44096760	NA	NA
97688_3	chrX	-	21	0	0	1	21	108297809	108297829	NA	NA
97689_1	chr1	-	21	0	0	1	21	200708395	200708415	NA	NA
97690_1	chr6	-	21	0	0	1	21	27778231	27778251	NA	NA
97691_1	chr21	-	21	0	0	1	21	9827447	9827467	NA	NA
97692_1	chrE	-	21	0	0	1	21	728	748	NA	NA
97693_1	chr12	-	21	0	0	1	21	32120539	32120519	NA	NA
97694_1	chr16	-	21	0	0	1	21	33963231	33963251	NA	NA
97695_1	chr12	-	21	0	0	1	21	63244560	63244540	NA	NA
97696_1	chr3	-	21	0	0	1	21	183896658	183896678	NA	NA
97697_1	chr11	-	21	0	0	1	21	131539122	131539142	NA	NA
97698_1	chrX	-	21	0	0	1	21	108297806	108297826	NA	NA
97699_1	chr2	-	21	0	0	1	21	175979583	175979563	NA	NA
97700_6	chr13	-	21	0	0	1	21	112758182	112758162	NA	NA
97701_1	chr19	-	21	0	0	1	21	4910183	4910163	NA	NA
97702_1	chr5	-	21	0	0	1	21	71146746	71146766	NA	NA
97703_1	chr5	-	21	0	0	1	21	50081215	50081235	NA	NA
97704_1	chrE	-	21	0	0	1	21	2784	2804	NA	NA
97705_1	chr1	-	21	0	0	1	21	3121889	3121869	NA	NA
97706_1	chr21	-	21	0	0	1	21	9827298	9827318	NA	NA
97707_1	chrE	-	21	0	0	1	21	768	788	NA	NA
97708_1	chr9	-	21	0	0	1	21	79186676	79186696	NA	NA
97709_1	chr17	-	21	0	0	1	21	77030558	77030578	NA	NA
97710_1	chr8	-	21	0	0	1	21	103848505	103848485	NA	NA
97711_1	chr7	-	21	0	0	1	21	80548187	80548167	NA	NA
97712_2	chrE	-	21	0	0	1	21	794	814	NA	NA
97713_1	chrY	-	21	0	0	1	21	10035914	10035934	NA	NA
97714_1	chr2	-	21	0	0	1	21	55201891	55201871	NA	NA
97715_1	chr20	-	21	0	0	1	21	48808611	48808631	NA	NA
97716_1	chr12	-	21	0	0	1	21	20704388	20704408	NA	NA
97717_1	chr17	-	21	0	0	1	21	33478332	33478312	NA	NA
97718_1	chr17	-	21	0	0	1	21	2296344	2296364	NA	NA
97719_1	chr17	-	21	0	0	1	21	78013906	78013926	NA	NA
97720_1	chr1	-	21	0	0	1	21	226728876	226728896	NA	NA
97721_1	chr19	-	21	0	0	1	21	13049481	13049501	NA	NA
97722_1	chrE	-	21	0	0	1	21	2186	2206	NA	NA
97723_1	chr8	-	21	0	0	1	21	146016772	146016752	NA	NA
97724_1	chr17	-	21	0	0	1	21	33478267	33478247	NA	NA
97725_1	chr11	-	21	0	0	1	21	63953681	63953701	NA	NA
97726_2	chr2	-	21	0	0	1	21	71565820	71565800	NA	NA
97727_1	chr11	-	21	0	0	1	21	96559934	96559914	NA	NA
97728_1	chr17	-	21	0	0	1	21	57760771	57760791	NA	NA
97729_1	chr6	-	21	0	0	1	21	34664428	34664448	NA	NA
97730_1	chrE	-	21	0	0	1	21	3866	3886	NA	NA
97731_1	chr1	-	21	0	0	1	21	46654452	46654432	NA	NA
97732_10	chr21	-	21	0	0	1	21	9827210	9827230	NA	NA
97733_1	chr1	-	21	0	0	1	21	28330873	28330853	NA	NA
97734_1	chrE	-	21	0	0	1	21	844	864	NA	NA
97735_1	chrE	-	21	0	0	1	21	2475	2495	NA	NA
97736_1	chr3	-	21	0	0	1	21	111710714	111710694	NA	NA
97737_2	chr1	-	21	0	0	1	21	91852839	91852819	NA	NA
97738_1	chrE	-	21	0	0	1	21	2467	2487	NA	NA
97739_1	chrX	-	21	0	0	1	21	67719045	67719025	NA	NA
97740_1	chr21	-	21	0	0	1	21	9827380	9827400	NA	NA
97741_1	chr21	-	21	0	0	1	21	9827163	9827183	NA	NA
97742_1	chr2	-	21	0	0	1	21	230045584	230045564	NA	NA
97743_1	chr19	-	21	0	0	1	21	1625420	1625440	NA	NA
97744_1	chr19	-	21	0	0	1	21	13068009	13067989	NA	NA
97745_1	chr2	-	21	0	0	1	21	71565821	71565801	NA	NA
97746_1	chr13	-	21	0	0	1	21	100078992	100078972	NA	NA
97747_1	chr10	-	21	0	0	1	21	120802026	120802006	NA	NA
97748_1	chr7	-	21	0	0	1	21	94285865	94285885	NA	NA
97749_1	chr8	-	21	0	0	1	21	21455985	21456005	NA	NA
97750_1	chrE	-	21	0	0	1	21	2719	2739	NA	NA
97751_1	chr5	-	21	0	0	1	21	151125985	151125965	NA	NA
97752_1	chr16	-	21	0	0	1	21	68263564	68263544	NA	NA
97753_1	chrE	-	21	0	0	1	21	4162	4182	NA	NA
97754_1	chrE	-	21	0	0	1	21	2982	3002	NA	NA
97755_1	chr9	-	21	0	0	1	21	136293912	136293892	NA	NA
97756_1	chr8	-	21	0	0	1	21	21455984	21456004	NA	NA
97757_1	chr16	-	21	0	0	1	21	69791864	69791844	NA	NA
97758_1	chrE	-	21	0	0	1	21	5010	5030	NA	NA
97759_1	chr10	-	21	0	0	1	21	101945727	101945707	NA	NA
97760_1	chrE	-	21	0	0	1	21	7293	7313	NA	NA
97761_1	chr21	-	21	0	0	1	21	44520617	44520597	NA	NA
97762_1	chr1	-	21	0	0	1	21	91852987	91852967	NA	NA
97763_1	chr9	-	21	0	0	1	21	89561405	89561385	NA	NA
97764_1	chrE	-	21	0	0	1	21	3350	3370	NA	NA
97765_1	chrE	-	21	0	0	1	21	2649	2669	NA	NA
97766_1	chr15	-	21	0	0	1	21	65597109	65597129	NA	NA
97767_1	chr8	-	21	0	0	1	21	42038159	42038139	NA	NA
97768_1	chr6	-	21	0	0	1	21	168044141	168044121	NA	NA
97769_2	chrE	-	21	0	0	1	21	4507	4527	NA	NA
97770_1	chr17	-	21	0	0	1	21	66016074	66016054	NA	NA
97771_1	chr20	-	21	0	0	1	21	45338338	45338318	NA	NA
97772_1	chr1	-	21	0	0	1	21	39463952	39463972	NA	NA
97773_1	chr8	-	21	0	0	1	21	42132295	42132315	NA	NA
97774_1	chr12	-	21	0	0	1	21	63132760	63132780	NA	NA
97775_1	chr2	-	21	0	0	1	21	189872817	189872837	NA	NA
97776_1	chr7	-	21	0	0	1	21	115069066	115069086	NA	NA
97777_1	chr2	-	21	0	0	1	21	133039083	133039063	NA	NA
97778_1	chrX	-	21	0	0	1	21	122318634	122318654	NA	NA
97779_1	chr16	-	21	0	0	1	21	84651464	84651444	NA	NA
97780_5	chr13	-	21	0	0	1	21	112758181	112758161	NA	NA
97781_1	chr15	-	21	0	0	1	21	57178127	57178147	NA	NA
97782_1	chrE	-	21	0	0	1	21	2981	3001	NA	NA
97783_1	chrE	-	21	0	0	1	21	3115	3135	NA	NA
97784_1	chr22	-	21	0	0	1	21	40760960	40760980	NA	NA
97785_1	chr12	-	21	0	0	1	21	132906331	132906351	NA	NA
97786_19	chr12	-	21	0	0	1	21	33049884	33049904	NA	NA
97787_4	chr2	-	21	0	0	1	21	71565815	71565795	NA	NA
97788_1	chr4	-	21	0	0	1	21	191043014	191042994	NA	NA
97789_1	chr9	-	21	0	0	1	21	79186854	79186874	NA	NA
97790_1	chr12	-	21	0	0	1	21	102091947	102091967	NA	NA
97791_1	chrE	-	21	0	0	1	21	6513	6533	NA	NA
97792_10	chr21	-	21	0	0	1	21	9827209	9827229	NA	NA
97793_1	chr4	-	21	0	0	1	21	6865689	6865709	NA	NA
97794_2	chr21	-	21	0	0	1	21	45553059	45553039	NA	NA
97795_1	chr10	-	21	0	0	1	21	25241658	25241638	NA	NA
97796_1	chr10	-	21	0	0	1	21	88076857	88076877	NA	NA
97797_1	chrE	-	21	0	0	1	21	5706	5726	NA	NA
97798_1	chr4	-	21	0	0	1	21	17825367	17825387	NA	NA
97799_1	chr1	-	21	0	0	1	21	200818458	200818478	NA	NA
97800_1	chr9	-	21	0	0	1	21	115200785	115200805	NA	NA
97801_2	chr12	-	21	0	0	1	21	127650518	127650498	NA	NA
# blasting completed