97443_1	chr2	-	20	0	0	1	20	59224736	59224717	NA	NA
97444_1	chr19	-	20	0	0	1	20	3985407	3985388	NA	NA
97445_1	chr2	-	20	0	0	1	20	183800040	183800021	NA	NA
97446_1	chrE	-	20	0	0	1	20	3821	3840	NA	NA
97447_1	chr7	-	20	0	0	1	20	26232144	26232125	NA	NA
97448_1	chr1	-	20	0	0	1	20	220152884	220152865	NA	NA
97449_5	chr5	-	20	0	0	1	20	488387	488406	NA	NA
97450_1	chr19	-	20	0	0	1	20	45981944	45981925	NA	NA
97451_1	chr16	-	20	0	0	1	20	47538730	47538749	NA	NA
97452_4	chrX	-	20	0	0	1	20	108297809	108297828	NA	NA
97453_1	chr6	-	20	0	0	1	20	151672024	151672043	NA	NA
97454_1	chrE	-	20	0	0	1	20	760	779	NA	NA
97455_1	chr2	-	20	0	0	1	20	203157544	203157563	NA	NA
97456_1	chrE	-	20	0	0	1	20	2752	2771	NA	NA
97457_1	chr8	-	20	0	0	1	20	117878965	117878946	NA	NA
97458_1	chr17	-	20	0	0	1	20	17776806	17776787	NA	NA
97459_1	chr16	-	20	0	0	1	20	33965454	33965473	NA	NA
97460_1	chr7	-	20	0	0	1	20	27135393	27135374	NA	NA
97461_1	chr11	-	20	0	0	1	20	134010575	134010594	NA	NA
97462_1	chr12	-	20	0	0	1	20	127650633	127650614	NA	NA
97463_1	chrE	-	20	0	0	1	20	4645	4664	NA	NA
97464_1	chr15	-	20	0	0	1	20	75189945	75189964	NA	NA
97465_1	chrE	-	20	0	0	1	20	648	667	NA	NA
97466_3	chr1	-	20	0	0	1	20	39325456	39325437	NA	NA
97467_1	chr21	-	20	0	0	1	20	47086082	47086101	NA	NA
97468_1	chr16	-	20	0	0	1	20	33963347	33963366	NA	NA
97469_1	chr12	-	20	0	0	1	20	6875676	6875695	NA	NA
97470_1	chr12	-	20	0	0	1	20	127650916	127650897	NA	NA
97471_1	chr9	-	20	0	0	1	20	79186851	79186870	NA	NA
97472_1	chr7	-	20	0	0	1	20	32535286	32535305	NA	NA
97473_1	chr2	-	20	0	0	1	20	22960022	22960041	NA	NA
97474_7	chr21	-	20	0	0	1	20	9827210	9827229	NA	NA
97475_1	chr17	-	20	0	0	1	20	66520191	66520210	NA	NA
97476_1	chr22	-	20	0	0	1	20	38074642	38074661	NA	NA
97477_1	chr22	-	20	0	0	1	20	30738832	30738813	NA	NA
97478_1	chr6	-	20	0	0	1	20	24701771	24701790	NA	NA
97479_1	chr14	-	20	0	0	1	20	105267391	105267410	NA	NA
97480_30	chr12	-	20	0	0	1	20	33049885	33049904	NA	NA
97481_1	chr16	-	20	0	0	1	20	33963344	33963363	NA	NA
97482_1	chr16	-	20	0	0	1	20	33963349	33963368	NA	NA
97483_1	chr2	-	20	0	0	1	20	71565815	71565796	NA	NA
97484_1	chr15	-	20	0	0	1	20	67056743	67056762	NA	NA
97485_1	chr9	-	20	0	0	1	20	133962952	133962933	NA	NA
97486_1	chr14	-	20	0	0	1	20	76621035	76621054	NA	NA
97487_2	chr16	-	20	0	0	1	20	47538728	47538747	NA	NA
97488_1	chrE	-	20	0	0	1	20	5661	5680	NA	NA
97489_2	chr13	-	20	0	0	1	20	112758181	112758162	NA	NA
97490_1	chr21	-	20	0	0	1	20	9827205	9827224	NA	NA
97491_1	chr2	-	20	0	0	1	20	133012686	133012667	NA	NA
97492_1	chr17	-	20	0	0	1	20	33478294	33478275	NA	NA
97493_1	chrE	-	20	0	0	1	20	2980	2999	NA	NA
97494_1	chrE	-	20	0	0	1	20	1689	1708	NA	NA
97495_1	chr10	-	20	0	0	1	20	128593722	128593741	NA	NA
97496_1	chr12	-	20	0	0	1	20	74853180	74853161	NA	NA
97497_1	chr2	-	20	0	0	1	20	133012766	133012747	NA	NA
97498_1	chr19	-	20	0	0	1	20	54693421	54693402	NA	NA
97499_2	chr11	-	20	0	0	1	20	99779965	99779984	NA	NA
97500_1	chrE	-	20	0	0	1	20	4413	4432	NA	NA
97501_1	chr10	-	20	0	0	1	20	79296783	79296802	NA	NA
97502_1	chr2	-	20	0	0	1	20	220174084	220174065	NA	NA
97503_1	chr16	-	20	0	0	1	20	47538729	47538748	NA	NA
97504_1	chrE	-	20	0	0	1	20	5289	5308	NA	NA
97505_1	chr10	-	20	0	0	1	20	106461316	106461297	NA	NA
97506_1	chr6	-	20	0	0	1	20	33256838	33256819	NA	NA
97507_1	chr12	-	20	0	0	1	20	127650915	127650896	NA	NA
97508_1	chr15	-	20	0	0	1	20	98508847	98508866	NA	NA
97509_1	chrE	-	20	0	0	1	20	2657	2676	NA	NA
97510_1	chrE	-	20	0	0	1	20	6331	6350	NA	NA
97511_1	chr12	-	20	0	0	1	20	7077137	7077118	NA	NA
97512_1	chr21	-	20	0	0	1	20	9827292	9827311	NA	NA
97513_1	chr6	-	20	0	0	1	20	26217208	26217227	NA	NA
97514_1	chrE	-	20	0	0	1	20	7156	7175	NA	NA
97515_1	chrE	-	20	0	0	1	20	6762	6781	NA	NA
97516_1	chr17	-	20	0	0	1	20	71308427	71308446	NA	NA
97517_1	chr19	-	20	0	0	1	20	38572899	38572918	NA	NA
97518_2	chr2	-	20	0	0	1	20	71565818	71565799	NA	NA
97519_1	chr17	-	20	0	0	1	20	33478293	33478274	NA	NA
97520_1	chr15	-	20	0	0	1	20	40502316	40502335	NA	NA
97521_1	chrE	-	20	0	0	1	20	905	924	NA	NA
97522_1	chr2	-	20	0	0	1	20	189839196	189839215	NA	NA
97523_2	chr2	-	20	0	0	1	20	133012860	133012841	NA	NA
97524_1	chr2	-	20	0	0	1	20	71565814	71565795	NA	NA
97525_1	chr22	-	20	0	0	1	20	43011326	43011345	NA	NA
97526_1	chr16	-	20	0	0	1	20	47538731	47538750	NA	NA
97527_1	chrE	-	20	0	0	1	20	2853	2872	NA	NA
97528_2	chr17	-	20	0	0	1	20	33478267	33478248	NA	NA
97529_1	chr1	-	20	0	0	1	20	51624013	51623994	NA	NA
97530_1	chrE	-	20	0	0	1	20	1671	1690	NA	NA
97531_1	chr6	-	20	0	0	1	20	122766234	122766215	NA	NA
97532_2	chrX	-	20	0	0	1	20	108297808	108297827	NA	NA
97533_1	chr6	-	20	0	0	1	20	26216723	26216704	NA	NA
97534_1	chrE	-	20	0	0	1	20	7002	7021	NA	NA
97535_1	chr7	-	20	0	0	1	20	12727280	12727299	NA	NA
97536_3	chr1	-	20	0	0	1	20	91852839	91852820	NA	NA
97537_1	chr14	-	20	0	0	1	20	105821583	105821564	NA	NA
97538_1	chr19	-	20	0	0	1	20	1625420	1625439	NA	NA
97539_1	chr5	-	20	0	0	1	20	80256485	80256466	NA	NA
97540_1	chrE	-	20	0	0	1	20	630	649	NA	NA
97541_1	chrE	-	20	0	0	1	20	1027	1046	NA	NA
97542_1	chr9	-	20	0	0	1	20	129623231	129623250	NA	NA
97543_1	chr18	-	20	0	0	1	20	47902199	47902218	NA	NA
97544_1	chr12	-	20	0	0	1	20	20704448	20704467	NA	NA
97545_1	chr2	-	20	0	0	1	20	230045583	230045564	NA	NA
97546_1	chrE	-	20	0	0	1	20	3291	3310	NA	NA
97547_1	chr2	-	20	0	0	1	20	189866145	189866164	NA	NA
97548_1	chr1	-	20	0	0	1	20	245318213	245318194	NA	NA
97549_1	chr2	-	20	0	0	1	20	86302222	86302203	NA	NA
97550_1	chr10	-	20	0	0	1	20	90774001	90774020	NA	NA
97551_1	chr11	-	20	0	0	1	20	22871487	22871468	NA	NA
97552_6	chrE	-	20	0	0	1	20	4507	4526	NA	NA
97553_1	chrE	-	20	0	0	1	20	1527	1546	NA	NA
97554_1	chrE	-	20	0	0	1	20	4462	4481	NA	NA
97555_1	chrE	-	20	0	0	1	20	5421	5440	NA	NA
97556_1	chrE	-	20	0	0	1	20	1661	1680	NA	NA
97557_1	chr20	-	20	0	0	1	20	62526870	62526851	NA	NA
97558_1	chr14	-	20	0	0	1	20	71570364	71570383	NA	NA
97559_1	chr18	-	20	0	0	1	20	35065629	35065610	NA	NA
97560_1	chrX	-	20	0	0	1	20	108297810	108297829	NA	NA
97561_1	chr5	-	20	0	0	1	20	140699819	140699800	NA	NA
97562_1	chr17	-	20	0	0	1	20	26794974	26794993	NA	NA
97563_1	chr16	-	20	0	0	1	20	88698130	88698149	NA	NA
97564_1	chrE	-	20	0	0	1	20	4350	4369	NA	NA
97565_1	chr12	-	20	0	0	1	20	20704454	20704473	NA	NA
97566_1	chrE	-	20	0	0	1	20	864	883	NA	NA
97567_1	chr12	-	20	0	0	1	20	127650518	127650499	NA	NA
97568_1	chr17	-	20	0	0	1	20	33478163	33478144	NA	NA
97569_1	chrE	-	20	0	0	1	20	893	912	NA	NA
97570_1	chr19	-	20	0	0	1	20	14628774	14628793	NA	NA
97571_2	chr11	-	20	0	0	1	20	78369102	78369121	NA	NA
97572_1	chr12	-	20	0	0	1	20	46120770	46120751	NA	NA
# blasting completed