1456608_2	chr1	-	18	0	0	1	18	91852839	91852822	NA	NA
1456609_1	chr16	-	18	0	0	1	18	33963348	33963365	NA	NA
1456610_1	chr2	-	18	0	0	1	18	232029929	232029946	NA	NA
1456611_1	chr3	-	18	0	0	1	18	183896681	183896698	NA	NA
1456612_1	chr1	-	18	0	0	1	18	45980291	45980274	NA	NA
1456613_1	chr3	-	18	0	0	1	18	47125152	47125169	NA	NA
1456614_1	chr5	-	18	0	0	1	18	58861137	58861154	NA	NA
1456615_1	chr9	-	18	0	0	1	18	79186854	79186871	NA	NA
1456616_1	chr10	-	18	0	0	1	18	94822645	94822662	NA	NA
1456617_1	chrE	-	18	0	0	1	18	2699	2716	NA	NA
1456618_5	chrE	-	18	0	0	1	18	4507	4524	NA	NA
1456619_1	chr3	-	18	0	0	1	18	75721591	75721608	NA	NA
1456620_5	chr9	-	18	0	0	1	18	79186700	79186717	NA	NA
1456621_5	chr21	-	18	0	0	1	18	42540714	42540697	NA	NA
1456622_1	chr1	-	18	0	0	1	18	875666	875683	NA	NA
1456623_1	chr22	-	18	0	0	1	18	22306850	22306867	NA	NA
1456624_1	chr6	-	18	0	0	1	18	27778219	27778236	NA	NA
1456625_1	chr12	-	18	0	0	1	18	127650517	127650500	NA	NA
1456626_1	chrE	-	18	0	0	1	18	5031	5048	NA	NA
1456627_1	chrE	-	18	0	0	1	18	5289	5306	NA	NA
1456628_1	chr21	-	18	0	0	1	18	32283693	32283676	NA	NA
1456629_1	chr9	-	18	0	0	1	18	79186853	79186870	NA	NA
1456630_1	chr17	-	18	0	0	1	18	33478256	33478239	NA	NA
1456631_1	chrX	-	18	0	0	1	18	108297812	108297829	NA	NA
1456632_1	chr15	-	18	0	0	1	18	72668263	72668246	NA	NA
1456633_1	chr22	-	18	0	0	1	18	33197770	33197787	NA	NA
1456634_1	chr1	-	18	0	0	1	18	200998169	200998186	NA	NA
1456635_1	chrX	-	18	0	0	1	18	108297810	108297827	NA	NA
1456636_1	chrX	-	18	0	0	1	18	47828760	47828777	NA	NA
1456637_1	chr13	-	18	0	0	1	18	100649595	100649612	NA	NA
1456638_1	chr21	-	18	0	0	1	18	9827334	9827351	NA	NA
1456639_1	chr3	-	18	0	0	1	18	32676761	32676744	NA	NA
1456640_1	chr2	-	18	0	0	1	18	180202930	180202947	NA	NA
1456641_1	chr11	-	18	0	0	1	18	2023268	2023285	NA	NA
1456642_1	chrE	-	18	0	0	1	18	762	779	NA	NA
1456643_1	chrE	-	18	0	0	1	18	7085	7102	NA	NA
1456644_1	chrE	-	18	0	0	1	18	3789	3806	NA	NA
1456645_1	chr2	-	18	0	0	1	18	174913244	174913227	NA	NA
1456646_1	chr11	-	18	0	0	1	18	112425717	112425700	NA	NA
1456647_2	chr17	-	18	0	0	1	18	2296347	2296364	NA	NA
1456648_1	chrE	-	18	0	0	1	18	5728	5745	NA	NA
1456649_1	chr10	-	18	0	0	1	18	132588140	132588157	NA	NA
1456650_1	chr2	-	18	0	0	1	18	137523264	137523247	NA	NA
1456651_1	chrE	-	18	0	0	1	18	5693	5710	NA	NA
# blasting completed